10000
16954
11622
-2736
-27979
30859
-13416
9057
3111
-15865
3232
-26974
-26709
-15922
24607
-69
-13160
12390
-24731
-28793
-18905
28106
-4590
-17825
-17795
6167
-9364
15655
8229
-20488
24625
1210
-26084
31712
-7690
2253
-30662
-7649
21383
-21270
24120
-15062
11447
30992
11145
-20618
-14028
6777
28268
23631
6810
-28628
13434
-29048
26396
-26855
7342
24543
-27632
23358
31208
-27232
9174
16551
-1386
3419
12085
1461
-8542
-21814
24214
-26685
11085
17625
-19750
26076
-24233
-19505
-2873
-14959
-18245
20141
-22722
-28313
-17368
14788
28635
30272
6270
11117
-24387
24336
-4406
-10405
29915
3831
13413
-25581
-14376
-4775
-1361
5065
29909
-31767
22183
22851
-21806
-20738
11510
-13925
-3238
-2407
12594
5315
-4689
-7688
13106
23534
27498
-9963
-15410
-6146
-1487
2524
-12625
-12313
-8832
-14568
1556
11477
20516
-227
32481
-3803
-30084
26595
-901
13650
27662
7107
431
-21609
10835
28834
-24435
-31694
32393
28513
-32200
-11575
22794
29736
19210
733
9939
23777
-25976
-26107
15366
-18364
19895
-21844
-20072
-25002
-10573
-15275
-32740
17633
5415
-22088
-30982
26462
-2068
11130
4993
-6494
-17736
-4367
5289
5093
-24282
-17118
30714
-5943
18502
-2366
18831
6498
30956
-28556
4268
1202
7822
2729
-18997
1594
24534
20345
-29492
27730
-11982
-31077
-9046
-5396
11110
-217
-14191
-27869
-5618
-8647
3058
-31954
20905
-29219
-18298
-2393
-30503
2149
13636
16540
30443
12810
12210
30986
19418
14868
-6857
32725
-15802
16261
28340
-30581
13240
-7143
21055
-17955
-5860
22983
17757
5215
-17583
-15157
-23458
23403
-4467
20550
1738
-973
23275
7571
28976
-5073
-10935
21175
-26712
28164
26842
4309
-22374
-8122
7739
16655
20900
-16266
18215
-31504
-11520
-23501
13774
-31619
-11403
31010
1217
10906
-15099
8429
-6522
12936
-13610
-32723
-14037
9735
-17557
-5184
8079
14035
18910
-27873
18638
31788
-22347
30506
-7321
18776
-15173
24017
-19547
-5151
6873
30545
-13156
-27469
-7226
17512
18792
-32052
-8509
-32409
9470
11816
4571
-13995
3618
16129
14003
-809
8372
924
-9093
-16096
32502
10586
12728
-22372
5138
3487
-2773
11146
26258
9300
-17162
31215
31462
-28262
-937
-24432
-17890
17830
26032
12093
6246
7196
8598
9235
17857
3784
25036
-14692
7764
-1164
27969
-24211
1438
-15854
-20904
8168
804
-24471
16886
30990
-10480
-3284
1256
-14229
-2573
4632
-29563
28017
-16652
-8056
1905
29561
1666
4909
-31187
31721
-22408
21526
29034
-13537
11322
15411
-16709
-31460
15928
4908
-14134
-7002
24360
6344
-31316
-9998
-24370
-8054
31098
-21680
-898
-14023
27079
29524
3273
-26098
-21789
-27889
-19901
30287
14498
-22755
-20885
-19932
-13122
-7786
4750
22971
-17450
-10025
16488
-2226
-6478
-8616
5866
21929
28132
-21458
17498
-25136
30951
32119
24581
-8439
-27542
-19147
28861
-4180
-32754
-22246
854
1216
-5955
-15938
-20776
-858
26772
16704
30352
11363
16178
30371
14703
-13760
-18737
-3602
-24489
30075
-30183
-8859
5544
-31810
-25711
7467
-25815
-16359
25127
-10007
14887
-21982
31026
11414
31885
-15810
-3831
28484
13185
-15313
-4768
10401
-15745
-17259
-15260
15504
-5772
29079
-22558
31705
-11944
-6013
11164
30375
-20572
21741
23888
24331
5943
-17111
-30394
-31607
-30279
11729
-29212
10563
-20130
24724
-22781
28459
5601
32383
29351
-8143
-3232
-28179
681
-3122
1279
-21365
-5973
17980
-14628
-6896
26691
29496
12727
-4976
-17612
-11863
-15461
-6407
4752
31531
-29277
20332
-23537
18476
-20182
-27767
-28309
310
-21895
4774
-2536
12809
-18733
-7575
-14536
-29193
-12956
-6167
-2171
29791
7954
-17692
-31629
14072
-7947
15394
-13903
-22945
29112
-24296
6515
15274
12783
26607
-17553
4712
8362
-2303
-10406
4019
-32646
6563
10896
-6248
-31556
21928
-21907
-2792
9804
-11170
7639
5528
805
7015
13031
-7519
-7934
9362
-25139
-13355
15401
17666
-2447
-8045
3226
-1880
6579
-28312
31853
8572
-10425
8613
3165
-8984
-5282
-24466
-15437
-13340
13777
15582
1475
25400
8590
-4623
26216
-1125
-31877
25133
31370
8029
23876
-20804
10138
28190
16064
10982
22190
27499
-721
-30886
16128
-29003
-1201
-10398
-16493
-26504
-15233
-17386
19959
561
27844
13611
-4121
-28386
7941
-10268
22869
31655
-17057
-22766
-3522
4801
-30251
-9035
17277
27717
-11093
-18282
-1384
1491
26531
29100
-32717
-477
25333
26674
-10860
-10928
-16256
18729
19883
24845
-9483
17283
8466
-12728
-26495
-13175
-5005
15355
8554
4353
-11754
10273
-24189
28253
-1375
11771
22030
1680
15873
11102
13719
-23519
-7502
-19106
-31541
-26198
11428
-14629
-24618
-21059
-27591
-28102
-21339
-20152
-4959
-32618
-979
27660
26487
2939
31550
2650
-6656
-11364
18543
22528
-15692
-22
14811
-24610
-18068
16007
-10267
-10533
8306
24621
20590
-25396
19815
21639
-16180
-9919
-6742
-18581
19060
-17143
24840
-32091
7255
-7251
-23206
11873
-19883
6925
-578
2102
-4193
-10662
-1870
12009
-27151
17246
20515
-21646
32367
-4797
-3195
24511
-27102
8205
-22519
8728
11230
-4061
27802
7866
-8597
-29056
25933
24777
4171
-7564
-4185
-25070
-16368
9307
20976
-214
9619
-19597
5796
1969
-7660
8580
21998
-17076
-14292
-4583
-9384
-9879
-3783
7712
22419
1815
-13673
5854
13779
-23925
-12286
-27539
15214
-7926
-32496
2295
-27600
-9057
-14669
-18307
13386
-7044
14150
-27127
24206
-6063
19633
-11221
-4917
-7735
5000
-24547
-27705
20981
18024
7853
6012
10437
11028
1281
2367
-12807
3311
-625
16043
-27937
-18309
-4172
12282
24834
-26054
5264
-7553
13497
27427
-4685
11300
-11679
21392
-824
-15450
4301
30194
9839
-16153
-22530
8949
-8944
27744
7199
25478
-14880
2479
4009
18265
2629
-16522
-2378
17252
-24843
1274
7760
8290
-7683
-3084
-19756
31057
9504
-21071
-14324
-18933
24888
-12890
28386
-3411
-22153
2884
-19156
27702
-17713
-30506
-22474
31661
23477
4525
20330
-2955
-31099
-20081
9087
-1254
335
24480
-6262
-22681
-15330
-11365
28640
-32194
19015
-22385
8946
68
-10356
21881
11528
8006
16327
-5045
26142
31666
-2430
11874
-27989
22199
-16702
14146
-9076
24648
10125
-3095
13669
5530
21592
-15660
14004
-12202
6509
972
19475
8629
-29954
-18632
-26073
10174
-5165
-15093
2686
-25867
25961
30124
12576
4776
15128
14153
-11265
-15843
32251
-10156
-8967
-5838
28603
11963
-20161
32100
-23262
8266
1749
8677
-22401
20743
-20074
-22673
29590
14311
12706
-8097
14353
-1668
-22499
-3689
-29466
12889
25917
-30494
8973
14961
25901
-20525
9569
-16479
27974
11165
-32065
18842
-24501
-13815
-15481
32603
137
11461
-11553
-26677
-25882
-4190
-20272
-1554
-25098
24666
-12557
-13019
-31533
13133
-7171
-21295
-4896
8633
5538
-2579
24069
-16836
11835
-31597
14334
-12727
24421
-7818
-2997
-12928
31354
-8345
-18647
21040
-10011
22317
-27284
9853
-29096
-17087
3617
-5952
-27081
-8490
-6455
14584
-20712
4141
28818
-22708
16365
-15986
20335
-29088
13680
-18717
23262
-10594
7459
-22874
-27039
-6517
-11605
-12536
-27876
26007
6330
4421
-29060
19019
4328
-20887
27255
-15191
22749
-1479
2907
-4679
26488
-13489
13043
-19689
-6651
-7862
26018
-23504
-30352
-5178
22516
209
-32449
-23590
2326
-15753
-4605
-10854
-27993
-20949
-24602
-9836
10419
19031
27598
427
22846
7928
7477
-7710
29111
24929
-25678
-17599
9216
31616
27518
27664
23454
32266
-23051
3733
18491
-32499
-9890
-4439
30758
-2039
-31186
-14947
-718
-5397
8335
-14153
17227
8975
3760
13214
8917
-19947
29041
32634
29515
32628
-20977
17915
-22957
-11706
-18357
-21440
-18594
10638
15139
-28014
-2803
32007
14344
-13871
-24078
-23040
-20499
-9774
7300
-6295
3416
4380
-30859
-17840
-29902
-15534
18045
16752
6353
-1821
-22359
-28098
-15264
-7589
25402
-27862
480
17158
1006
28572
13592
9734
-16218
-5197
5682
18413
8718
-21731
-16384
29447
27065
-1436
-6581
16678
-16307
-25467
-22888
-12829
884
-12999
5781
21062
-9499
28042
-27804
-28925
4072
532
-11583
-26403
9410
-8565
9000
-28060
-17586
7686
25697
977
27494
23008
-13530
-26159
-22959
-17763
-5286
-20483
-28081
14271
-26922
-22780
-6961
11774
-15926
-9175
-13
28707
9540
28406
30388
-7443
-11606
607
-20568
-8341
14704
14906
-13169
1492
-26396
-8535
-2616
-23008
1253
7077
301
-7724
6364
8380
-5521
-19218
30486
1620
-13293
25163
-26667
23244
26250
-4471
24505
-20389
5110
25755
-17119
13316
19845
-2206
-16067
32563
-11726
-7627
12044
27424
18218
6738
-5225
-7900
8760
15559
6920
26909
-19548
3745
12575
-2749
-30267
30396
11623
4409
-8768
23511
16691
-25371
-22295
-5375
4337
-10813
30339
29395
9821
3974
22755
-12289
-12790
8560
-4754
20934
18421
10347
8294
-17232
-15788
-11399
9590
-7003
-28305
-11049
-20062
29810
-6788
15405
-4834
-11618
-1992
-20724
-12390
-14271
-17796
2786
-13428
-30302
32325
-8673
5946
-11228
23162
23259
-26121
-30998
29431
3651
-32216
-27567
21364
16013
21951
7310
-3339
-16050
-22908
-24157
-22716
26797
-21489
-31755
18924
25600
27043
1866
-4322
-31792
-9021
-14098
19785
1860
2060
-22045
28849
-23626
18560
-16744
12558
22995
-30897
-30392
-2871
31858
23256
-13075
21864
1344
-14802
-8515
-25025
-12379
21408
-6230
12485
-31586
-21481
27169
13276
31739
24182
16824
-8145
-17998
10677
-4599
20308
-25479
-10552
5117
13689
-22616
18483
21932
24631
-15220
13313
-22570
-2795
23573
13984
15971
-16594
30839
8496
-2948
-3986
1115
18039
29057
-18866
32645
1376
12176
22813
23614
25464
-172
8612
30163
-14192
-6676
-29560
-5907
25501
14793
3508
8315
-17683
-12497
24688
22310
-30461
-16688
26178
3039
-7892
31124
-11306
22670
-28332
11684
-15373
30522
-23003
-7278
-1620
23698
-892
21215
22636
-25191
-15597
7756
-25413
560
5201
-3820
-20948
-8069
29455
2652
-28562
25252
-19537
-28185
-24314
-8943
-23430
16905
-24591
24940
-29409
-31475
-9939
-21316
23000
19714
16849
-31813
-15269
3655
4244
-22880
9672
-10548
-18989
-6955
5763
7969
5042
28767
-7005
-6858
-9913
-24667
32672
-4815
-2017
-13728
-2779
-31795
-19786
30803
20320
-3294
-29976
-30910
2247
3611
-19443
27087
-2665
-16155
-25482
-2968
15846
18288
-6412
-26061
12703
14738
11181
-4682
14141
9565
25383
-6026
4649
-14993
17974
-21296
13841
31569
-24859
29826
-5482
-32421
7194
1769
-32744
17145
-8700
3187
4359
-4251
-22158
10321
11910
27712
-23840
-22873
-5862
-6528
12039
17540
-32751
-16923
3953
-17708
-12448
-16186
-19169
9834
21156
-18627
-27961
-5693
20763
23812
6267
3802
300
2926
12479
28168
12001
7881
24808
19173
-25515
-11532
14231
-14889
-29439
1615
-28340
30192
8406
-3921
6633
58
-22571
-11250
-25893
-21867
-29057
-14777
25371
-11976
-2395
6735
27585
21760
26305
-19970
-2770
-672
-29122
7747
32332
22173
-14828
-22568
17650
-22223
-3286
-15563
-624
7318
7784
20897
-29857
13899
17827
15235
-5861
-2197
-28993
19779
-25508
-31256
-21241
-14506
4093
31597
127
-14757
-25713
-5628
28658
17066
11555
4588
-12343
-27313
20938
30102
-25460
5652
4765
-1016
28051
6420
-16089
-10037
12995
27221
-31551
27409
26102
-25949
-6292
-1910
-26467
-7448
-31263
-31474
13062
15959
3118
-13622
24347
-588
19089
-20888
-10919
-12559
22301
24978
-7151
13341
8234
18241
12031
-14548
-5910
-8167
-5157
-25336
-30400
15977
32371
-3889
6670
-13778
576
-9611
-29646
-935
-31732
11833
27440
13574
18625
24437
-20076
9601
-9514
29198
-23070
24445
-8137
8830
-12161
5925
-24351
9281
16121
26857
-21520
26711
-17034
-10234
31842
-29638
18526
-15567
13633
-17942
19778
-5026
-7614
20435
-26410
-6900
-2379
-30991
32681
-20997
-577
-14301
7802
-26461
-23642
14039
17402
-26438
-22327
2970
21419
-31311
20700
-32068
3762
13259
2095
23292
7770
-28752
28540
-25195
11919
-17464
3828
-13883
-6244
31267
30505
-25759
-8563
-17300
-32203
-11750
11471
-11535
14967
19435
-8353
-11355
-12897
-27965
20888
-11420
8904
-13094
-19928
-17649
-22279
13827
-14203
-13478
32500
13992
31446
-26290
11807
-31701
1435
12134
-7259
17676
9315
22807
18339
-26899
5417
19101
-20116
-1142
-10700
15830
23280
14339
-31376
1569
-7197
30540
10397
-26340
-20899
-26408
12415
-31239
-26034
19506
-19621
9846
6042
2377
26594
9891
13904
-11791
8175
-7937
27376
22502
17546
4918
5125
23240
4922
11267
14032
3577
-5265
-19422
4476
13247
13845
-11632
-7424
15815
-12238
-18951
-9751
12191
-31433
-1045
19391
-4413
22422
25006
-3516
29046
-25801
22285
-27411
30856
-17788
8463
4239
-2705
-22476
-12214
-5951
31254
-31576
-8360
21238
-19069
-26565
18862
12490
-659
-4924
21301
9622
3846
-10474
25296
-11384
13548
-3967
-21940
21843
32688
2875
-25422
14926
10933
-16225
-31571
17510
28876
-30026
-25233
4647
-10164
29114
-19707
-2071
-28979
17819
15302
-25123
8592
-26747
27631
-5658
13849
25356
21683
17967
23455
2466
-17275
-1269
18104
14171
8313
-4468
-30060
-21384
890
-19454
25093
26988
18151
22100
20681
-18382
1951
121
-5941
-32695
6154
-12570
-23138
12313
26519
29704
11696
30791
-2356
-13497
-8513
31351
18904
-2246
24699
28231
22266
-2670
-24714
-17205
-29975
17170
7899
21286
17968
-9655
28578
9440
8265
-6535
23638
-16016
-29675
5200
4656
2117
17059
17668
-24751
15986
20023
18455
-29808
-25497
4260
-6125
9978
6278
-1449
7548
-24239
-27362
10694
25172
25236
-21199
30498
31429
31375
28785
-28678
25705
-16877
29298
14687
-29847
2525
-3197
17728
-22257
19442
32195
-3422
7127
-11429
-10105
-23955
22257
3537
-13143
-11868
-19881
-12597
18971
3931
-13742
27382
23044
-8661
883
25626
27992
9012
-18606
-27918
4319
1926
8921
-24609
-19045
-9213
-14772
-5127
-7995
26989
-19906
24151
11986
22215
-9740
17584
-3015
12880
-1544
-14338
17167
-25131
32652
2320
-15632
15554
19517
4691
25189
-3186
-9734
32310
30290
16795
-20602
29243
18927
22314
-6565
20246
1220
-17043
929
-4272
-13036
10702
-25899
-19634
26726
-6616
21540
28938
-29591
-19762
-8212
-4717
8134
608
23714
19151
-1949
25195
-31773
10220
-30638
-30560
-31223
10691
-24812
-13007
-5445
-20757
-23342
-1101
6976
-15851
14256
-32755
-16838
-24077
-9105
5340
-4570
-11148
-23126
-21418
25119
31545
-26725
-24929
-23339
32139
-20491
317
-20343
-12531
4020
-18829
-3133
32619
5004
17663
23764
-17702
29935
-22456
-30616
-9309
17096
-3662
2927
-1801
-2489
-23156
-9871
12770
2401
-16337
-11449
-10302
21137
-11285
11112
10477
29589
16626
31450
16162
-19004
3005
-23570
17654
-6749
20463
5975
-30180
-13391
24999
-10931
-4428
11119
4133
2165
-3313
7325
-8272
-22394
-1215
-22321
-6330
10996
-10046
-5238
1965
-28494
1156
-31984
-9961
11484
24708
13589
1936
3797
-22834
-11135
30217
30165
3334
29547
-10366
-6747
-20861
-12091
-32094
-16204
31128
-2804
18907
29807
11356
18113
-14445
-26863
19280
20846
14157
19932
26882
29422
30459
18602
-20354
-1750
-30904
30128
5861
18143
-11533
-31402
19396
-9576
8770
10551
9658
-14321
17128
-12636
-19946
-12705
9296
-25600
-13686
28097
-25874
-1390
-31753
-2623
7047
-12246
-26190
4652
-21582
-17868
-25718
-14399
-8395
29895
10423
-8528
13731
-19912
-16093
6465
-18719
-3429
14728
-25173
-13920
1745
1616
16749
5455
-27506
-14313
25521
-13992
9768
-21915
16508
-424
-2539
26660
-6018
11425
-16528
12551
-18266
-9191
31248
18699
-24576
12370
18186
-20155
-17748
11711
-831
9444
-24985
20879
20500
16665
-26614
294
-7955
-2610
-9976
14445
-19562
-18121
-27407
81
-18794
-7100
28941
-30018
22281
6830
-26794
23989
20577
-24710
-1794
20642
1327
17390
10516
27654
-9302
-5077
1605
-7011
-13913
-26093
-29404
-28219
-10212
-29998
-12932
32409
-25667
4177
23245
32745
-17835
-19353
29419
3839
-5110
27489
25474
-13651
-16360
-19449
141
14876
16289
-28028
27661
30824
14246
4493
13735
-17932
15710
4559
25893
21020
10644
18026
-5365
-4980
31480
-31885
-7337
-18227
-18590
31974
-19317
-32571
17534
-8748
12980
-16562
19954
-32662
-99
12931
5179
5985
27044
23518
18683
-8525
-9533
-29364
25276
24864
30231
14908
28520
-3362
-17855
-29041
-30416
17568
-20200
-20882
27942
5738
-22503
-7328
13698
32054
15331
13408
-2233
-3057
28262
-29216
-3827
27740
-19845
30692
15927
-4464
14841
1743
10049
-4097
-7650
2953
14739
1282
-1512
-8371
26241
-25956
-22640
-25154
-8220
-16968
8231
-13939
-17570
-27256
28418
-25746
14708
-884
-1136
-6275
657
-29250
13988
-27405
-6143
20756
-13406
-19525
-1180
762
-28291
17137
-28904
24022
10225
30484
10628
25578
-1535
20929
16682
-9917
-22378
20626
9015
-30105
14031
-15395
-32300
-7181
15668
28308
-15921
-12395
-17536
-10763
-6029
29259
-14847
32560
-8495
14598
223
-17327
-32553
29244
-25781
7471
12366
-7160
389
-31004
18661
-23173
-2504
32110
-874
-29722
31808
-27589
22411
3803
10542
-22376
15292
26063
-15574
12224
948
7012
-9729
-23258
-20204
7143
-3196
24553
1827
-4109
22423
8642
-28381
24430
17574
10591
16351
17156
-3460
-93
-22965
-26544
-7038
44
8373
24477
21799
10712
-10811
-1439
30690
24207
-31693
-32248
-22750
-9708
10972
25238
618
-1485
23866
233
28286
-4310
-19359
28775
20786
-1260
21544
-14598
29508
31162
7379
-2501
-7319
7983
-17924
-32547
3759
-3070
-11523
-31142
3893
7197
15995
-1110
633
24391
-19263
5611
-6010
-16251
8691
31393
-18297
7117
6661
12245
-20811
4399
10639
-23908
9402
24257
25005
15952
32213
-4615
13567
6974
-13166
18791
-20011
-21753
-5533
1709
-30297
-32493
-23611
-4489
-2998
-2477
9576
-27152
-2034
32109
1030
-19255
-5826
17545
-7740
15708
-15454
1532
-23540
14525
-3075
-4073
9564
-22526
-28274
-21014
-12649
-6823
-30831
-26732
-25679
14243
20803
-15882
32707
10555
-3310
-22745
20537
-16423
28193
30654
-5405
31708
20108
9471
23532
3763
-29772
-24744
-30212
11783
-24739
-24326
11049
22715
-19063
31747
11697
-10448
-24948
-29854
21076
19806
26100
3816
26895
3824
6924
9526
-6099
1022
5088
29888
7829
-19744
24277
-12320
-32206
28565
-13334
-8664
-11514
16317
13331
24265
24858
13820
-2236
25393
13668
-9802
8412
30410
-11738
-30007
27194
20593
-16114
5442
23624
-7221
-13891
2476
-9567
32644
-1277
15673
-9968
-32534
6015
1911
11803
31864
-1565
13519
-7376
-7958
-7185
20016
28009
-3091
24479
31719
-32303
19733
-31992
-9377
-3125
12473
-10414
-6798
-15408
19042
-8762
-12770
-25849
4279
18038
-26456
-3106
-12836
-5802
-9746
5458
29797
16666
-25929
9145
-20802
-28701
-11279
5159
24298
-9628
-3789
-29282
-27359
9719
-5811
-32169
3333
1859
9873
3318
15550
15171
-20248
-23622
14272
21311
-27932
3047
3021
-29701
-15585
13116
19530
-911
-22952
-7362
-24444
25010
-23827
19297
-7071
-13753
26732
31610
12399
3703
-31265
-24578
12686
11685
-31400
1555
-32226
-25338
-12137
-28182
17313
29459
15592
4890
13010
-30836
-1183
-20025
9377
-4759
-16284
11138
29603
22207
-5324
-8838
-15357
10029
-20058
-13788
-11368
31363
29365
-4153
56
-4563
11143
6325
-22603
-7656
241
-29037
-2211
-26999
15874
4838
-17249
-3199
12508
9646
-5334
24537
-28405
-23443
4906
-24175
22209
25646
-28817
8333
10614
-21346
28929
8935
10861
-28758
-17877
23222
31141
25588
12367
27701
-32319
-30571
13328
28966
-24832
-25262
20302
5842
10994
-238
-7925
31555
-4404
-17350
8551
31492
4273
26716
18293
-28012
25545
18420
17395
21163
-27784
17981
6839
-378
-7416
-2220
-27898
3879
-9693
16161
-10914
13252
-4320
22914
9144
10409
-4874
-28215
8937
-5871
-28493
12460
6152
5622
26876
30675
21130
14815
17998
21663
-19465
12819
25310
-14474
706
-30650
-21038
11280
25622
3141
-4639
-5426
18189
18405
19834
3572
-30414
11883
19167
-19752
-3589
-16641
4480
23821
-7485
-16103
-11537
-27134
21454
-24105
495
-18381
-11289
-20190
14596
2037
6959
-31651
13011
14342
3093
8345
-19839
27313
-8677
-28500
12908
30288
-29230
-8511
-22452
9249
-2338
14673
-4039
-4536
-27121
5440
-28422
1931
-14800
-25830
3353
2936
26232
1215
13162
-830
23716
26735
-7080
-26367
-20119
5434
15942
-965
2707
11403
12538
-19961
-24931
-1646
-5438
17389
-7378
-23574
-5842
-24660
1586
-599
31288
-7365
-31958
13356
15159
-1084
-7320
27955
-15193
-21912
-29780
21548
-109
13854
13694
774
29684
32064
3506
3321
22695
21950
9205
10211
2982
4561
-13466
7072
-1220
24809
11159
-31957
-3770
-31866
28419
-19304
-22947
-20094
14750
8451
7551
-10226
1353
-28564
-19632
1876
1417
-20432
22144
28460
24491
31129
-19584
24853
-12513
9867
-27998
18289
-29257
1878
2110
-6316
-19965
21674
-30443
-3823
6507
28994
9638
9777
7357
-19206
-12894
15863
11413
-1704
5525
-30928
-591
-21519
744
25869
4474
32732
-29881
997
-899
-23586
-18105
-20366
27982
13786
18077
25698
-14080
26463
23198
-23390
19076
31473
14328
13476
-21001
-23858
10603
20985
-1666
-8108
26045
-328
-3621
-19273
-30262
5917
27373
17113
11554
6443
31000
13711
11347
30918
32169
8581
-31644
23914
17639
26163
12119
-32562
-26364
7904
4450
-6103
15778
-11032
-21227
-31948
-5347
-23662
-647
-25514
7813
-7802
23234
23514
-8497
4463
-12753
-1378
-15143
-19055
-22251
16953
-16130
6625
-20140
-29910
-9215
14831
-30100
-14007
-28800
-3336
12933
-7899
13450
27742
14665
-6215
5192
1640
23818
-18564
-25222
-19810
29400
1567
19255
-30152
17447
24361
3567
1247
4430
-12213
18538
-28461
-9225
-18524
20739
-18171
29176
-9404
-8510
-31450
-20253
12788
20543
-9243
12386
7504
25941
32273
2655
-22756
-30298
1661
-3940
1765
10336
7738
-19437
6478
-30946
15883
-10634
1832
19840
-31042
-26472
-20015
13020
27279
26281
26428
-2915
32087
-25865
-4725
-18652
11628
-32080
25152
-4232
-8790
-580
-1922
-14351
-2519
442
-18366
16904
-5190
4011
16315
25199
-20090
-8374
-4611
8484
22608
-29851
9574
3178
-4289
-29556
31593
28777
-19121
-26374
24748
-26617
25241
19126
-11427
24262
-11723
-18274
-16418
13632
-20795
29357
-28384
30172
3076
-28030
4601
31634
-4579
4735
-30138
-13471
-5023
11205
9231
28048
17878
-22855
-28042
-31818
-10431
-3821
8571
-13190
-30186
-11205
14418
-30788
-11080
-5727
-20550
21328
11565
-147
-15207
-11185
-10313
15348
20098
-25502
1401
24954
-3975
183
-14437
-19190
-14304
8354
11476
11136
17495
-24455
24885
32241
-22429
-20114
-4377
-873
-11459
31349
28599
20937
-6596
-483
29287
-29242
8697
15382
11047
-4004
6307
-28490
13081
13624
21349
5952
9475
7399
27846
-15292
10189
3560
-5812
22279
2311
19254
-31996
19565
-26465
-4624
14291
-28352
27953
-10359
-20048
-5844
6896
31667
18671
-18945
-8637
-20175
21520
-28836
19929
-31000
-29302
-7326
297
-13474
-16329
24532
15799
31939
17172
12973
16433
-31893
-20807
27287
-10857
-3449
-32694
16514
15827
17807
9881
-9738
5695
-29578
12978
21324
-31411
-3082
19693
13914
-16380
-32275
9239
-9063
19495
-554
-3537
-4431
28602
28148
13135
-32703
11855
-2417
7908
30638
-31994
-23121
-24029
2256
21236
-31517
9481
4970
-18194
21650
3024
10596
-18361
-13886
20278
26847
9486
-14966
27938
22526
-30556
-9422
-30434
19308
14735
-20643
-23765
-29625
-12178
-21242
-29032
-30097
-22525
-28510
20572
-8431
9101
8364
-17489
-23978
-24226
27465
-1370
517
-29540
-19008
23373
-2831
15866
-22161
6550
20608
-1231
17157
2626
30161
22579
-31593
6274
26817
-1242
11021
-2860
28628
5724
-21318
20282
18639
27059
29164
21065
22334
20416
-27930
25326
-16326
-20344
-24085
-26227
-6637
-13090
21441
28067
-31168
-5061
-1869
1049
6320
20300
26379
-13235
-16527
-30504
-20719
-4885
19989
26318
23829
-25636
-17247
27191
-14392
-17035
-27243
-29790
-3643
25145
1949
26054
-1188
24033
-7229
25329
17692
5497
-14582
15082
-6129
7356
24665
-23996
3732
-14760
-31064
-25337
-15899
29440
20939
8244
2496
11979
12527
-20359
32096
-24787
31202
17934
-14333
-18727
24104
14954
-26172
-17049
8233
-6975
-19687
30134
25453
8440
6766
27643
-32349
25566
-25205
15296
-2543
-213
-21689
21627
-8708
-30115
-32542
-26880
13141
-2405
-31134
8438
5799
15012
23068
9692
16625
-2659
25390
-20737
12815
-29231
32585
-26023
-23447
28454
3774
-11179
-28117
-27180
6556
31879
30479
-5307
-5691
600
-31569
25652
32249
-8800
13032
30596
-22760
22997
14933
-23759
-2472
21681
-23360
-2029
-12609
21212
23780
13233
-2578
-21164
-10546
-23184
-11071
13654
-17437
-291
20856
29215
-4264
-14855
5520
-28339
16770
2108
14978
-13020
-5557
-27903
-1558
19357
25451
22726
-7544
16511
28530
16332
26550
2574
-6075
6287
6236
3548
27219
14717
27004
8591
27549
12056
12296
6961
12472
26808
-2460
9796
27187
3166
-17753
19438
-13153
-8435
14947
28887
-24771
-11875
11983
16114
-7164
19462
-261
28751
-11059
10620
31953
7249
29152
24314
-23820
15775
28894
-11576
26930
24739
26860
-13299
-24551
-25100
3374
29039
17836
-31720
-18996
-27419
466
-8750
11588
20466
-6894
-10252
7888
14993
18102
27091
-7854
-29306
-6591
14806
22131
-6663
1774
-491
-2824
4857
15785
-14599
20530
-14678
-23554
-17771
-10465
-8400
-9189
22816
-4625
-21516
20429
25441
24667
-24725
-1548
9887
10932
-24076
11355
-20304
25141
-12122
6763
11421
12583
-23929
3053
20173
30820
-10411
-10058
8386
-22963
3116
-14526
-11064
-20599
-17527
27777
-26072
-836
29926
-2971
23671
27939
6177
-4170
-25843
-13480
27234
403
-28550
-1261
28807
5185
10322
-17422
-25232
-26979
-10712
-22956
-9763
23756
16257
1388
22795
25490
14361
17781
27573
-18511
19701
19378
-32054
-2716
31345
16071
16159
2720
-18014
-25180
-9142
-5353
13717
-19767
-8351
-2099
-9977
5017
28997
8544
7211
9833
10505
25374
-13657
-28427
-8057
8818
17844
-21935
-23433
-3147
13366
19906
29975
1012
558
14075
-18839
-5125
-8451
22115
5992
-18141
17737
-13135
-4188
8176
-16319
19186
-9317
2039
797
14174
23907
-30137
15484
-24449
12994
15625
1852
-10929
-16241
4444
31614
-804
22631
-20556
19627
-26741
13083
-23573
30699
4646
7178
1563
-687
-8728
-15669
-2402
-18728
-26389
29856
-23757
12102
-15060
26368
29401
-10941
6493
30229
-25291
-24045
-12621
11499
13540
9261
-20920
13370
16557
-16952
7734
-19808
-23406
2224
17765
15583
5815
-1686
-18276
17629
-19412
-19544
-12195
-18800
-15283
2795
27167
9169
28517
20892
10365
-12064
-15906
27445
21362
-17704
3137
-6687
-12952
-555
1606
10286
17028
-2722
-13320
-7209
10656
-8729
-5231
8399
30434
25158
16357
19176
26198
-28835
22713
-10304
-5422
32161
-17960
15425
20399
-19507
18422
31367
26791
3456
-12190
22056
-27045
26185
10159
-15791
-26821
-20203
-21536
-7206
10052
18960
-141
24346
-14347
-741
-14992
-20986
6918
-6587
19974
-4250
-17319
-24200
21396
-2480
-12130
7014
-20256
4442
-3119
-28434
-24148
-919
14190
30409
6775
-3071
13874
-32314
-21751
15751
31892
-20372
-9997
8918
1639
-27464
28191
21670
-13532
-7224
10275
-4268
20245
30955
-30510
-19427
-446
22079
22994
23967
1331
16944
29336
-24191
-30747
6543
5610
-20799
-29299
-15250
-20164
-31245
-2743
24896
29054
30998
18041
26375
11408
-16029
-32736
16661
5333
-24392
26662
-10718
12002
-5733
-25625
6817
24280
4643
-8733
-27263
3957
-32374
-958
14481
32596
13018
-25381
-4978
-3525
-8111
29283
86
-31997
26473
-1744
-18496
-28435
-21979
11236
15223
26499
17247
32190
-24581
28076
19281
5022
-12345
-16211
-31339
-26918
-4894
-7686
-16174
-26914
-27418
14614
-2453
7751
30518
27695
-18033
1269
-1990
833
25144
-13902
-4996
1721
-14467
-30119
13714
-13408
460
-21744
-12996
-9649
-30399
7453
-32544
-14305
-28451
-32050
8910
7524
25125
24249
21662
-19575
-18644
-23613
9343
-32150
-4260
-18383
-13833
-14854
-16772
2804
31309
24168
-24052
-23967
21684
27576
-23741
-15308
15838
-28414
19686
28100
-3549
3551
11929
1972
-27519
32576
28126
13593
31694
-21370
19158
-595
-14722
-17576
-5139
-742
-4469
3955
-7281
-22920
-15652
16963
14000
-18424
11569
31689
26611
30070
-994
-14710
-10817
-17734
-8095
-13825
-16135
15665
13688
-22500
-4500
-12256
10652
16398
-25571
-1909
11702
-32165
26182
30175
-1442
23393
15948
11764
-26360
12008
2107
24003
29295
32731
22701
-14160
3290
11103
12422
-22985
-14243
7991
30268
-4907
31752
-24631
20031
27757
-29612
26134
-1796
2215
-17270
-11760
-16259
32663
-18960
-23749
-7609
-18463
24169
-29176
-5415
7731
2512
-15698
-29745
-19558
12283
14401
-16315
-16902
10498
-29114
24882
25062
14886
19038
-14989
30834
-13376
14296
5331
18406
9321
12548
-9933
-3682
-4799
8166
21388
-14441
-18658
23586
30945
-9058
-10357
19940
-28698
4515
-3700
-20846
-25921
22935
-1674
-18591
25065
-20739
-13560
19800
-24586
-23194
29465
-27842
-1792
-4502
-14058
21957
-19979
-51
32142
6034
-26162
-17864
28698
-26577
-3927
6788
-10900
-20223
-14827
11599
-3579
13352
-3387
23437
-21376
8215
-9082
23886
-3923
31147
1155
-28286
9290
6281
-6199
-2902
12373
-29626
26727
6745
-1783
-12891
10039
630
15287
-28647
-28249
-17281
22178
2348
-20457
-27115
-29856
-19749
-23470
23535
-10154
-19149
21847
16801
-14787
-7455
28516
25730
6502
-18301
28996
14453
21142
-30445
-14634
7746
-25941
-3224
-6795
13844
11310
-14412
-19620
16891
-8954
-26866
-6251
23521
31160
-9916
14560
9663
6269
936
-28483
7306
-4560
20389
-4678
22896
-12855
-15401
-11500
28033
1733
32498
-6186
-8274
17605
-12457
-13038
-20800
-5991
12026
-26954
4671
8983
28402
10412
13253
6195
-2498
18229
8712
8427
31274
4947
-8174
13695
-10477
17490
-866
-1828
-26957
17517
26188
-32570
-30986
-6826
-1462
17791
9046
21019
21343
19112
-22403
5526
-6603
-15946
-23269
6847
-8546
-28501
-1332
-15815
26832
2478
-16311
-20144
-12247
6226
2050
19470
31391
-22950
28832
-17847
2228
17041
5821
19270
-14212
29953
-27289
-29924
18022
21601
15956
16780
22069
10743
-3164
-17302
-13415
24108
29788
-26883
6136
-224
11843
6710
7066
22724
31863
17725
15363
22485
17521
-2686
3689
-17201
10554
2109
-25814
1077
-31999
8853
18311
-30921
8036
9386
21835
-25006
3712
-32347
1516
-17922
25456
-12969
-7545
-31561
-6356
21050
31428
-26603
-24914
-1494
-30181
-21939
3602
-10476
20149
21586
1345
-29710
-11092
11226
18575
14193
-9892
24387
-2992
9582
-28364
-16106
-29622
-2829
20822
-25683
-9616
9808
-24535
-802
-17231
22587
-8998
-27994
14631
-8121
-19084
19848
3860
-5531
-3670
-16224
-26453
-24339
-13908
2613
-3308
12346
27522
4639
-24202
14020
-29028
32506
868
1770
-25885
4042
-11915
-17810
931
-10407
16376
-20942
-31452
17860
32045
9085
-25998
-18385
2490
22898
-536
-20769
5008
21025
27550
-26348
-25252
-30246
14469
-975
-32623
4796
10488
14920
-26989
17479
25958
-26427
23966
28875
29808
21106
21570
-11027
-9011
-4617
-29537
-5682
-31915
9437
-30019
-28034
-1654
-29690
16027
14284
1178
6973
-12792
-21025
-6221
-13041
-31480
20753
28581
25503
-12004
-7179
28843
5845
8087
20102
7835
-29414
31200
-16494
-6607
27648
11372
-30422
14565
32441
-4458
-24179
12934
1297
-5662
13191
-11333
3097
-18774
-7716
20660
-2621
-6843
-14278
-30455
2239
-7828
32735
11030
3299
-25931
-29479
-125
-5611
31255
29819
6313
26479
24771
3209
20824
1713
-32238
24501
27123
15011
30198
-19095
11543
-11217
1724
-21258
28806
-1800
13444
6257
4006
19421
-3188
10798
-30207
11044
-30488
-28204
14785
30073
6881
5974
-20129
-11294
-13195
7415
32600
-10706
21068
-27355
-2769
-23864
-10321
-24006
25009
-26286
-28548
-19257
18047
-26085
22061
27832
-8164
-14840
-17996
4910
-11574
-2676
7425
-30985
15252
-32105
-9435
20240
-18481
21016
5517
14931
-17542
2598
-27074
-29594
-178
-20400
-15740
-8181
15161
-20055
23137
25475
2495
-27254
-17425
-18804
653
-11891
29818
16802
28314
19882
13305
-19072
-32141
21590
11219
-25958
4068
1463
4396
-28726
-6943
-3592
-4904
-15391
-3851
-8843
-2323
20406
30341
31807
-25674
25789
17362
5822
12830
-8961
11766
-9132
-8119
10786
-15103
22297
-30565
14579
360
25675
31438
2127
-5196
17112
-15886
-12788
-1131
4544
14998
-13885
29882
30212
-26697
11573
27825
26000
10633
-19209
182
28119
25354
-386
15718
-24592
-28974
-26141
-12538
21806
-5518
-12355
-32525
18091
5737
-24860
798
17667
10528
-537
785
-29103
-21579
-29787
-19081
-16673
17352
-25047
-16558
17785
-23099
4126
12633
-10026
31924
19908
10443
-25995
-15944
10116
652
26967
1679
17084
6119
-10032
18470
18412
-32361
-21015
18222
-23867
22118
-7670
-28620
-12530
-10612
-4630
15527
-5118
-27561
11629
9330
7282
4162
19790
2051
4196
-4184
-18815
-13963
-14791
6073
14828
7577
668
21009
12012
5657
12298
568
17104
19820
-10045
13576
-7814
27821
-20295
27630
24351
-5930
-20006
27809
482
24343
29594
5993
21258
2155
1976
6135
31077
22513
-5696
24095
2393
20027
-13656
18287
-15649
-30349
13143
17109
13884
-18766
23868
-32732
2412
28015
32613
12922
-21331
30119
-23369
2249
7128
23057
25311
1414
-6831
28452
27282
-1960
-29155
-1689
13173
-17813
-5876
-13250
8150
-25699
-4239
27561
19972
32203
5955
1113
-25969
7629
15203
-20778
26280
2688
17386
28781
-5980
29497
-28632
22400
16480
23298
-30777
26985
29848
26170
5676
8636
-27309
13333
13216
28684
27892
29604
28486
4719
28397
-24662
-10897
14572
-15079
13452
1607
20624
-31213
-25445
-32321
13898
2573
23357
31877
-29648
9221
20032
2420
-18229
11261
17503
-2174
4140
9463
-2481
-19261
19612
-31615
15319
-11681
10523
15199
31495
-28776
-23881
-22574
12483
5851
-20891
-4612
21261
-22777
10337
6769
-8234
-5293
-16086
25774
-10115
21925
-1812
-17579
13700
-27826
379
-23071
-10826
19245
14871
32584
-10503
-15505
13146
3959
-10278
6097
16132
-30217
18267
-3064
29792
27317
11364
-5629
-23326
29269
-30784
3565
-10165
-27482
32456
-3684
-11809
-2421
32547
-6189
-7050
-19539
3711
20076
10695
3213
19259
-19309
-5752
-19902
-30423
-1470
32160
1289
28794
-7857
28560
16237
16605
-8791
-30974
11678
-3741
5730
12798
29214
8336
18139
-22210
27556
-5143
19769
-25981
-27400
-10715
8280
-17641
3528
29764
-31426
10374
5634
-14908
29256
16775
4232
-18475
-21185
-6966
-8845
17970
-26101
-20127
13961
3761
-30197
-24894
27689
-20292
26381
28716
2661
32224
2075
-6734
21963
-30477
-21397
27588
-22643
-23124
16745
-21772
26974
-29981
21290
-30029
-14832
-25839
31662
-1810
4626
12793
-3472
17099
18097
-31116
14766
20812
-16445
7595
20044
-4395
17993
25198
-23271
7283
-20042
27297
-16413
-19475
-7043
4403
8529
-22410
25210
-30678
-16075
-15320
25986
18486
-31382
16106
13552
24384
-11299
21280
27011
-14060
-10136
19924
-21552
-3631
898
29202
-25957
-13858
-6848
31398
-32578
-31457
15187
-20126
12874
27148
-8416
-20428
32740
-10569
32561
-14664
-11486
-23744
7348
-3563
9189
7581
-5845
26638
145
6970
-29159
5968
11346
13516
12362
-32007
-23
9134
-13427
-18973
18690
748
-23351
3620
1934
-27725
-21467
-23539
-4160
6218
-13776
-12950
-14784
7252
-6994
11787
-16429
-15141
21228
-211
-22099
-9486
-6034
-28756
19104
-10992
-24327
5074
30556
12120
28947
11716
7831
5613
26523
2101
17322
10193
6575
5040
24770
-30314
516
9505
447
32118
-6861
581
-24818
-12432
-23919
8376
18419
28154
-11010
13614
494
-24
27331
30700
-24924
16769
-19551
-27847
20591
-418
25507
20217
13623
-12298
-15746
-15360
-2600
-5063
-6801
-16927
24730
-25071
14730
32476
-29511
25627
-12746
-19843
-18640
12007
-24018
1442
-26168
26739
21962
-18828
4455
7909
-31225
9128
12005
3406
15069
-27691
14880
-24539
-17725
8836
-11717
-2388
-8795
26923
-13204
-13277
-24570
-5033
-29977
18098
-29788
-15235
-29177
12150
-5989
17945
9397
-16718
-29960
12356
17687
2725
18446
3089
-32411
-25548
1092
3251
-18173
24949
23802
-16639
-22328
-23429
24047
-13743
27153
1469
6432
-3407
-13024
5247
-4948
-17266
28904
14892
-21232
23209
19537
-31017
20094
-26315
10407
-2653
-1837
-31603
21430
-13132
10879
31289
28325
-30931
-4755
-9730
16029
14298
32148
21709
6039
-25887
-3885
-6299
29841
-29829
845
-32207
15882
21391
-31911
19889
8328
29673
-25393
24812
-26080
21157
-529
11703
741
6404
-24594
28678
-10254
-17678
-4296
6035
149
17610
-9069
-26232
-24663
-17186
-14801
-11862
-31435
-26986
-24375
-23535
-8365
-8294
-32709
5001
-22198
-16239
-25970
-16182
22406
-27327
-31690
17983
-11869
-1522
30067
4810
-15272
14177
1172
6449
-20383
20999
-7446
-15797
18815
-20487
-13098
-1785
24073
19751
-2497
-24709
28161
-4432
4371
-27973
-11024
-21785
-27143
-22116
-6680
-31763
8192
-14059
-2494
21763
26440
-16411
7036
-30255
14681
-28748
16751
-27555
-21396
18652
-10457
-27069
-5290
13472
22366
-26746
-16027
-1996
-13583
-18391
-8205
730
-28101
28559
50
-798
8342
-22254
-27315
21756
-2434
-31276
-11304
-4829
-18214
-9663
-30160
-233
-4096
-7462
18443
-19344
-25844
-27872
22021
21450
1908
632
6334
7911
5537
4086
-30126
-19532
14891
15168
7081
8208
9889
32539
10404
5084
-17879
3385
30313
7722
-15928
-27551
31966
32279
-3040
29038
3369
-22262
32183
-32202
24725
5471
5641
-24156
13070
23980
27908
17873
-28071
-2683
9022
21081
24852
15151
-25644
9257
-4145
-29295
-30892
-1017
2682
17573
-27004
6534
-22160
-5759
-12736
-12817
27834
27506
-384
5855
-16737
17458
-4136
-29623
24467
-3388
32519
7501
-19408
-2111
-9474
-17383
21276
-32405
-26579
25317
-10047
-14659
13722
-19484
24074
-27093
-20619
-8915
25784
14950
2034
1054
32376
23372
7224
-17008
-32742
-5877
1100
11548
-23521
26679
2716
-31943
23931
27978
18371
18948
-26783
-24056
1885
14875
-1717
-21512
17320
-17987
-18443
23920
23219
21792
-17126
24592
28607
27063
-28535
-27569
-26287
21141
7279
26759
440
15378
10885
10334
17406
-15347
-6505
24455
7578
7169
-12191
-30854
1811
27752
-14938
-12703
23470
2100
-29577
17815
14483
16720
-2432
-27323
-17295
-11603
-25230
3589
19822
-20075
-183
-28272
5079
6663
-13425
7965
27641
32715
25470
29905
-6598
29760
16288
-4214
-11894
-11554
-31130
-30466
-29386
-14671
18670
-8440
25289
-2416
26354
16803
-23195
14005
31382
-20634
-8008
-28224
-22000
16689
-15824
28043
-21173
-9516
4980
-4868
-13060
-1724
-15960
17046
21226
-25068
2570
-1223
8475
22958
29183
31164
20432
-7121
-23771
9892
-29500
-12733
-9494
9981
19748
-2691
13579
-6201
-28942
18094
27977
-11510
-325
-25597
-26045
15791
-30595
4405
-21528
2279
16743
-8474
-3998
-17842
-6121
9175
23503
3436
8567
-2023
-6423
-15712
-30384
999
21497
-28443
28312
8185
5784
-18161
24856
-3135
-29504
-21112
-1891
-7902
30475
-6381
21778
7043
28744
-18695
-17532
-29413
-15934
-18135
-222
-26001
27246
-5593
23213
-8022
-27201
31149
918
16667
-16974
13675
-25791
2243
14406
20111
-8157
-22203
-26864
18725
-25197
-5458
27163
-2656
25644
-11067
20757
4884
30109
32271
18740
19004
-7815
-1225
-14929
-22390
-19572
-27208
3458
16337
-11386
-25799
-29014
16266
26187
-1486
-17077
-7936
18340
-25540
6889
29090
-22641
26364
-19922
6980
-5156
-10092
-31762
21149
-48
14123
12688
-13257
-21136
-31993
5109
25287
10302
7863
8498
-15868
19388
-31722
32248
8366
-2958
14397
-21567
-13706
-8381
-22012
-16832
-22815
9558
-24730
-22138
-3169
-6889
-10027
9009
30503
-267
22506
31404
31700
-17845
29297
-21522
-2658
31884
31955
-20187
19796
-23524
1902
-23887
11707
15768
-12669
-18188
14385
-14088
26231
26469
-12754
12964
18835
-23610
26349
14522
2776
-7349
4959
30953
-26919
18793
13890
11607
-17838
7810
-32394
7259
3850
-20687
19372
26729
-6762
30499
-7732
-8060
13981
-12234
10197
32471
26774
-1507
22638
23855
30042
3034
-7457
13936
7637
14679
-3596
20276
6936
-31741
13749
-27783
22662
-4252
4803
6989
-11052
23945
28481
12015
-692
-22753
-17183
-14298
-5107
1793
9904
-2558
4956
-2316
21327
-32650
-15209
31674
25665
-11580
-15459
-14926
29189
29233
-9378
-30539
-18919
-11735
-12809
732
9820
-8027
-22050
23501
-1440
-1997
-13176
10290
7326
9244
-26940
8020
2600
-20515
27532
-1574
-21541
-6614
-11046
-29240
-30656
-25380
22704
-3681
-29715
-29208
-6524
-15240
19012
12796
7201
-19962
10746
-20670
-1786
28647
26596
26991
30374
-5088
1072
16069
3206
30559
-16660
-1434
-3395
13631
18761
-16235
-3909
-26688
26251
9434
14652
-23941
-18459
-8237
22294
-22845
-22477
22552
-24158
10169
18631
32302
9901
23134
-29006
-7068
-2870
-22547
15204
22139
-22987
-20413
-16115
29625
-20958
-23188
-11780
-20145
-23787
-29405
-19960
6346
-133
-23487
-5172
21389
13186
-29637
-3231
-27432
19581
-5983
-20518
-24813
84
4961
1488
28842
-10114
-5202
17644
19045
6366
-4708
-32254
-29746
21621
-13164
-28648
19709
8618
29420
-13104
31353
-25797
-17534
18334
21994
-7970
-4901
27966
20093
-26508
19982
-16928
9682
-2587
-8430
-24863
-5092
24794
25980
-14207
-8482
7170
22463
-21168
32043
-25654
1694
-20407
-8988
2528
-28076
-16604
-3060
13160
6818
-29803
28170
-16179
-2336
-8828
16246
16278
30473
14207
15569
1038
1943
-29042
-7431
19419
-19718
-5495
-30534
22688
3863
-27220
12517
-8590
-17137
-16108
29333
19124
20101
-13696
-14806
-14027
2441
32218
-3523
-29454
16892
16059
-27474
31264
-28963
27805
9178
-8161
-27577
30799
-18249
-8398
-30098
-4370
27263
8446
20211
-5278
12466
-27936
-17852
15972
-29015
-7659
2506
12630
-26589
-20168
-6555
4921
-22354
-11910
-4303
-4836
-21447
-5062
-10354
23897
536
-7271
-1691
-32664
-24495
-5494
5804
-2051
28695
-28667
-22900
-18023
-22795
-6158
-9389
-1023
3668
11836
-29670
-29171
30885
26492
12496
18216
-10847
15060
27449
-28094
-8103
-3337
14297
-7368
-29274
-5003
-17954
29168
-22379
-7571
-970
17590
-17674
-3985
-7783
-27012
-22817
7753
24316
25197
-17466
-3685
-22552
-14195
-1791
-17271
-11518
-28424
-27768
31171
23834
-27875
10000
-12307
-24185
24704
-13080
7729
18508
-17307
-18754
-15216
3433
26809
24870
-21796
18122
-6559
17345
-13605
-3595
17880
-11761
22609
-26608
-16692
-13575
16094
-4676
-3844
-4524
-27997
-20703
-22938
27434
22684
5280
2092
-27500
-6893
29541
20622
-28643
15940
4049
-31608
8196
1725
14283
30468
5064
19731
-4862
31027
2602
-26921
-24919
-12904
12205
-11397
18826
-4075
29908
27856
-14221
-3688
29863
7768
19226
-7277
32398
22065
-3311
-15372
20104
27541
6598
-2243
7552
32074
30252
-22384
9043
-2845
-18738
-11011
10379
-24745
3381
26138
19055
22649
-15027
31277
26810
2507
-22252
25903
-23322
25292
-25199
-21824
-12708
27947
30068
-27970
2643
25435
1144
23903
-22539
12151
8541
31401
-15548
-18884
-14498
13627
-14381
31028
-22991
12765
30279
12799
19408
-10197
27032
28531
-30161
6609
12782
4225
10824
-17945
-3926
-18650
3191
-9023
9513
-17108
-29307
-16715
-21701
-17357
-28054
-25742
30190
-23204
-17581
-21529
6476
-13887
-32459
14403
23274
-3077
32156
-2343
-17593
10227
3364
16651
29517
9285
-26459
7449
-2739
9003
-13876
7037
25872
14819
16858
-5816
19664
-15034
13229
15907
2550
-2056
-9252
23263
29567
-9786
31049
-13212
-31289
5515
1579
-3302
-10261
-22649
21053
-8911
-23209
583
-7127
16234
3503
21884
27318
24913
-13700
-29283
12920
-29217
10666
-5513
-1313
-3320
-8007
26177
-21913
-21757
13219
-21795
18988
-23513
-1710
-2697
-7945
6198
-25975
-25873
-6339
-27719
-1206
-2078
-1747
15424
19268
-31318
22035
5337
-11421
21541
-13124
25040
-4965
32313
15754
13412
-23520
-5
-18667
6618
-24184
24126
12499
-508
-2619
14995
3930
-23595
-2013
23798
6571
-10782
6474
-5748
6952
-24067
-24788
9838
-10339
-25693
-32301
22847
15884
-28710
-24997
22273
-9874
22872
24245
21309
6860
20607
11296
29523
-17417
5373
-9991
-21196
16923
-20681
-22921
9030
-31901
31169
-20026
22204
-27192
28762
20737
-11385
-24129
28727
-509
26603
-8738
-6350
-12594
9228
3182
-31988
21406
27040
26284
31612
9632
-28389
-27854
10486
-8526
-18334
30710
1746
27980
17522
4595
-30294
10265
-20731
-17068
7949
-32392
32102
-21310
-2018
-3146
-10228
-19846
3515
28293
12419
-7429
-2342
-24263
17020
26014
19993
-27077
-12600
32373
-7666
5303
11444
-8312
-5083
11281
9427
26037
-4336
-26646
21369
-2506
444
-26029
-16802
9755
3718
4194
16455
-2204
25831
-23208
6929
-28879
-11155
25799
-20226
-3570
17118
-6635
-18116
31206
19230
22385
-31469
-7599
6667
-17881
-22960
-7976
-23312
15027
-18552
-2647
16616
8995
-22046
-3842
12811
-4365
-21968
-11340
13915
24486
-14781
25364
-21106
24379
14540
11792
-30734
-16886
29225
7149
-14340
19260
5731
23011
-32418
-30185
257
6104
-8369
-31367
5976
-1782
18223
26997
7809
29304
2969
15175
614
20762
24908
-27286
8768
20595
-19417
30512
30889
24837
-26829
23578
-20931
-28918
24700
-8626
-30351
17532
29149
2750
32296
30514
13752
5012
-19742
5291
32455
21953
23844
15662
3120
-16312
11285
-11513
10318
-25710
-13662
-24778
22210
3472
-292
6880
-11473
-17297
-27757
-14721
23526
-11305
-31654
7541
-19469
-30930
15646
-18040
25930
17940
21399
-9975
30266
15585
-31101
-32217
8089
8863
21365
-14946
21460
24884
-15729
15037
-31566
-1324
-4425
22643
-29936
26036
-26774
19190
-3239
20253
-6968
-6681
15709
19921
8339
7704
-9870
4167
7808
23360
21869
-3142
23519
6743
21468
17340
23317
25952
24411
7016
-23641
-3355
27525
28370
16116
28341
-19451
32595
-23746
-6184
-25022
-21359
7717
7736
-30885
11962
17493
13546
-5612
-31053
31025
-24074
6834
-30275
14777
-10149
30332
-2622
20628
-27056
-24715
30943
-22555
-18521
32524
-27758
-11116
15822
24232
17755
24051
-10377
1011
1659
-11309
3615
20604
-28525
-28680
17809
6301
25462
2161
-8757
8270
-16596
4386
28117
-373
3388
-769
5257
-19800
1037
-19472
14660
-11948
30445
-7685
32189
15002
7508
-21799
20848
-5497
-896
-10173
-9894
8276
12127
10854
24321
-30996
-8663
-31765
3952
-682
-2772
-20316
4292
5038
29331
-29487
-15411
-5511
-28582
4828
-7533
28651
-24900
8279
5900
-832
-23561
3608
-12365
-6578
1436
-32658
9647
10602
11748
9441
-4202
14002
501
21602
-6232
22391
14166
-28901
16309
28873
-13461
13913
19200
23579
-6082
29782
-20347
-19698
22676
-20908
-29574
13502
18802
29663
32504
-23233
-20592
13474
-28706
-15390
-5301
15687
7671
25995
-16485
2718
-29687
21725
22217
25024
21948
-12773
-2718
-13031
-11765
4742
-5548
24877
-14762
-23335
-26282
21007
4934
-19080
2900
8751
-25974
20942
8147
-14766
22272
-22712
-21859
22180
-1929
-638
-9199
-11987
-15033
-28070
24313
-25668
30897
20576
15514
-5825
4036
28694
-29819
16668
-20836
-31333
-15510
-365
2963
-23928
22240
13105
-26487
812
13398
29048
8235
1368
-29801
-7411
-4764
-18765
-20474
-9846
-12090
-1026
-27817
-29112
-4218
-1167
31581
26582
-8532
-26306
6605
-21445
-17741
4550
-29443
-26447
9445
9756
31679
16244
29370
-11180
19007
-24666
-23130
-19546
30395
-9204
-20988
-27581
-15225
-17675
-28514
24236
-11534
24024
-1938
21347
-9363
-4407
-23896
29698
30243
29996
-24514
-14177
-3419
30882
-3049
-5616
21902
-27408
-22884
15864
23603
-16869
-13357
20648
-27868
27310
19133
13829
-22748
15041
-31537
4697
7190
-10264
8245
7720
5187
-2288
-25324
9993
-26889
28185
24499
32495
-24617
-30888
-13976
-24032
-30872
-24614
-19530
-32684
-9635
-21315
28167
3207
18970
3159
29139
-7049
20178
7131
-21747
17708
18723
-17132
-27250
-17873
12650
24011
6559
-12347
10632
24160
11405
12305
21345
22194
-11922
23649
-14175
23241
-15085
-18027
6800
-3723
-9980
-5131
-8689
16001
16149
-4582
16538
17271
-5098
-21715
-29963
-2016
26141
13678
28786
14992
25816
27711
-14373
-30603
23891
-3747
-11952
-5572
-30099
-32028
-24644
19949
-10070
-7950
9247
-9884
1413
-6348
-8321
-27253
18896
6250
-30700
30982
-16698
19464
2693
31905
-31147
-18892
-150
18654
-5230
18710
10420
31594
-20476
32489
-13839
20002
-8471
4281
-17850
19002
-26668
25416
-16874
-10720
24750
-29378
-24943
-30124
-1517
-12168
18570
25179
2210
30591
19185
-23983
-21628
-12567
4577
-11108
13156
28959
-18745
527
-29415
-31443
-3504
23572
-18371
28836
-18063
-11888
-32142
25591
23041
21794
15757
-26123
2273
-19403
29407
-17078
9008
-19772
-7053
-25846
-2828
-5837
14848
-15393
-909
17739
-30692
18977
-9398
13840
16878
-31340
-5791
15107
-10488
-5639
32719
2763
-24270
-18529
14337
9851
-16237
-17189
16927
9911
-21737
-19683
-3900
-14287
-11407
26569
31543
7263
2764
24851
-5634
-15131
5060
-29426
-32458
23019
24937
-18254
27446
20578
-10415
14508
18963
-23603
6469
25905
2444
-13986
10705
-27943
16235
19948
10238
10001
-23328
-14262
-28169
-1274
-1526
3601
-19670
1687
-7750
2851
-191
-1056
16142
-10968
25810
-10865
15180
-25966
17459
-4519
17434
28344
7230
-7147
-15195
31737
-2335
-7203
9695
-4478
-21130
16527
-5339
-17175
-27602
-24624
-10340
-19097
-6479
-8696
11869
1159
32756
1781
-30654
-13139
-23664
21279
31135
30139
31188
15134
-9954
-14026
1143
32509
30962
-15404
19629
-26170
-26795
-32470
8890
8623
-5179
23342
-8844
212
-24311
27595
-20080
12185
-13028
21351
29670
-18444
25355
-25983
9606
-31926
-14820
-24912
16336
18343
-10884
-1246
-32711
-14906
-757
13891
-1774
-29686
-30906
13242
-24604
21920
-12187
22456
-13819
20322
387
21092
7820
-7804
-9521
18354
-24039
-3919
15181
-525
9116
-24136
-18599
24392
-24374
-32269
19799
18262
-19262
17530
16058
12225
-19622
-11788
25369
-20793
28403
6739
4022
27653
341
5590
-15503
16714
25214
10560
5602
28294
-10015
3123
-9224
5354
-2732
12117
14677
-20600
-10067
21827
-7475
-28612
-11152
29850
-1068
7341
-26943
3868
9998
18295
19392
-11311
4461
11897
-32
-22194
-17233
-8734
-2359
32222
31532
-21145
8058
10760
4404
23533
20281
-26033
-29228
27500
-11993
-10578
8287
26507
-10768
-8928
-27168
-11085
-29084
-25690
-23384
13224
-20266
15817
-17749
-25940
-7752
16441
25225
30547
16108
-17468
4360
357
-6123
102
7437
-6802
-10627
12239
7029
-1957
12242
18580
-21570
-21853
16982
-15642
23672
30090
27833
966
-13602
-21991
4227
-1759
16650
10612
-443
22987
-15166
-12461
-27132
-5483
30845
32377
-19447
-5656
-10967
11332
14854
-5986
31836
-13868
-15575
-31715
7630
6630
2283
-2089
29324
-4330
-480
17318
-21054
6565
5468
-26910
1304
-8763
26579
17703
-1074
-17415
27433
31139
-8426
-30672
4883
20293
16166
2475
7483
2547
8945
-18156
29354
-5141
-2808
-27824
-2642
23308
-9811
22507
22179
-7162
-24700
-8580
27478
-4362
-10450
-2916
-4783
31750
-5615
6190
13911
3069
-22334
-23737
26676
-14205
-6191
18877
-23731
29861
6238
-15278
-29395
25656
-21251
-26849
-29927
-30289
31360
23030
1892
-17589
-26831
17234
10416
-9834
28434
27519
-6811
23693
27732
-14940
12326
-15070
32640
-31552
-26588
-28229
1654
20317
3236
-13044
11665
-15833
-11176
27914
11397
22659
-25312
-32444
25522
22319
31846
-4179
13527
8330
-4653
-19571
17719
19300
-16663
-13244
10812
12689
-27385
12276
30775
4085
-913
7382
16386
28135
-16267
-29676
7666
-30823
23079
-19234
-845
17001
-14523
-7863
-1523
21550
12940
-9967
-2385
-17803
10461
-8935
15164
-18596
8003
-21835
-31196
14398
-29086
-27118
18593
-29775
-18576
-24457
14335
6711
-3808
-28055
-1527
17777
2560
18734
24832
-28630
-27070
-1826
9765
11274
-3830
12928
21990
-2283
-1194
28631
4689
-23019
-25302
25846
-13855
-16959
-27427
21866
17088
-23274
16939
4037
-3500
-12963
4690
-6948
30694
-23415
28445
-12305
-16954
-15602
-16246
-15609
3330
-926
30774
-6155
2474
20688
7828
22488
-11345
10908
-25153
27286
7640
-4601
-25842
-24735
23143
5443
24800
18160
-29369
-24391
4523
-27787
32487
-19777
-25503
-19078
6041
-15425
31105
-8044
-23875
20357
-9078
24902
-30542
-17585
-19907
-2295
3228
-3915
30937
28623
-28599
5823
3457
16876
13993
29293
-14103
-28696
-10876
15010
23569
-22119
-6953
30193
-14183
-2248
-32724
21255
-26501
-25972
-2459
-29882
18559
32714
-24154
-26206
-5144
-2528
29416
17889
14371
7340
2006
25177
-12707
-4135
-29558
32748
12428
19168
26345
-21332
8338
-12682
25290
2757
-28338
5026
30414
-27801
-8304
10402
-14949
17090
7967
-204
29157
-23054
-9624
15544
30403
-16061
6548
8931
23848
22611
19789
27307
23065
-11689
22593
22259
-14845
-12980
-13807
-32430
23312
15826
27149
18441
-7852
-25411
32192
-12050
4622
7434
-17843
71
24016
26910
8324
-6832
5911
-32447
-16504
3009
-18410
-20787
-5114
7728
16820
-30274
24598
18552
7353
-27391
11095
-4839
-13962
8273
18031
23843
19120
28059
23620
4112
19253
-1063
-14954
-12015
8576
-8749
17189
22075
31651
-13242
29643
-32298
43
-19640
-136
1366
21384
-3601
-12974
-10399
-2699
11320
9011
4520
11503
-1441
-1329
30037
18756
-101
16979
-4133
-11551
-7089
-24464
-5468
13489
-14235
-31423
953
1920
26325
30439
-22419
2703
-23670
22520
-24925
-24298
26202
-17215
1349
3434
-29182
27778
-16338
9187
-331
7667
27697
2373
-30164
1517
25483
-19085
-15211
451
25149
12659
-21525
-3443
14690
-1489
-16301
-26188
14198
24701
9533
-5119
-21908
-25379
30584
12513
-17693
24984
-12281
-2121
-3499
32217
-12640
-31481
-18034
7164
-4831
-22245
6085
-28511
30532
-23083
16253
2157
13071
31449
-19056
28860
-27701
-18081
-19114
-26967
11089
32406
-451
-11963
-1899
22491
7361
12315
17480
-14401
27180
-2882
-26669
28936
-26276
-32453
8049
-4486
-19764
22283
6848
22742
-9932
-28652
-13398
-15552
16154
-21611
-20009
6983
25288
26584
-11190
9214
20485
-3694
23591
-1356
-23440
17497
-7839
-3140
10805
20650
-4531
6523
1409
6144
-11178
19448
-7714
-4892
-17760
-20858
13470
-4435
-13364
-13085
31466
-26620
10276
22692
10589
-22126
5072
-8875
-16440
-26683
851
-5731
-21420
22349
-21695
-9573
26722
9810
16282
28083
-4216
-12688
26943
14676
-25552
7801
12125
-29073
14092
12244
32368
32394
21956
-18415
21066
-28024
-5185
23911
10514
-24010
32430
5580
28218
31176
-6011
19227
-9800
-24393
25776
32012
17021
22487
3036
861
2364
23462
18435
13155
23423
-15487
-10783
24310
-6883
29162
14097
5162
-6684
-13756
31161
31866
26472
11699
-28186
7
28288
-30659
7804
-506
-7381
-27950
8241
-28729
-32096
-1359
31076
-19923
-26498
-1851
-28275
22313
16378
-21920
-19811
24669
-21875
-14443
3739
-16752
-24144
26464
-2154
8605
15172
7262
12871
25637
27533
22954
-24345
32379
-13218
-32450
-22049
6741
-18762
-20138
-1121
-24706
-4853
-10076
18624
-6606
3198
19504
-30064
-28915
-29585
-8820
-16320
27012
-8105
9698
-21713
9004
31599
30152
14199
22496
21340
-29497
-31723
-3590
-17376
-3897
-31661
-2043
-6437
4600
3829
28320
-28984
-21274
9364
820
-20183
-15334
2471
-7464
-3404
-12354
28749
20142
20059
9031
12914
12652
-22623
-12231
-13029
-30610
-10141
27173
-25776
-31247
-23890
-336
-29081
-18377
-18575
-19952
-4230
-12232
-13329
-32478
23483
20673
1441
-30479
31348
15408
29941
-14090
31336
-1817
-5957
5826
21552
22500
-30507
11953
25867
14120
3666
22873
13326
-17440
-680
10017
26382
6105
-27830
6284
-7218
-2943
10245
-26216
-14883
289
-25254
-12309
-29495
15388
-13021
13461
15636
-11017
6852
-26484
21634
21972
-11768
10787
1603
-24428
27300
20237
-9858
-32727
-22622
-28260
-12203
25970
-8657
-20717
5649
-26625
-22553
13629
30413
-12025
7420
-22383
1129
25894
-17377
-410
11815
22996
7523
-4110
-18460
-7467
9259
10943
-23461
27990
-650
-15531
-12527
2571
-29926
-4451
-26111
-29068
-12595
20574
-9571
21304
-9158
18676
1533
-3408
17913
6416
28616
-3802
8796
-9544
-27196
30524
-11892
-28133
15454
8831
-5421
-8492
26558
22610
6902
15383
-3884
9095
-17642
3477
-32227
3624
9885
-19871
-10108
-15794
-24364
14148
31189
13545
7362
3414
5232
-12822
-10469
-18047
-3139
-8933
-6045
6157
18953
-1764
-15863
8305
2241
25097
14467
-8642
-16170
-469
19512
-30546
-17026
-6321
-2813
-19506
14390
-13103
-21565
10942
-6912
30040
-17122
23948
-21773
28916
-2675
-15488
-12547
-19600
9061
-28529
31600
-21476
9403
25254
-15005
-15237
28672
-1976
19515
29881
32174
12678
-9351
30421
-12706
16863
2014
-28914
17146
-7247
24817
23247
21047
-8152
13732
-23147
-7035
-8230
-5749
27294
2131
29579
6627
-4079
28541
9712
23193
21716
-18406
23282
-23936
3149
12758
-3680
27645
-65
17095
7996
28550
1292
17561
12859
-23689
-14964
10905
-21074
13465
6306
3821
18872
8160
12543
-8937
22977
12534
17423
-13943
-1559
-3321
-31606
23417
-12942
-24986
-5942
-4610
6762
6064
-17808
-30238
-9293
6955
-4711
-21763
32431
-25612
8688
-25130
-9163
-2864
-3372
32287
30513
-10780
-16472
-2225
-3730
-20606
14233
-16428
900
-5539
32153
1405
18274
-18106
-8707
1717
-8650
22870
-16392
31114
-16159
-28144
5341
26070
20232
-25187
-21
13039
-30941
5099
-15492
29750
-22277
-32412
-31799
1729
-8129
30844
20862
-29916
-24732
-8118
-14435
-16810
-646
20259
-15608
-19665
25090
22618
-22163
10572
4823
7767
14602
10937
-3727
14329
-2876
-20440
-29433
8837
-11657
15632
-20647
-1057
-4181
-18154
2417
-32346
-6793
3219
-16112
-4255
-8209
8798
20740
2755
-26719
19520
-27727
-18515
-10423
-9966
-14241
10580
14312
-24848
16677
9168
-2119
12579
6987
7457
-25565
26864
-2684
-22010
13283
-927
17587
-24142
-22548
13956
32632
-20348
28440
3910
20129
29977
554
-18922
32618
16189
808
28732
-15090
14098
-6217
-3859
12431
309
-26122
-23144
-27174
16417
-16658
4619
-4071
10036
-14425
21001
-7239
24705
16271
-27800
-15399
-4351
-15466
-22034
-28591
-27402
-11552
-32628
-14538
-20706
-24304
16608
-22949
1833
13466
-21531
-30569
-31969
-21421
22800
3659
-1290
-25442
13170
16255
-8478
17881
15360
9267
-4569
842
21319
7817
-9592
21202
28189
11726
-1737
-20214
-7471
25271
-29863
29946
23348
20451
-17480
-25723
-5338
-4020
-19859
29840
-14505
19568
-9574
2322
28144
18615
-28857
-15477
16276
7653
-3356
-10243
-2780
-19305
-6255
-7014
3276
14960
-22352
-31405
17599
-15892
-28383
-21953
29163
-19990
-2575
28041
10953
-31747
9898
-30956
324
-16622
19369
-16465
-11128
-11786
1925
-22322
-15601
-32733
-16303
12382
4008
-14052
21232
29
-26129
8819
-24468
21857
-12007
24816
-8827
27603
-7122
10715
23378
28026
23029
-27754
6742
8729
32743
8152
-22762
-11616
24466
542
-1748
-10708
17071
-5008
-11964
3295
775
32062
19229
-4966
-26968
181
8286
1566
15795
-11528
26397
9090
1243
-22026
-4204
-12220
17081
19717
1209
-12743
25969
-12881
-4552
18899
-32406
-13589
30974
9577
-4350
-8159
23735
32579
15132
-17031
-7439
-2629
567
-24486
22821
29641
-18132
-14413
-14532
-2613
21273
-14206
16248
-29462
-13914
2229
-23315
27473
30818
-31923
18571
-25714
-9201
-21282
32231
-1481
-9156
-7570
-29237
-8134
-29912
-12791
9222
-26239
-13552
-11561
12269
-2991
-25610
-11458
21862
13061
5350
17358
-26806
-32215
17784
26262
12268
16599
18922
817
8115
6623
-2166
-26547
-24765
10668
10914
-14539
32320
7715
11568
-17815
-6249
-32548
13336
8381
-23402
-14356
11202
14044
-10222
22693
30488
-28163
18528
-10005
240
26486
-8033
-4533
724
9989
-20995
7394
-19911
8683
19584
10277
208
8784
30611
-10570
24244
-6531
-11844
9393
26573
29981
17917
4859
-24195
-3638
-9000
10543
15738
20231
-4023
-783
-16355
25728
-30999
-6765
-22300
15349
2237
12616
15
20890
22478
-18197
15681
-24024
32219
-28357
-17173
-7893
20947
12322
22468
-27694
-21881
4023
25564
20852
-29260
27688
24447
-12709
25143
31517
28001
-10744
-32186
12818
4788
-29276
-23492
-4920
11111
-3792
-26092
-5637
24637
-5021
17216
21431
9711
-22707
-2868
20710
18741
16589
-31568
-10556
-8373
23701
3481
21119
-15579
-8983
10435
-5736
25823
-10903
21546
-25255
6192
25299
-12930
-13269
15841
29595
23982
-17409
-5111
24054
27038
6727
25170
-32288
7088
31790
-18172
-16890
278
28533
-26281
-27859
-14502
-9457
6146
1882
14030
-22879
13006
25971
17697
-31173
27590
7981
15254
-12052
32026
12599
-20473
17691
21107
9103
-4843
22055
-2188
-22479
-1047
14734
2462
21657
-8666
-6714
-7283
-7769
-19182
-5232
-16636
19735
12661
-6804
9778
31898
-18358
23940
27296
31961
-3941
-3519
-10873
-4482
-31149
30600
-17339
-31111
21801
-23232
31296
-23754
-21610
16474
-12870
-8611
-19799
-9993
18962
-19439
-10216
-23854
31387
-28086
22195
-29055
-25624
-1219
32480
13163
23142
-21703
-23196
-20353
6050
-22996
16279
-2553
-19119
19170
13701
-2347
-13747
11342
7329
12310
23706
-29270
-25637
-2266
17298
-13214
-20691
16190
-27566
21359
11051
-19139
19825
-28482
-27439
1837
-9656
12441
-3835
-10507
19893
-20965
-3934
11649
14616
25959
24687
20118
19358
-32341
-2721
-16844
-26420
-129
17043
15062
-16458
-20930
-29481
-27079
-30687
-31268
7627
-23627
-4622
-28565
-16613
9525
24886
-5882
-5240
-32219
4681
3635
22076
-32387
-14593
-19486
31405
20705
9740
24862
-1497
27242
-5137
15155
-11041
19603
-1198
28186
-1977
28160
7242
4287
-16751
26979
32052
-20034
20598
-22105
17103
16211
-29595
14551
-25869
-13625
23461
4574
-30104
2594
832
12440
13007
19605
27214
18317
-1823
-25959
-21225
10962
-24402
13723
-25834
-5317
-23174
636
-21577
22792
30888
-20451
27495
-18149
20827
28497
-13245
-17705
-30924
-25186
-30933
17097
29647
4919
2276
-8709
28953
15784
-21187
4564
-13330
3192
30355
16546
-5089
13297
-30397
-8269
27233
-5138
-26905
10997
-14730
23599
-14591
18073
-9672
5656
-12079
17306
28998
21151
15992
8158
-17926
-27040
-14396
-21801
18335
29709
4307
24717
-32138
19973
20264
5407
4290
-28581
-20876
9875
25488
-26225
-29350
-11743
1952
-2674
-19397
6078
8321
-29876
24410
9007
-22054
21371
-28659
22376
15458
-7442
30550
-6547
24791
20767
-19627
-20117
21069
-13966
7971
21481
-28844
-13343
-19763
20861
3112
-4373
-7765
26151
-28181
21490
4033
16842
-22124
21867
-18317
-29319
26297
-11647
-32680
2071
22767
-1376
32112
-12103
2023
30354
28776
-7694
-27473
12582
-13436
18611
-6841
4630
24443
19589
-16081
12450
13208
19440
27852
-8684
-22768
19598
3547
-23794
-29624
-15305
28888
-31497
26886
18196
-10486
17594
5314
-25761
-27743
21178
13934
7892
1390
-15049
1466
-27714
12301
27615
23024
-14888
16198
-25144
13609
-23571
16092
26938
28416
8061
-26891
-5879
-26850
26423
1578
31299
-19556
17842
18852
-8125
13877
6505
26510
30478
27863
10790
30094
8521
-16670
21596
-24837
21326
-19297
-29717
14074
-4844
11251
1865
15494
-27971
-11501
3627
3043
2717
-32034
17935
8989
22432
14349
-1659
20616
16646
11349
-5213
2431
-14334
-11688
454
-6560
-22044
6966
12622
30260
22282
2139
32121
-30640
-7543
6758
29696
-24958
10047
15000
22786
15724
-4915
2537
1805
-20583
20738
12801
-23170
-6608
-194
-7844
-21104
-4847
19643
-11641
11720
-30642
16371
-13092
30360
-24201
-26613
-20538
4118
24547
-7293
6082
-21075
-2376
27341
4821
-12675
-18333
31987
-32583
3455
14698
31896
-17714
14606
12405
19918
-31414
-17573
2897
-9416
-27449
27944
-18083
-31050
-24922
-6240
-23109
-26561
31108
12695
9404
28078
-29559
28431
-16347
27539
-19088
-25420
-22332
4914
-18389
4867
-18706
1357
8991
661
-490
-1974
-22948
-5267
4071
30527
-24091
-21343
22269
-21005
19600
13943
-1437
-14551
-3493
8942
-27914
-11929
-2847
19770
-5437
-26470
-30174
3994
-886
261
-3297
-3204
-19959
-20945
4705
6392
-31403
24586
-6041
28948
-20415
-17228
12961
8743
31795
10301
26502
-13337
-11189
-8275
-9103
21582
31744
26825
-4106
-25802
1384
-24664
32727
-21598
-18578
27140
-22523
-762
13834
-32645
28282
19569
19335
24075
-16859
-3878
-12889
17293
-243
14869
-31535
30489
12421
418
6791
11142
-23917
25492
4296
6286
1929
5128
-12293
-20509
-21856
-30381
24492
-29602
23026
-30528
18359
20214
9292
-26056
28915
-20925
20787
147
-2229
-23459
11937
6496
28468
-14860
27783
-7749
17418
22981
-7766
-32375
-31589
10813
17038
7847
-8977
-28433
1591
-9863
-26604
-10044
622
16375
-31097
20658
-10493
-29173
-13290
21836
-2114
2552
26994
31205
29922
-21707
5449
-5985
-20401
8237
8228
5290
6500
-25796
10983
31934
11562
-21543
-2120
-26890
-10443
-31590
-14018
7389
-17172
-26800
-30699
-21076
-26077
25279
-30923
25314
17126
23957
12391
25858
-32725
15946
-10788
9459
-5154
23138
20465
-24456
14145
-27858
-20626
28880
-6631
-21424
-12284
-2159
-29931
17846
17559
-22181
-30299
-18806
-17477
15035
-1741
-13429
4054
2770
-19323
-5668
19727
-23158
-16390
-7941
-26285
-662
-28953
-10765
-16477
-15676
27137
9721
4015
-17779
-24366
-24012
5430
-15847
26332
19672
-2898
-30689
-1468
23146
-17635
-4771
-23176
15608
18144
-26516
17514
16026
6459
23469
19278
-4850
-25435
15386
-18616
23598
-9442
9562
-4018
19119
-23527
-19529
-18673
18987
-8089
-29312
6027
4988
4780
-20810
8877
30789
-16234
-16459
3853
29180
-8140
21404
1474
-6214
31741
-15257
-1073
16139
11949
-20865
7823
5405
30551
22515
20304
1803
13922
13529
-20220
22095
28077
-23969
22654
-4229
-20750
22967
-24265
29950
9928
-16524
29678
12910
25050
24932
19551
4080
21300
-17901
-738
3114
31319
-24079
-15719
-24820
-5719
31837
-31532
28965
-19733
18569
-31827
-4415
-11161
4031
-12364
6820
-7407
6331
-20447
-9562
-23104
-20211
-21303
-9192
-27481
-417
21604
23005
-20781
25157
474
25159
16465
4897
8433
8291
9045
24084
-26976
-15057
-25134
-26258
-27036
10558
31975
-4382
31938
-26002
-21926
-12802
-618
-32024
7443
-44
29165
-29440
-18651
-16302
-22763
-13022
-6701
31804
27078
21425
6692
-26558
-17099
20619
-20849
-9307
12427
10074
-3876
-28097
-4757
12884
-801
6773
26131
17085
18980
-29207
-531
-23112
16559
4115
-4727
12106
-29332
-29407
30114
29748
862
21629
27847
-11194
-16892
-8598
17507
4667
30014
14484
2735
-972
11706
-29400
21295
-18279
-26715
26715
-4947
30077
1089
-17263
-21475
28381
-7691
7885
-15184
-24482
-19527
10721
14050
26004
-6800
