10000
22364
22392
22397
22405
22407
22438
22464
22499
22521
22545
22549
22587
22602
22634
22649
22659
22684
22694
22709
22738
22771
22802
22805
22818
22845
22861
22884
22924
22939
22977
22998
23036
23075
23090
23094
23111
23124
23150
23178
23181
23183
23219
23235
23260
23286
23313
23333
23348
23386
23414
23423
23435
23461
23485
23508
23547
23555
23560
23563
23589
23601
23619
23637
23643
23653
23655
23675
23683
23720
23732
23736
23754
23763
23773
23811
23848
23883
23901
23927
23964
23996
24014
24031
24044
24079
24102
24115
24128
24147
24186
24216
24225
24253
24273
24283
24295
24323
24327
24339
24368
24386
24394
24395
24420
24454
24488
24495
24512
24515
24550
24573
24602
24615
24642
24646
24679
24708
24734
24754
24784
24796
24802
24841
24877
24916
24954
24984
25000
25031
25038
25043
25044
25079
25084
25120
25159
25196
25216
25218
25255
25274
25297
25332
25362
25385
25386
25391
25405
25438
25456
25461
25496
25499
25511
25542
25554
25559
25581
25586
25602
25604
25613
25628
25638
25665
25683
25687
25699
25717
25749
25789
25791
25825
25831
25862
25870
25875
25885
25918
25924
25945
25952
25967
26002
26026
26033
26038
26046
26084
26098
26130
26144
26165
26168
26177
26180
26195
26203
26213
26229
26230
26235
26236
26275
26290
26329
26332
26344
26359
26382
26385
26410
26421
26461
26480
26494
26505
26538
26572
26580
26582
26610
26616
26617
26641
26670
26698
26707
26715
26738
26776
26804
26814
26834
26870
26898
26926
26930
26944
26969
26989
27005
27022
27043
27053
27075
27115
27151
27155
27195
27200
27228
27237
27238
27254
27256
27274
27305
27312
27334
27364
27379
27402
27409
27422
27435
27461
27471
27503
27522
27531
27538
27560
27596
27599
27611
27645
27679
27694
27724
27759
27796
27827
27832
27836
27864
27902
27910
27939
27940
27951
27960
27969
27993
28007
28033
28052
28092
28102
28134
28160
28189
28216
28254
28266
28287
28321
28334
28360
28362
28377
28412
28420
28427
28466
28500
28517
28540
28579
28606
28614
28632
28655
28681
28699
28708
28710
28714
28748
28768
28773
28795
28799
28817
28838
28877
28915
28924
28962
28987
29015
29037
29055
29083
29087
29119
29149
29176
29201
29241
29268
29271
29307
29318
29338
29356
29363
29374
29394
29407
29418
29445
29463
29491
29496
29498
29529
29530
29551
29576
29590
29621
29636
29652
29673
29680
29693
29707
29711
29744
29773
29813
29817
29842
29873
29901
29935
29951
29977
29991
30026
30055
30078
30089
30115
30142
30171
30199
30223
30244
30283
30288
30315
30330
30341
30372
30390
30428
30449
30483
30499
30510
30513
30552
30584
30596
30606
30611
30627
30655
30688
30714
30738
30759
30763
30768
30772
30806
30834
30835
30843
30860
30873
30902
30930
30947
30971
30997
31006
31007
31033
31069
31080
31105
31142
31171
31186
31191
31220
31226
31232
31247
31261
31300
31318
31354
31374
31375
31384
31394
31412
31414
31446
31485
31516
31556
31582
31612
31635
31637
31662
31692
31730
31742
31762
31782
31792
31809
31827
31837
31862
31876
31881
31921
31944
31980
31991
32001
32038
32060
32061
32094
32110
32122
32154
32169
32183
32191
32212
32225
32231
32238
32249
32280
32303
32328
32340
32343
32376
32380
32396
32409
32421
32435
32448
32463
32477
32488
32496
32527
32552
32574
32577
32603
32639
32673
32696
32711
32743
32746
32758
32797
32811
32851
32858
32894
32925
32954
32956
32994
33006
33037
33055
33085
33092
33114
33152
33165
33191
33225
33260
33264
33279
33286
33294
33312
33351
33354
33392
33417
33440
33442
33449
33483
33506
33529
33565
33592
33613
33651
33658
33688
33690
33698
33738
33757
33784
33806
33820
33852
33871
33881
33885
33918
33925
33951
33966
34001
34019
34025
34046
34083
34108
34137
34169
34209
34227
34245
34263
34293
34302
34315
34318
34320
34355
34386
34403
34425
34432
34462
34502
34521
34522
34540
34558
34570
34586
34593
34618
34646
34657
34669
34696
34729
34769
34788
34800
34817
34830
34864
34890
34902
34913
34939
34944
34962
34985
35015
35037
35060
35078
35107
35117
35144
35180
35208
35230
35269
35305
35319
35324
35329
35333
35346
35386
35409
35420
35450
35472
35499
35517
35548
35552
35582
35609
35621
35643
35649
35663
35682
35704
35740
35762
35783
35811
35829
35865
35903
35935
35968
35994
36024
36060
36083
36094
36127
36156
36195
36228
36256
36283
36307
36346
36379
36410
36421
36454
36459
36480
36487
36527
36551
36577
36592
36626
36662
36693
36716
36733
36750
36781
36792
36794
36827
36841
36858
36860
36876
36886
36917
36921
36959
36989
37013
37035
37067
37103
37138
37175
37178
37189
37225
37238
37241
37258
37289
37303
37338
37365
37376
37403
37440
37443
37454
37491
37528
37530
37557
37588
37597
37619
37620
37647
37675
37696
37697
37703
37722
37756
37778
37785
37792
37815
37829
37866
37878
37914
37935
37937
37939
37978
37982
38016
38050
38063
38075
38092
38119
38135
38140
38144
38165
38175
38179
38185
38190
38214
38219
38225
38260
38278
38283
38314
38323
38349
38384
38393
38414
38449
38481
38503
38519
38555
38591
38598
38630
38643
38670
38709
38719
38720
38760
38776
38780
38785
38802
38823
38850
38866
38893
38933
38949
38985
38992
39005
39006
39026
39063
39070
39075
39112
39136
39162
39169
39171
39174
39182
39188
39190
39224
39231
39235
39248
39252
39287
39325
39365
39403
39435
39455
39492
39496
39507
39541
39548
39568
39570
39592
39604
39624
39648
39683
39710
39731
39753
39782
39814
39821
39851
39864
39877
39917
39943
39966
39986
40009
40030
40065
40067
40097
40120
40153
40159
40174
40205
40238
40241
40254
40290
40315
40333
40347
40368
40384
40388
40412
40438
40449
40463
40473
40491
40512
40542
40555
40569
40574
40586
40613
40619
40653
40666
40688
40722
40748
40768
40804
40824
40828
40837
40838
40867
40869
40884
40889
40917
40937
40938
40954
40992
40993
40998
41034
41060
41082
41110
41120
41133
41161
41177
41184
41198
41235
41241
41281
41307
41322
41328
41363
41381
41385
41418
41434
41453
41470
41497
41498
41529
41535
41552
41558
41584
41614
41627
41662
41678
41686
41725
41747
41776
41796
41810
41838
41843
41861
41876
41911
41924
41955
41992
42029
42030
42048
42082
42117
42141
42155
42192
42216
42229
42261
42282
42306
42321
42349
42370
42387
42422
42432
42464
42473
42481
42520
42558
42582
42601
42619
42659
42682
42702
42706
42707
42716
42741
42768
42781
42806
42832
42833
42863
42899
42920
42928
42933
42973
43008
43009
43031
43045
43047
43077
43108
43144
43164
43176
43194
43223
43255
43284
43324
43353
43369
43389
43398
43406
43409
43427
43461
43463
43498
43515
43521
43534
43551
43566
43606
43612
43628
43650
43681
43697
43728
43762
43773
43803
43838
43856
43871
43906
43911
43921
43929
43941
43956
43988
44001
44033
44038
44076
44100
44115
44133
44164
44184
44201
44225
44238
44244
44268
44296
44315
44324
44357
44366
44405
44442
44465
44501
44519
44527
44543
44559
44561
44568
44596
44607
44639
44646
44649
44689
44719
44750
44765
44804
44815
44831
44857
44867
44869
44877
44917
44942
44973
45000
45032
45048
45052
45072
45103
45118
45146
45156
45186
45205
45227
45265
45295
45330
45365
45385
45418
45431
45442
45450
45452
45486
45515
45542
45581
45604
45618
45648
45654
45667
45671
45677
45691
45695
45706
45707
45746
45766
45798
45806
45827
45831
45859
45896
45913
45919
45946
45969
46009
46011
46048
46075
46083
46094
46107
46120
46121
46152
46192
46208
46248
46266
46290
46316
46342
46379
46413
46416
46438
46473
46486
46518
46529
46534
46554
46565
46602
46616
46654
46667
46701
46734
46770
46785
46803
46805
46839
46876
46898
46916
46917
46945
46985
46992
47028
47042
47046
47057
47091
47094
47115
47135
47163
47197
47215
47243
47267
47276
47295
47305
47342
47351
47374
47399
47422
47443
47458
47465
47494
47514
47523
47547
47548
47577
47598
47626
47666
47685
47713
47735
47746
47779
47798
47829
47834
47849
47851
47870
47877
47899
47932
47950
47958
47967
47972
47973
47989
48025
48041
48051
48065
48098
48121
48146
48154
48171
48179
48196
48232
48256
48267
48306
48311
48339
48347
48383
48407
48414
48447
48472
48512
48539
48565
48595
48609
48646
48676
48679
48692
48713
48749
48752
48757
48770
48788
48794
48816
48848
48888
48918
48950
48988
48996
49008
49024
49053
49081
49092
49129
49146
49163
49192
49212
49219
49222
49244
49261
49291
49324
49346
49377
49393
49428
49446
49464
49488
49489
49502
49528
49555
49592
49627
49630
49634
49653
49683
49686
49713
49737
49774
49810
49832
49857
49890
49893
49928
49934
49968
49975
49987
50002
50020
50058
50062
50099
50115
50143
50160
50180
50187
50201
50235
50266
50274
50312
50339
50376
50406
50445
50476
50479
50503
50515
50528
50554
50558
50570
50600
50626
50628
50629
50643
50650
50657
50690
50707
50726
50729
50766
50790
50810
50831
50871
50875
50898
50903
50912
50931
50944
50978
50983
51015
51028
51034
51040
51063
51066
51080
51089
51098
51137
51167
51198
51227
51252
51265
51291
51331
51351
51364
51391
51430
51462
51483
51508
51510
51530
51564
51592
51595
51622
51642
51660
51667
51698
51703
51705
51725
51729
51744
51760
51772
51778
51784
51793
51833
51870
51874
51897
51906
51946
51950
51957
51984
52024
52057
52073
52077
52092
52100
52139
52174
52182
52184
52201
52237
52277
52284
52308
52343
52348
52372
52374
52388
52402
52429
52459
52475
52511
52531
52556
52584
52600
52618
52642
52681
52718
52742
52757
52766
52788
52793
52810
52822
52849
52855
52864
52886
52894
52896
52928
52940
52963
52986
53017
53033
53073
53108
53140
53169
53206
53243
53267
53306
53317
53338
53378
53402
53408
53417
53429
53446
53457
53491
53518
53556
53576
53591
53608
53629
53645
53661
53662
53678
53679
53692
53715
53732
53742
53774
53787
53801
53826
53866
53902
53907
53908
53947
53976
53993
54028
54066
54090
54095
54117
54141
54162
54194
54222
54251
54285
54312
54343
54375
54380
54419
54455
54465
54490
54516
54530
54570
54584
54603
54641
54652
54656
54684
54686
54717
54741
54757
54785
54823
54858
54887
54924
54961
55000
55003
55013
55028
55064
55101
55106
55115
55141
55149
55179
55218
55225
55259
55263
55276
55311
55332
55354
55377
55395
55423
55430
55459
55460
55465
55499
55532
55545
55561
55595
55622
55655
55670
55700
55723
55754
55784
55787
55800
55809
55845
55870
55888
55911
55945
55971
56000
56027
56055
56088
56125
56153
56159
56167
56192
56232
56242
56262
56277
56307
56314
56327
56336
56354
56357
56381
56409
56435
56455
56486
56505
56514
56533
56562
56575
56601
56627
56645
56671
56703
56726
56731
56758
56785
56795
56806
56824
56845
56857
56860
56868
56905
56922
56958
56964
56968
56991
57016
57030
57044
57059
57071
57074
57086
57113
57121
57159
57183
57216
57227
57262
57270
57309
57321
57356
57370
57377
57395
57414
57437
57450
57456
57476
57503
57542
57567
57595
57600
57620
57652
57666
57686
57694
57701
57714
57746
57761
57797
57828
57852
57876
57906
57930
57950
57962
58000
58027
58050
58064
58092
58101
58140
58177
58214
58241
58273
58289
58300
58318
58324
58326
58348
58382
58408
58415
58417
58426
58432
58453
58462
58492
58520
58526
58536
58544
58580
58609
58626
58639
58675
58713
58730
58751
58789
58793
58809
58846
58858
58863
58866
58906
58913
58945
58946
58949
58989
59016
59052
59084
59090
59120
59141
59146
59180
59216
59255
59276
59299
59325
59356
59388
59403
59427
59429
59460
59469
59470
59510
59545
59576
59606
59622
59644
59675
59698
59710
59743
59759
59787
59808
59824
59848
59881
59907
59926
59961
59986
60008
60046
60085
60105
60136
60148
60162
60198
60204
60235
60254
60282
60294
60313
60345
60371
60373
60409
60441
60464
60492
60505
60545
60573
60595
60621
60641
60648
60663
60687
60726
60732
60753
60788
60790
60801
60835
60844
60877
60910
60948
60954
60957
60971
61007
61021
61038
61072
61097
61115
61147
61186
61213
61242
61260
61276
61290
61297
61322
61353
61358
61370
61408
61442
61480
61517
61534
61540
61547
61570
61580
61603
61619
61629
61637
61652
61653
61682
61714
61751
61773
61789
61813
61844
61868
61871
61875
61878
61907
61912
61928
61946
61949
61972
61987
62009
62010
62028
62056
62070
62108
62122
62137
62153
62183
62187
62190
62196
62198
62205
62243
62279
62311
62349
62373
62397
62432
62453
62468
62503
62531
62552
62561
62568
62569
62594
62622
62648
62653
62656
62675
62677
62700
62722
62756
62765
62805
62818
62830
62842
62881
62908
62910
62932
62972
62985
63024
63050
63055
63068
63078
63110
63128
63144
63156
63195
63210
63244
63263
63276
63278
63310
63339
63342
63361
63384
63393
63406
63426
63446
63473
63489
63490
63501
63507
63527
63563
63598
63621
63641
63670
63687
63710
63729
63744
63749
63782
63784
63806
63840
63853
63893
63909
63927
63939
63964
63997
63998
64027
64036
64048
64088
64119
64122
64145
64174
64190
64203
64217
64234
64264
64287
64306
64309
64313
64333
64369
64404
64443
64466
64495
64512
64513
64547
64555
64594
64616
64643
64653
64657
64662
64702
64742
64753
64762
64766
64767
64794
64811
64837
64867
64883
64888
64922
64929
64955
64973
65007
65015
65051
65082
65121
65133
65149
65174
65210
65211
65212
65224
65257
65277
65286
65321
65337
65367
65387
65413
65425
65449
65485
65518
65545
65563
65586
65622
65628
65630
65668
65685
65723
65734
65749
65766
65783
65811
65848
65867
65888
65891
65929
65951
65987
66013
66019
66040
66041
66057
66068
66092
66095
66098
66114
66146
66185
66213
66234
66236
66238
66249
66264
66289
66320
66326
66338
66375
66413
66433
66451
66475
66505
66512
66528
66531
66559
66584
66621
66625
66645
66666
66705
66740
66780
66814
66837
66867
66906
66934
66954
66971
67002
67029
67042
67043
67073
67097
67100
67111
67140
67152
67189
67229
67236
67248
67262
67267
67283
67294
67298
67306
67323
67353
67379
67416
67435
67448
67473
67475
67501
67517
67536
67543
67548
67573
67597
67624
67635
67644
67656
67683
67714
67735
67751
67754
67793
67819
67826
67844
67853
67883
67904
67913
67928
67930
67941
67977
68007
68012
68050
68055
68072
68106
68107
68136
68163
68192
68216
68229
68266
68275
68306
68342
68378
68408
68441
68466
68504
68521
68526
68553
68568
68589
68603
68626
68641
68642
68677
68711
68717
68726
68756
68779
68783
68784
68816
68827
68837
68868
68905
68937
68949
68958
68986
68993
69020
69059
69085
69118
69132
69142
69165
69197
69230
69243
69276
69285
69286
69305
69345
69374
69388
69390
69408
69448
69482
69488
69503
69520
69545
69553
69560
69580
69581
69589
69624
69628
69640
69673
69699
69736
69756
69760
69789
69813
69820
69836
69841
69873
69908
69925
69936
69974
69994
70016
70032
70040
70067
70075
70097
70136
70169
70208
70247
70271
70275
70290
70294
70321
70322
70357
70390
70401
70428
70468
70475
70512
70514
70536
70538
70542
70566
70568
70604
70608
70624
70647
70648
70686
70702
70725
70754
70782
70807
70835
70854
70892
70904
70924
70956
70991
71022
71035
71049
71068
71069
71106
71143
71156
71190
71195
71210
71231
71245
71275
71286
71311
71346
71375
71381
71416
71449
71460
71488
71497
71523
71547
71551
71579
71597
71598
71619
71633
71634
71674
71701
71740
71754
71781
71796
71821
71835
71850
71888
71899
71921
71927
71944
71963
72000
72006
72043
72075
72096
72109
72128
72142
72169
72171
72206
72225
72262
72292
72304
72306
72311
72337
72352
72382
72393
72419
72424
72441
72448
72467
72505
72526
72557
72566
72570
72573
72610
72646
72654
72656
72677
72681
72692
72719
72733
72752
72782
72801
72831
72848
72862
72886
72905
72927
72929
72960
72976
73011
73035
73048
73068
73094
73126
73130
73139
73178
73192
73225
73245
73276
73297
73309
73341
73373
73375
73407
73431
73464
73471
73474
73479
73507
73524
73556
73584
73609
73638
73641
73661
73682
73712
73740
73778
73812
73846
73862
73884
73917
73938
73967
73976
73981
73995
74008
74023
74049
74074
74086
74113
74143
74180
74201
74226
74241
74272
74289
74297
74326
74332
74366
74390
74423
74439
74463
74492
74505
74534
74535
74547
74553
74556
74562
74591
74599
74601
74621
74655
74664
74681
74705
74720
74745
74752
74759
74778
74810
74825
74862
74868
74893
74899
74919
74938
74951
74982
74997
75005
75040
75057
75080
75091
75121
75144
75182
75189
75212
75244
75246
75278
75316
75332
75352
75355
75390
75405
75407
75417
75418
75426
75428
75435
75440
75461
75469
75483
75486
75487
75497
75504
75507
75529
75539
75559
75577
75610
75637
75669
75672
75698
75737
75738
75769
75785
75801
75841
75852
75880
75902
75933
75966
75970
75987
75989
76007
76019
76059
76067
76094
76102
76103
76106
76111
76140
76173
76203
76228
76260
76298
76306
76309
76324
76327
76366
76404
76443
76463
76493
76502
76508
76543
76568
76569
76595
76621
76629
76636
76637
76655
76681
76708
76719
76722
76750
76751
76771
76792
76795
76814
76836
76843
76881
76888
76911
76924
76931
76957
76996
77019
77031
77052
77057
77065
77098
77114
77132
77137
77153
77181
77211
77218
77245
77258
77283
77317
77326
77334
77355
77377
77401
77433
77451
77464
77491
77515
77517
77548
77560
77572
77587
77614
77640
77664
77689
77696
77734
77756
77776
77801
77804
77806
77831
77854
77891
77899
77911
77931
77950
77967
77981
78009
78032
78049
78061
78071
78085
78105
78145
78184
78187
78190
78220
78242
78259
78284
78318
78340
78357
78376
78400
78416
78424
78432
78436
78461
78498
78519
78522
78540
78542
78562
78595
78625
78649
78662
78674
78678
78702
78707
78740
78778
78785
78808
78838
78847
78856
78857
78865
78903
78905
78945
78951
78983
79016
79030
79044
79067
79080
79083
79113
79117
79138
79163
79184
79206
79225
79254
79273
79293
79309
79328
79342
79346
79376
79385
79415
79419
79420
79459
79463
79486
79494
79498
79512
79538
79573
79578
79584
79591
79620
79622
79659
79692
79704
79737
79739
79765
79772
79780
79787
79813
79844
79881
79910
79935
79967
79983
80021
80035
80061
80080
80092
80100
80104
80144
80169
80206
80246
80258
80280
80306
80311
80329
80361
80388
80428
80464
80495
80498
80502
80516
80517
80531
80535
80570
80593
80629
80644
80664
80678
80695
80707
80736
80761
80796
80809
80835
80872
80883
80891
80910
80915
80939
80950
80970
81009
81049
81082
81106
81112
81121
81124
81131
81164
81179
81195
81216
81245
81283
81307
81336
81350
81361
81398
81420
81456
81478
81482
81519
81538
81572
81574
81584
81603
81612
81622
81645
81655
81656
81694
81725
81739
81774
81794
81830
81838
81860
81863
81891
81904
81943
81948
81952
81959
81972
82004
82041
82060
82070
82110
82116
82128
82164
82179
82213
82253
82265
82273
82301
82334
82364
82388
82404
82443
82478
82516
82552
82572
82599
82619
82642
82675
82714
82752
82776
82807
82830
82849
82875
82915
82938
82940
82971
83001
83040
83055
83081
83117
83143
83157
83167
83179
83194
83200
83212
83213
83228
83262
83285
83324
83346
83350
83372
83387
83401
83436
83437
83444
83452
83491
83529
83554
83574
83599
83630
83657
83693
83726
83753
83760
83763
83798
83831
83851
83886
83895
83928
83940
83948
83963
83993
84024
84055
84081
84099
84132
84160
84163
84203
84218
84228
84231
84247
84255
84282
84313
84335
84360
84362
84399
84403
84436
84459
84474
84483
84506
84534
84535
84536
84545
84575
84605
84629
84659
84665
84704
84706
84720
84736
84766
84794
84834
84869
84885
84917
84945
84947
84964
85000
85026
85061
85066
85095
85114
85136
85140
85175
85182
85206
85235
85263
85293
85326
85340
85345
85380
85390
85409
85431
85436
85447
85468
85506
85514
85542
85555
85585
85589
85599
85624
85634
85663
85700
85730
85752
85779
85787
85818
85840
85850
85866
85887
85896
85924
85940
85980
85986
86008
86036
86049
86055
86095
86108
86148
86160
86185
86190
86193
86228
86262
86273
86296
86304
86322
86355
86358
86390
86392
86420
86455
86457
86459
86479
86497
86537
86557
86577
86613
86614
86628
86632
86653
86680
86694
86716
86730
86746
86763
86769
86778
86817
86838
86843
86861
86889
86922
86937
86962
86996
87029
87032
87046
87086
87091
87110
87138
87139
87151
87189
87190
87223
87236
87238
87242
87270
87277
87306
87338
87371
87397
87411
87451
87491
87496
87503
87530
87546
87555
87586
87589
87601
87639
87668
87700
87707
87720
87743
87777
87814
87852
87872
87887
87906
87916
87954
87956
87958
87977
88013
88018
88058
88061
88091
88099
88123
88125
88144
88162
88197
88225
88265
88272
88303
88330
88348
88374
88381
88390
88404
88425
88428
88460
88474
88482
88507
88528
88543
88573
88585
88603
88636
88674
88678
88698
88720
88760
88798
88802
88841
88863
88869
88903
88938
88975
89009
89031
89057
89077
89109
89126
89159
89172
89191
89195
89233
89266
89284
89290
89320
89353
89371
89399
89436
89446
89459
89463
89501
89502
89536
89548
89552
89575
89590
89599
89616
89646
89659
89676
89680
89709
89720
89740
89764
89773
89779
89796
89814
89851
89890
89927
89946
89956
89976
90002
90026
90060
90088
90125
90139
90149
90162
90202
90212
90250
90251
90253
90284
90286
90287
90314
90315
90337
90368
90380
90414
90415
90441
90471
90474
90492
90498
90525
90531
90533
90536
90570
90579
90609
90648
90678
90684
90688
90710
90711
90751
90778
90803
90808
90824
90856
90876
90912
90913
90919
90948
90956
90957
90979
90989
91018
91019
91043
91052
91058
91065
91082
91096
91117
91143
91148
91157
91196
91201
91215
91245
91268
91300
91329
91362
91380
91407
91416
91449
91477
91497
91535
91547
91555
91590
91598
91633
91654
91682
91706
91722
91761
91782
91804
91833
91869
91886
91902
91941
91950
91954
91979
92006
92041
92049
92086
92126
92128
92159
92187
92224
92250
92252
92274
92310
92339
92348
92386
92393
92415
92419
92437
92454
92493
92519
92552
92577
92606
92621
92635
92662
92680
92715
92735
92774
92809
92826
92845
92851
92870
92875
92885
92903
92927
92953
92974
92987
93000
93027
93036
93065
93081
93089
93126
93141
93153
93157
93176
93209
93211
93247
93287
93291
93302
93328
93360
93362
93379
93406
93428
93464
93487
93492
93519
93550
93588
93602
93629
93637
93654
93687
93695
93717
93728
93746
93748
93755
93771
93799
93811
93848
93857
93889
93910
93928
93932
93949
93970
94004
94024
94054
94060
94093
94121
94144
94158
94195
94213
94241
94267
94271
94304
94314
94342
94366
94373
94397
94437
94439
94448
94449
94477
94507
94543
94553
94567
94605
94611
94642
94676
94677
94696
94713
94717
94746
94782
94793
94796
94814
94827
94840
94855
94856
94894
94918
94939
94961
94973
95000
95032
95057
95058
95095
95112
95115
95125
95137
95155
95186
95217
95254
95270
95308
95340
95353
95377
95378
95408
95440
95459
95475
95482
95506
95534
95550
95564
95573
95583
95604
95623
95625
95658
95678
95685
95723
95737
95773
95799
95803
95829
95858
95890
95925
95955
95989
96023
96041
96050
96054
96079
96111
96133
96156
96188
96211
96212
96228
96247
96277
96312
96335
96345
96352
96364
96397
96423
96460
96477
96511
96517
96528
96550
96583
96593
96618
96623
96651
96668
96684
96700
96706
96729
96762
96765
96803
96812
96828
96842
96843
96854
96885
96918
96937
96947
96971
96996
97022
97050
97084
97086
97098
97111
97112
97125
97127
97155
97194
97231
97235
97264
97295
97307
97314
97329
97349
97360
97373
97381
97410
97444
97448
97480
97499
97519
97544
97580
97602
97617
97639
97667
97672
97682
97684
97691
97728
97760
97784
97805
97810
97831
97850
97864
97871
97885
97925
97942
97950
97987
98023
98046
98082
98119
98127
98152
98172
98191
98209
98215
98224
98238
98268
98294
98316
98333
98369
98373
98390
98404
98416
98423
98449
98462
98477
98489
98504
98533
98541
98578
98609
98627
98663
98683
98704
98712
98717
98722
98730
98737
98766
98784
98809
98817
98842
98880
98884
98906
98917
98929
98956
98996
99025
99034
99065
99087
99098
99121
99153
99171
99179
99198
99221
99239
99243
99252
99270
99305
99333
99371
99395
99419
99453
99468
99482
99500
99531
99571
99611
99613
99627
99642
99678
99700
99703
99706
99742
99758
99794
99825
99827
99848
99855
99874
99875
99911
99915
99928
99929
99966
100002
100013
100033
100046
100056
100084
100091
100106
100130
100162
100197
100209
100223
100229
100257
100296
100303
100316
100325
100327
100331
100367
100396
100401
100422
100427
100440
100457
100493
100508
100544
100575
100588
100624
100659
100673
100685
100688
100725
100762
100783
100806
100832
100837
100854
100885
100887
100922
100953
100960
100965
100970
100988
100994
101003
101038
101040
101041
101044
101068
101105
101130
101147
101171
101178
101179
101218
101246
101262
101297
101313
101317
101338
101341
101357
101386
101387
101414
101430
101465
101479
101496
101530
101570
101592
101606
101643
101665
101672
101712
101747
101757
101771
101789
101790
101791
101802
101820
101826
101833
101839
101859
101867
101904
101912
101925
101961
101972
101986
102013
102033
102072
102105
102124
102154
102190
102223
102225
102243
102258
102277
102285
102305
102343
102383
102393
102396
102406
102430
102453
102478
102492
102531
102569
102598
102606
102645
102667
102696
102712
102750
102763
102802
102832
102842
102871
102897
102922
102940
102976
103008
103013
103035
103070
103093
103130
103156
103189
103198
103200
103215
103247
103263
103281
103299
103308
103346
103374
103375
103387
103423
103426
103453
103480
103505
103506
103546
103585
103615
103645
103646
103648
103687
103696
103721
103760
103772
103802
103822
103829
103854
103863
103869
103899
103926
103944
103960
103965
103977
103987
103994
104019
104028
104032
104045
104080
104114
104145
104156
104181
104198
104218
104233
104239
104262
104265
104284
104314
104317
104343
104381
104393
104413
104429
104437
104444
104469
104484
104492
104502
104525
104534
104565
104600
104604
104641
104643
104650
104659
104676
104680
104684
104713
104739
104750
104780
104803
104829
104833
104855
104891
104924
104925
104933
104951
104966
104992
105012
105016
105025
105027
105035
105074
105100
105111
105147
105167
105187
105199
105205
105213
105244
105262
105268
105284
105309
105314
105326
105350
105380
105401
105426
105456
105474
105486
105506
105517
105538
105560
105566
105576
105583
105605
105613
105625
105653
105679
105706
105741
105758
105784
105807
105828
105844
105865
105882
105909
105917
105923
105930
105949
105974
105979
106001
106011
106041
106081
106119
106141
106160
106195
106230
106242
106259
106264
106288
106317
106349
106370
106385
106392
106413
106418
106422
106439
106459
106473
106484
106506
106514
106518
106525
106562
106570
106590
106611
106651
106671
106698
106737
106758
106791
106816
106821
106855
106863
106877
106878
106914
106936
106955
106989
107006
107046
107066
107094
107114
107135
107171
107193
107226
107242
107244
107272
107289
107327
107338
107375
107391
107428
107451
107483
107489
107503
107543
107570
107573
107585
107586
107622
107661
107666
107686
107697
107729
107762
107769
107800
107837
107877
107908
107932
107959
107992
108013
108051
108089
108090
108122
108138
108156
108196
108216
108231
108249
108283
108292
108296
108321
108357
108396
108411
108442
108464
108489
108523
108537
108577
108600
108621
108627
108659
108667
108670
108699
108718
108733
108770
108797
108830
108868
108881
108887
108925
108933
108971
109004
109026
109046
109048
109082
109115
109130
109142
109154
109162
109170
109193
109227
109234
109260
109290
109319
109338
109352
109390
109397
109426
109449
109450
109475
109514
109532
109552
109571
109610
109639
109650
109660
109662
109701
109737
109744
109771
109788
109797
109826
109838
109866
109876
109903
109914
109948
109950
109977
109978
110011
110036
110053
110077
110091
110117
110125
110136
110158
110171
110181
110215
110226
110258
110289
110318
110330
110356
110380
110389
110427
110467
110495
110504
110506
110525
110535
110542
110573
110583
110591
110594
110596
110616
110643
110662
110672
110704
110728
110732
110765
110790
110809
110824
110848
110860
110874
110906
110924
110952
110988
110999
111012
111052
111067
111083
111095
111098
111137
111138
111154
111166
111169
111209
111248
111279
111300
111331
111368
111396
111429
111447
111466
111504
111510
111518
111524
111563
111595
111621
111639
111665
111694
111704
111718
111719
111750
111774
111791
111799
111808
111841
111870
111871
111901
111935
111938
111964
111994
112005
112012
112048
112082
112121
112142
112179
112213
112247
112251
112284
112297
112317
112328
112356
112389
112419
112436
112471
112483
112493
112526
112529
112547
112587
112593
112603
112610
112632
112651
112688
112719
112735
112773
112790
112802
112842
112848
112887
112920
112960
112971
112981
113010
113023
113044
113046
113047
113061
113092
113106
113143
113173
113186
113223
113247
113269
113305
113342
113381
113412
113445
113461
113493
113498
113502
113522
113553
113569
113583
113593
113610
113650
113676
113678
113717
113723
113763
113775
113804
113839
113854
113872
113908
113919
113955
113975
113995
114005
114011
114047
114061
114095
114123
114158
114159
114194
114219
114254
114265
114278
114316
114348
114375
114385
114386
114411
114439
114478
114499
114525
114562
114566
114592
114631
114646
114648
114662
114680
114718
114739
114759
114788
114808
114810
114822
114845
114855
114881
114900
114908
114924
114931
114936
114967
114974
114989
115021
115060
115097
115112
115123
115136
115176
115186
115209
115238
115253
115263
115267
115296
115302
115340
115355
115389
115405
115410
115412
115446
115480
115513
115533
115543
115548
115563
115574
115599
115627
115658
115690
115694
115709
115740
115758
115769
115785
115790
115804
115840
115868
115904
115925
115940
115967
116005
116043
116077
116081
116108
116145
116150
116184
116185
116197
116206
116210
116215
116224
116236
116272
116297
116313
116329
116366
116380
116407
116429
116464
116468
116491
116503
116525
116540
116565
116603
116618
116654
116687
116715
116745
116774
116811
116844
116854
116887
116920
116948
116959
116999
117021
117023
117036
117049
117081
117084
117090
117127
117164
117176
117210
117249
117252
117266
117302
117306
117315
117335
117351
117360
117400
117426
117465
117500
117503
117523
117557
117567
117604
117617
117620
117653
117679
117681
117713
117718
117719
117725
117758
117769
117801
117824
117853
117876
117909
117949
117972
117975
117995
118035
118066
118071
118091
118094
118132
118144
118182
118190
118192
118228
118243
118262
118281
118296
118310
118338
118367
118406
118432
118471
118486
118519
118548
118561
118564
118568
118577
118588
118612
118623
118625
118635
118671
118686
118706
118713
118734
118759
118773
118809
118811
118817
118833
118855
118884
118895
118920
118960
118980
118983
118995
119019
119051
119074
119085
119093
119099
119104
119116
119132
119168
119173
119176
119210
119224
119256
119281
119287
119305
119330
119358
119389
119414
119430
119437
119451
119482
119511
119538
119560
119596
119614
119635
119642
119662
119682
119716
119739
119759
119770
119771
119801
119807
119831
119855
119871
119886
119917
119935
119959
119990
119995
120026
120029
120061
120088
120092
120119
120153
120165
120169
120175
120190
120209
120240
120254
120257
120290
120317
120319
120333
120347
120387
120423
120436
120441
120473
120485
120522
120543
120574
120603
120605
120633
120648
120671
120678
120693
120700
120713
120719
120743
120764
120780
120799
120830
120839
120875
120911
120916
120929
120953
120989
121026
121060
121088
121128
121131
121167
121181
121182
121215
121255
121269
121280
121295
121331
121358
121396
121415
121424
121453
121464
121482
121511
121523
121532
121554
121558
121598
121630
121647
121671
121698
121727
121767
121773
121802
121810
121845
121855
121861
121872
121908
121930
121963
121967
121981
122012
122043
122047
122055
122064
122089
122114
122132
122161
122187
122196
122211
122226
122254
122293
122305
122333
122367
122402
122426
122430
122445
122458
122462
122490
122495
122522
122543
122567
122590
122594
122618
122633
122660
122679
122684
122715
122725
122764
122795
122798
122833
122867
122878
122880
122895
122904
122927
122945
122982
123010
123039
123067
123068
123083
123106
123108
123125
123133
123146
123152
123169
123179
123185
123222
123245
123270
123297
123309
123318
123356
123358
123367
123380
123401
123434
123440
123465
123487
123512
123513
123550
123567
123597
123628
123649
123679
123683
123710
123713
123740
123752
123769
123790
123829
123860
123868
123871
123878
123912
123951
123987
123993
124027
124058
124083
124102
124136
124169
124203
124225
124236
124246
124270
124272
124300
124328
124338
124347
124373
124396
124400
124420
124429
124445
124466
124469
124481
124505
124536
124541
124550
124566
124595
124618
124650
124685
124693
124727
124741
124755
124773
124789
124826
124861
124892
124915
124921
124949
124973
124983
125009
125039
125041
125076
125089
125108
125123
125153
125189
125218
125222
125248
125257
125265
125299
125332
125352
125383
125407
125442
125462
125496
125505
125534
125564
125570
125588
125603
125624
125646
125670
125693
125728
125753
125784
125800
125807
125834
125839
125878
125894
125910
125942
125966
125975
125997
126026
126037
126042
126069
126072
126109
126121
126144
126151
126172
126211
126222
126240
126260
126269
126295
126303
126319
126357
126379
126397
126416
126448
126471
126493
126532
126539
126547
126559
126572
126597
126615
126644
126675
126695
126708
126740
126774
126781
126817
126854
126870
126885
126893
126922
126958
126959
126991
127008
127039
127065
127081
127099
127102
127133
127156
127165
127188
127215
127236
127245
127271
127290
127311
127345
127380
127404
127419
127442
127450
127463
127472
127481
127486
127501
127508
127513
127537
127566
127583
127618
127645
127669
127705
127714
127739
127776
127796
127828
127857
127882
127914
127920
127951
127972
127978
128013
128045
128071
128087
128102
128134
128139
128146
128174
128180
128202
128226
128250
128266
128304
128332
128363
128398
128438
128466
128472
128509
128527
128547
128573
128590
128601
128617
128643
128655
128670
128683
128717
128738
128771
128780
128806
128840
128848
128877
128884
128909
128946
128963
128971
128990
129026
129059
129062
129078
129111
129142
129167
129182
129195
129229
129268
129297
129322
129343
129358
129374
129384
129386
129400
129412
129434
129451
129490
129504
129518
129521
129561
129584
129588
129600
129620
129647
129661
129678
129703
129737
129741
129779
129805
129820
129843
129878
129909
129916
129942
129974
130010
130046
130060
130090
130113
130124
130140
130172
130202
130213
130251
130269
130278
130286
130296
130321
130324
130362
130383
130418
130433
130458
130466
130498
130515
130543
130566
130583
130617
130649
130688
130728
130768
130800
130818
130850
130856
130876
130892
130898
130905
130931
130939
130948
130973
131000
131007
131029
131044
131081
131114
131121
131136
131140
131154
131191
131229
131260
131290
131301
131310
131327
131343
131348
131353
131381
131419
131428
131437
131474
131504
131540
131542
131554
131575
131599
131622
131656
131669
131706
131729
131753
131762
131768
131792
131797
131834
131863
131880
131912
131939
131941
131943
131974
132010
132049
132083
132107
132119
132134
132151
132181
132206
132223
132238
132253
132266
132282
132319
132354
132371
132384
132411
132433
132438
132461
132462
132488
132502
132527
132561
132576
132599
132611
132649
132662
132681
132712
132719
132723
132725
132730
132768
132801
132811
132849
132888
132915
132938
132970
132972
132987
133001
133032
133059
133092
133106
133124
133152
133156
133181
133205
133215
133243
133253
133272
133285
133294
133308
133320
133340
133347
133363
133371
133396
133432
133440
133465
133473
133507
133527
133567
133597
133635
133637
133670
133685
133724
133736
133775
133799
133810
133847
133850
133857
133871
133890
133913
133921
133958
133979
134018
134043
134053
134060
134086
134094
134111
134139
134160
134179
134181
134192
134200
134217
134248
134269
134291
134298
134331
134353
134392
134429
134467
134485
134517
134527
134542
134576
134582
134595
134602
134625
134648
134654
134659
134665
134667
134704
134734
134755
134778
134779
134807
134820
134853
134880
134892
134932
134967
135002
135033
135070
135095
135106
135129
135162
135179
135215
135228
135252
135262
135292
135308
135337
135365
135401
135417
135423
135455
135485
135488
135500
135525
135533
135565
135574
135584
135604
135607
135618
135644
135656
135681
135697
135735
135745
135781
135783
135797
135816
135825
135854
135873
135874
135897
135911
135933
135950
135985
136024
136053
136066
136068
136108
136110
136128
136134
136142
136170
136174
136179
136184
136186
136194
136232
136272
136285
136303
136317
136329
136358
136391
136409
136417
136424
136448
136478
136497
136503
136533
136562
136594
136610
136650
136676
136679
136681
136719
136733
136743
136765
136776
136810
136833
136844
136876
136892
136913
136943
136963
136984
137008
137048
137053
137055
137057
137081
137115
137142
137154
137189
137193
137232
137250
137275
137300
137318
137352
137369
137372
137411
137417
137449
137450
137476
137492
137530
137551
137564
137578
137579
137609
137610
137624
137630
137668
137675
137678
137699
137738
137777
137817
137846
137871
137872
137884
137900
137939
137958
137965
137997
138016
138051
138072
138082
138105
138126
138159
138161
138190
138204
138223
138262
138263
138264
138293
138325
138339
138341
138351
138374
138412
138414
138453
138474
138513
138516
138547
138569
138595
138632
138642
138665
138678
138694
138708
138745
138772
138798
138799
138806
138816
138819
138832
138839
138869
138876
138889
138902
138906
138941
138980
138985
139002
139006
139041
139043
139079
139108
139143
139177
139187
139219
139229
139257
139282
139289
139315
139347
139353
139379
139388
139426
139461
139480
139500
139509
139536
139537
139568
139605
139613
139623
139634
139673
139696
139725
139726
139762
139772
139795
139810
139831
139854
139889
139913
139914
139937
139976
140008
140043
140076
140113
140138
140152
140167
140191
140206
140228
140246
140270
140281
140306
140324
140355
140377
140382
140398
140410
140414
140442
140474
140506
140541
140563
140572
140588
140616
140653
140660
140662
140687
140702
140704
140715
140747
140770
140786
140794
140825
140846
140871
140890
140930
140961
140995
141028
141043
141075
141103
141105
141107
141140
141145
141146
141186
141215
141255
141260
141265
141290
141315
141353
141382
141393
141428
141440
141454
141456
141469
141473
141477
141491
141517
141553
141576
141610
141618
141620
141627
141642
141662
141677
141696
141723
141734
141744
141758
141784
141820
141855
141866
141901
141930
141934
141953
141984
142019
142034
142071
142108
142114
142134
142139
142173
142200
142201
142240
142271
142291
142323
142336
142363
142401
142428
142444
142454
142455
142458
142486
142500
142505
142530
142537
142567
142594
142598
142610
142630
142664
142669
142671
142706
142709
142724
142726
142750
142756
142768
142769
142777
142815
142826
142828
142839
142842
142872
142905
142912
142919
142938
142957
142989
143017
143026
143043
143050
143053
143059
143082
143083
143114
143144
143184
143185
143189
143204
143232
143264
143274
143277
143282
143318
143325
143338
143368
143383
143394
143409
143446
143471
143484
143520
143530
143554
143585
143586
143626
143642
143663
143689
143710
143724
143728
143738
143743
143752
143785
143811
143822
143833
143856
143894
143896
143923
143928
143957
143965
143972
143995
144003
144039
144072
144107
144127
144137
144144
144167
144186
144207
144215
144225
144264
144285
144312
144328
144345
144370
144396
144398
144407
144437
144452
144457
144488
144512
144542
144551
144561
144569
144589
144602
144633
144641
144679
144689
144701
144736
144756
144785
144814
144846
144885
144909
144923
144939
144956
144967
144969
145006
145010
145017
145029
145051
145074
145110
145123
145155
145175
145179
145208
145240
145269
145292
145329
145359
145399
145407
145435
145447
145471
145510
145534
145550
145588
145613
145652
145673
145712
145741
145756
145789
145805
145821
145824
145826
145866
145886
145909
145919
145932
145952
145990
146019
146021
146048
146049
146082
146105
146111
146138
146144
146169
146176
146179
146208
146220
146231
146241
146262
146276
146306
146336
146364
146393
146423
146452
146479
146507
146544
146574
146587
146597
146600
146621
146639
146659
146686
146715
146722
146734
146754
146773
146797
146798
146818
146842
146850
146867
146875
146882
146914
146942
146965
146981
146987
146999
147014
147018
147058
147092
147107
147109
147143
147153
147169
147178
147215
147240
147246
147269
147309
147331
147350
147384
147394
147425
147462
147475
147492
147522
147529
147534
147555
147591
147613
147633
147650
147653
147658
147672
147699
147717
147728
147730
147755
147776
147802
147830
147852
147888
147892
147932
147969
148006
148039
148040
148046
148066
148070
148097
148128
148146
148169
148174
148179
148206
148234
148254
148265
148277
148307
148327
148336
148365
148388
148396
148413
148433
148468
148496
148518
148528
148556
148580
148618
148628
148644
148676
148710
148733
148765
148791
148826
148847
148881
148896
148927
148946
148947
148969
148981
148996
149008
149022
149050
149052
149088
149090
149092
149130
149132
149150
149186
149207
149223
149246
149280
149316
149354
149369
149383
149423
149432
149450
149470
149509
149540
149567
149579
149606
149612
149631
149636
149646
149675
149678
149682
149699
149718
149751
149788
149807
149814
149844
149862
149866
149889
149910
149944
149979
149984
150013
150032
150055
150086
150096
150123
150156
150186
150195
150206
150233
150266
150301
150330
150353
150380
150401
150417
150436
150446
150483
150517
150544
150578
150617
150638
150662
150671
150704
150733
150773
150785
150796
150813
150818
150844
150848
150887
150897
150912
150921
150934
150962
150982
151004
151010
151031
151060
151086
151111
151134
151137
151167
151175
151198
151217
151256
151271
151295
151333
151353
151365
151391
151410
151427
151434
151467
151493
151499
151524
151543
151561
151579
151597
151618
151640
151676
151681
151718
151729
151764
151803
151832
151869
151897
151937
151967
151977
152005
152013
152049
152088
152094
152116
152133
152166
152189
152202
152214
152253
152278
152303
152322
152329
152366
152375
152397
152435
152447
152459
152489
152509
152533
152565
152571
152610
152640
152649
152682
152713
152752
152784
152788
152798
152837
152841
152870
152910
152947
152984
153013
153047
153052
153074
153108
153130
153148
153182
153197
153235
153259
153270
153278
153304
153312
153335
153336
153371
153400
153428
153435
153461
153469
153491
153524
153556
153571
153577
153608
153623
153626
153646
153650
153683
153684
153685
153693
153733
153734
153756
153765
153770
153776
153778
153782
153786
153815
153841
153879
153919
153920
153945
153977
153980
153994
154028
154046
154071
154076
154103
154125
154163
154187
154208
154241
154262
154301
154310
154316
154319
154336
154349
154377
154388
154394
154409
154449
154467
154488
154522
154544
154558
154584
154591
154595
154622
154633
154662
154669
154699
154733
154745
154764
154778
154791
154829
154858
154897
154902
154941
154944
154968
154996
155011
155033
155073
155091
155104
155142
155163
155188
155210
155241
155254
155262
155292
155320
155360
155397
155436
155445
155458
155473
155497
155502
155539
155573
155612
155619
155632
155644
155654
155685
155693
155701
155711
155728
155756
155757
155759
155797
155808
155833
155856
155860
155897
155899
155923
155946
155966
155995
156018
156057
156097
156106
156138
156150
156178
156185
156218
156249
156258
156270
156289
156324
156341
156347
156364
156384
156391
156409
156431
156462
156491
156528
156532
156550
156580
156589
156591
156612
156625
156628
156642
156667
156680
156715
156750
156782
156801
156813
156833
156847
156872
156908
156934
156948
156985
157023
157033
157041
157050
157088
157115
157132
157135
157155
157185
157220
157236
157274
157313
157328
157349
157380
157391
157431
157469
157473
157491
157501
157520
157536
157559
157586
157625
157631
157653
157685
157719
157742
157771
157806
157808
157845
157883
157903
157917
157933
157961
157999
158034
158064
158092
158096
158106
158114
158153
158156
158166
158177
158190
158215
158217
158245
158264
158270
158296
158312
158319
158337
158347
158358
158370
158377
158411
158426
158452
158469
158481
158512
158551
158586
158617
158629
158649
158677
158683
158715
158740
158766
158783
158816
158835
158872
158905
158937
158944
158975
158976
159003
159018
159045
159049
159057
159093
159113
159147
159182
159218
159257
159280
159306
159313
159348
159385
159424
159445
159452
159492
159497
159515
159529
159531
159545
159557
159564
159565
159569
159573
159604
159610
159641
159660
159663
159671
159694
159718
159742
159782
159801
159816
159822
159859
159884
159887
159900
159935
159941
159956
159986
160026
160058
160092
160113
160136
160146
160155
160161
160194
160202
160236
160266
160306
160310
160340
160350
160355
160363
160376
160390
160427
160440
160441
160456
160472
160483
160511
160512
160547
160573
160600
160617
160639
160656
160688
160698
160705
160742
160776
160786
160794
160814
160830
160856
160863
160880
160894
160911
160932
160951
160957
160984
160994
161012
161046
161071
161094
161128
161137
161145
161148
161151
161176
161190
161192
161215
161243
161253
161287
161309
161339
161375
161391
161406
161436
161465
161492
161508
161543
161567
161598
161637
161646
161654
161684
161694
161705
161741
161774
161802
161813
161830
161859
161876
161900
161939
161943
161971
161979
162010
162042
162080
162118
162129
162153
162155
162168
162206
162234
162257
162295
162316
162351
162357
162363
162377
162393
162405
162433
162473
162505
162523
162548
162568
162599
162626
162659
162678
162714
162752
162769
162809
162811
162840
162874
162913
162945
162950
162955
162968
162987
163002
163033
163059
163085
163099
163137
163174
163192
163194
163206
163212
163239
163243
163255
163289
163316
163327
163346
163356
163358
163372
163382
163387
163425
163460
163493
163509
163517
163541
163570
163589
163603
163619
163632
163662
163680
163688
163705
163708
163711
163729
163733
163747
163757
163758
163786
163796
163804
163819
163842
163863
163901
163937
163970
163993
164006
164046
164065
164104
164144
164178
164184
164191
164205
164214
164230
164239
164267
164271
164277
164303
164337
164358
164385
164399
164436
164455
164463
164491
164521
164537
164542
164545
164553
164561
164599
164620
164659
164694
164711
164714
164730
164735
164758
164760
164771
164775
164809
164813
164853
164862
164892
164909
164934
164969
164979
165011
165047
165079
165112
165145
165166
165172
165184
165189
165214
165223
165225
165241
165262
165267
165286
165323
165331
165362
165395
165405
165435
165458
165482
165488
165511
165544
165584
165617
165648
165676
165685
165712
165727
165736
165758
165782
165811
165819
165847
165864
165895
165919
165940
165962
165975
165989
166029
166040
166048
166081
166101
166110
166131
166134
166139
166178
166217
166235
166264
166265
166301
166332
166355
166362
166376
166398
166438
166471
166477
166485
166492
166517
166521
166543
166573
166598
166631
166645
166670
166694
166702
166721
166752
166775
166801
166841
166880
166904
166938
166943
166980
167013
167053
167058
167086
167115
167125
167132
167146
167166
167206
167234
167260
167265
167295
167303
167317
167318
167357
167378
167399
167416
167440
167468
167470
167496
167524
167537
167575
167583
167613
167623
167646
167679
167690
167704
167729
167765
167774
167785
167818
167852
167871
167892
167908
167935
167942
167975
168003
168023
168056
168083
168104
168120
168145
168183
168214
168250
168268
168304
168339
168346
168375
168415
168418
168428
168450
168468
168506
168535
168547
168575
168591
168625
168632
168667
168673
168694
168723
168755
168780
168808
168822
168861
168870
168890
168899
168930
168957
168969
169007
169026
169064
169078
169083
169108
169126
169161
169184
169185
169219
169225
169237
169261
169281
169301
169329
169343
169374
169409
169443
169479
169515
169547
169585
169595
169611
169648
169682
169698
169707
169726
169765
169792
169830
169842
169866
169869
169873
169910
169949
169984
169998
170007
170038
170078
170115
170124
170159
170180
170189
170224
170245
170275
170289
170298
170307
170335
170338
170342
170376
170377
170400
170424
170461
170481
170485
170486
170491
170506
170530
170552
170559
170582
170608
170638
170645
170673
170699
170707
170709
170743
170747
170778
170808
170846
170853
170875
170905
170942
170943
170959
170978
170988
170993
171028
171052
171058
171089
171095
171115
171152
171167
171199
171220
171258
171295
171306
171317
171352
171356
171374
171400
171419
171444
171474
171487
171515
171529
171544
171567
171571
171581
171614
171641
171651
171663
171676
171716
171741
171781
171783
171820
171841
171842
171877
171880
171896
171919
171953
171979
171986
172020
172049
172085
172086
172118
172143
172145
172153
172189
172225
172252
172287
172327
172351
172363
172397
172433
172445
172458
172470
172493
172506
172546
172552
172556
172593
172624
172661
172662
172680
172710
172740
172777
172788
172827
172846
172854
172861
172866
172875
172883
172889
172924
172940
172965
172992
172997
173032
173044
173047
173070
173110
173137
173176
173197
173198
173225
173249
173268
173297
173300
173328
173350
173367
173371
173390
173408
173443
173469
173477
173483
173515
173542
173570
173575
173579
173592
173621
173643
173653
173673
173704
173726
173731
173743
173752
173788
173819
173847
173883
173912
173935
173971
174010
174028
174060
174068
174098
174121
174144
174182
174202
174223
174260
174288
174327
174329
174336
174365
174376
174383
174409
174415
174449
174451
174462
174489
174507
174536
174558
174598
174621
174628
174648
174669
174672
174674
174701
174718
174721
174726
174751
174761
174765
174791
174807
174843
174849
174883
174916
174917
174932
174972
174974
174989
175024
175035
175060
175068
175071
175111
175125
175155
175190
175198
175226
175255
175263
175269
175270
175284
175302
175321
175352
175377
175416
175453
175470
175504
175537
175567
175576
175584
175592
175617
175650
175652
175654
175688
175697
175699
175709
175747
175772
175811
175818
175850
175857
175878
175901
175923
175942
175958
175962
175973
175990
176007
176036
176075
176082
176090
176122
176126
176158
176176
176215
176225
176265
176286
176326
176363
176396
176430
176455
176460
176489
176499
176519
176558
176579
176608
176631
176657
176682
176688
176704
176740
176765
176784
176791
176805
176817
176852
176864
176885
176907
176916
176934
176945
176952
176976
176996
177010
177020
177027
177059
177089
177124
177156
177165
177202
177231
177251
177252
177262
177273
177306
177312
177350
177371
177393
177421
177424
177454
177483
177495
177505
177524
177526
177530
177534
177572
177576
177606
177617
177645
177671
177708
177742
177753
177793
177831
177833
177866
177868
177888
177902
177935
177967
177973
178006
178013
178047
178075
178082
178120
178158
178174
178192
178223
178231
178249
178255
178292
178293
178316
178330
178361
178372
178374
178390
178403
178422
178441
178479
178494
178526
178542
178549
178552
178572
178597
178627
178656
178673
178697
178698
178701
178722
178723
178727
178752
178761
178767
178790
178817
178831
178837
178875
178885
178910
178941
178948
178949
178982
179007
179016
179032
179070
179075
179102
179126
179146
179176
179187
179195
179212
179235
179267
179274
179301
179322
179324
179351
179388
179427
179459
179492
179496
179523
179549
179579
179608
179626
179651
179681
179682
179721
179756
179776
179787
179823
179859
179892
179901
179915
179940
179963
179997
180022
180044
180068
180092
180107
180142
180153
180190
180219
180245
180285
180303
180310
180338
180357
180387
180392
180413
180435
180463
180500
180505
180523
180555
180591
180631
180645
180648
180687
180703
180731
180744
180775
180801
180816
180851
180879
180886
180896
180913
180914
180925
180938
180971
180995
180998
181023
181052
181083
181117
181140
181173
181177
181214
181249
181278
181315
181316
181339
181340
181359
181360
181389
181390
181422
181434
181462
181490
181504
181509
181533
181541
181543
181572
181591
181615
181648
181687
181695
181728
181729
181731
181757
181782
181793
181798
181822
181846
181886
181923
181958
181986
182012
182014
182025
182065
182085
182104
182127
182131
182151
182166
182202
182205
182213
182220
182221
182261
182292
182324
182348
182367
182393
182429
182435
182470
182504
182507
182514
182526
182562
182568
182604
182623
182633
182654
182676
182683
182702
182727
182759
182770
182809
182821
182845
182870
182905
182929
182967
182968
183004
183026
183058
183060
183062
183078
183107
183115
183117
183142
183182
183205
183214
183241
183273
183280
183293
183317
183323
183363
183369
183390
183420
183436
183474
183495
183497
183524
183560
183578
183581
183583
183606
183631
183664
183679
183712
183742
183779
183795
183805
183834
183871
183873
183896
183916
183956
183971
183998
184035
184038
184065
184069
184077
184080
184116
184149
184157
184168
184208
184219
184247
184263
184291
184308
184317
184344
184370
184386
184392
184431
184449
184467
184492
184512
184516
184531
184571
184599
184603
184613
184632
184660
184676
184682
184722
184759
184765
184781
184795
184830
184855
184869
184875
184896
184902
184934
184956
184986
185020
185050
185067
185086
185100
185135
185155
185194
185216
185248
185257
185269
185307
185327
185360
185378
185384
185387
185425
185461
185500
185520
185559
185592
185614
185621
185645
185662
185671
185685
185710
185728
185744
185780
185785
185818
185824
185836
185874
185878
185893
185904
185910
185917
185953
185993
186010
186023
186028
186047
186081
186091
186106
186110
186138
186161
186191
186220
186246
186268
186304
186339
186347
186353
186380
186388
186391
186400
186407
186420
186450
186454
186462
186493
186500
186514
186529
186536
186554
186583
186597
186611
186640
186662
186699
186723
186726
186737
186763
186796
186824
186826
186842
186871
186883
186910
186922
186934
186953
186955
186967
186990
187012
187034
187050
187086
187107
187108
187122
187138
187142
187168
187169
187198
187227
187258
187291
187308
187345
187383
187400
187417
187423
187461
187498
187536
187542
187575
187609
187649
187671
187692
187711
187751
187780
187816
187848
187858
187864
187888
187922
187949
187956
187959
187988
188027
188046
188076
188089
188103
188106
188130
188150
188181
188221
188239
188265
188279
188284
188308
188338
188341
188351
188361
188381
188408
188419
188423
188447
188449
188476
188511
188537
188553
188580
188605
188608
188636
188676
188711
188717
188732
188736
188761
188771
188798
188809
188838
188845
188856
188872
188904
188943
188971
188972
188973
189005
189042
189059
189090
189105
189132
189136
189138
189145
189185
189193
189221
189231
189268
189303
189309
189340
189361
189384
189408
189428
189448
189469
189470
189508
189515
189532
189572
189587
189601
189635
189645
189652
189660
189697
189710
189716
189737
189747
189759
189791
189817
189824
189852
189855
189872
189899
189905
189910
189925
189955
189970
189972
189982
190021
190025
190045
190079
190110
190120
190147
190177
190181
190185
190225
190244
190276
190306
190326
190327
190330
190356
190362
190369
190407
190432
190445
190461
190471
190500
190527
190548
190588
190592
190595
190608
190626
190633
190661
190663
190672
190676
190689
190711
190744
190768
190796
190810
190820
190829
190839
190877
190894
190930
190931
190968
190990
191008
191009
191028
191067
191076
191099
191123
191160
191200
191207
191245
191281
191283
191295
191304
191321
191336
191341
191347
191363
191370
191388
191398
191402
191418
191449
191477
191487
191497
191513
191527
191543
191576
191599
191607
191640
191651
191676
191714
191742
191753
191784
191820
191859
191896
191932
191938
191976
191994
192020
192040
192073
192087
192090
192112
192132
192165
192169
192197
192221
192240
192244
192262
192296
192300
192330
192356
192390
192417
192451
192477
192508
192528
192539
192570
192572
192587
192616
192618
192658
192681
192710
192720
192740
192764
192770
192772
192792
192805
192838
192843
192853
192886
192922
192945
192951
192987
193025
193055
193064
193088
193122
193123
193128
193157
193175
193198
193226
193251
193290
193302
193325
193353
193367
193406
193431
193467
193479
193486
193488
193500
193505
193512
193527
193553
193570
193585
193603
193604
193605
193643
193681
193717
193733
193738
193769
193797
193834
193871
193878
193898
193915
193919
193946
193980
194008
194044
194068
194069
194081
194101
194141
194154
194179
194182
194215
194254
194272
194274
194282
194292
194328
194353
194386
194415
194420
194441
194452
194462
194498
194499
194509
194530
194557
194575
194587
194596
194619
194658
194667
194675
194715
194748
194752
194754
194758
194782
194797
194837
194853
194859
194897
194922
194932
194964
194991
195027
195044
195077
195079
195086
195116
195133
195138
195177
195216
195223
195226
195259
195275
195301
195321
195322
195351
195390
195414
195447
195454
195460
195477
195514
195549
195570
195584
195612
195621
195630
195664
195673
195699
195733
195769
195771
195806
195821
195837
195846
195872
195890
195904
195930
195937
195966
195975
195995
196008
196029
196040
196059
196084
196097
196120
196157
196167
196173
196196
196200
196225
196239
196270
196297
196332
196355
196381
196418
196438
196440
196467
196477
196492
196519
196541
196552
196587
196610
196635
196659
196699
196718
196755
196795
196814
196852
196853
196878
196916
196934
196951
196984
196987
197002
197036
197048
197066
197091
197125
197163
197180
197199
197213
197232
197268
197295
197331
197336
197349
197365
197375
197414
197451
197484
197506
197546
197566
197590
197629
197654
197684
197708
197720
197730
197753
197755
197791
197801
197817
197823
197828
197842
197859
197875
197900
197936
197961
197986
198000
198040
198061
198085
198106
198129
198158
198174
198188
198222
198235
198239
198240
198269
198288
198312
198352
198353
198389
198398
198401
198407
198427
198435
198455
198476
198497
198524
198561
198598
198621
198634
198672
198692
198694
198718
198729
198738
198770
198777
198806
198846
198868
198876
198900
198913
198949
198951
198972
199008
199043
199047
199080
199088
199126
199141
199163
199198
199211
199215
199255
199269
199299
199323
199333
199358
199386
199393
199411
199424
199453
199468
199487
199519
199557
199596
199622
199631
199641
199648
199651
199655
199682
199707
199711
199727
199751
199760
199786
199793
199816
199826
199853
199883
199920
199921
199957
199963
199975
200012
200016
200050
200086
200117
200149
200160
200182
200220
200260
200292
200296
200310
200336
200361
200382
200408
200446
200483
200523
200555
200565
200600
200630
200635
200658
200680
200693
200701
200712
200741
200767
200778
200794
200812
200827
200866
200870
200902
200907
200930
200933
200968
200971
201011
201022
201049
201065
201104
201142
201143
201149
201184
201197
201210
201242
201279
201289
201296
201301
201307
201338
201358
201363
201379
201384
201411
201446
201453
201477
201510
201546
201571
201604
201630
201637
201648
201660
201693
201698
201712
201716
201718
201737
201748
201759
201773
201787
201790
201820
201834
201856
201858
201865
201885
201907
201943
201964
201970
201980
201988
202022
202026
202060
202064
202076
202113
202144
202169
202191
202211
202239
202272
202287
202312
202335
202342
202362
202399
202430
202468
202501
202515
202522
202534
202571
202575
202595
202626
202649
202660
202688
202721
202749
202759
202783
202791
202802
202829
202841
202875
202885
202890
202926
202933
202958
202964
202965
202988
203027
203063
203091
203121
203126
203156
203173
203177
203185
203199
203239
203273
203292
203294
203311
203321
203325
203328
203334
203348
203377
203407
203420
203448
203470
203504
203509
203542
203567
203591
203608
203619
203626
203635
203655
203658
203683
203720
203748
203775
203783
203791
203808
203812
203813
203831
203847
203875
203887
203918
203921
203935
203971
203983
203994
204011
204039
204050
204067
204081
204104
204105
204130
204150
204167
204189
204205
204235
204263
204267
204298
204330
204368
204379
204411
204433
204458
204471
204472
204510
204536
204558
204597
204635
204650
204680
204685
204710
204721
204747
204760
204774
204785
204824
204838
204871
204909
204942
204973
204996
205020
205047
205058
205094
205134
205165
205170
205185
205196
205197
205226
205250
205258
205265
205285
205293
205307
205327
205355
205373
205391
205404
205440
205465
205479
205514
205541
205568
205574
205609
205643
205679
205715
205717
205732
205737
205760
205780
205803
205826
205857
205896
205932
205967
205972
206007
206014
206033
206066
206088
206112
206118
206137
206150
206154
206186
206200
206221
206243
206283
206300
206311
206336
206375
206399
206407
206435
206449
206468
206470
206493
206507
206537
206552
206565
206594
206595
206622
206633
206641
206673
206692
206732
206744
206773
206775
206780
206806
206834
206863
206870
206873
206913
206948
206951
206982
206994
207025
207042
207062
207083
207099
207119
207156
207162
207194
207219
207252
207287
207299
207305
207319
207354
207366
207403
207424
207456
207484
207524
207531
207547
207549
207580
207581
207590
207607
207623
207651
207659
207688
207719
207736
207763
207778
207809
207844
207876
207904
207919
207947
207984
208017
208057
208086
208120
208129
208151
208191
208211
208222
208227
208243
208246
208275
208305
208317
208347
208353
208355
208362
208399
208410
208440
208468
208483
208499
208530
208562
208583
208584
208616
208624
208654
208655
208665
208686
208723
208741
208753
208782
208783
208821
208848
208876
208911
208926
208937
208964
208985
208995
209009
209024
209033
209058
209095
209132
209171
209187
209216
209253
209280
209288
209316
209328
209350
209385
209413
209452
209480
209487
209509
209521
209560
209599
209618
209637
209647
209676
209683
209689
209729
209766
209805
209842
209855
209885
209905
209918
209939
209949
209982
209999
210035
210052
210054
210087
210101
210141
210170
210172
210212
210228
210249
210287
210293
210305
210333
210371
210385
210403
210404
210433
210438
210468
210479
210494
210527
210563
210568
210594
210609
210638
210648
210668
210690
210725
210727
210756
210792
210808
210846
210868
210875
210879
210911
210913
210951
210989
211004
211032
211065
211078
211088
211097
211119
211133
211135
211167
211189
211190
211195
211210
211225
211241
211273
211312
211331
211363
211368
211370
211379
211406
211428
211440
211467
211487
211495
211504
211535
211563
211566
211579
211605
211642
211675
211701
211703
211717
211754
211767
211793
211831
211854
211879
211883
211911
211948
211973
212007
212021
212040
212064
212093
212117
212131
212158
212176
212200
212213
212246
212272
212312
212337
212339
212363
212398
212429
212451
212460
212496
212500
212507
212514
212517
212557
212567
212581
212590
212596
212614
212625
212639
212658
212688
212721
212722
212759
212762
212792
212800
212806
212827
212864
212880
212881
212907
212944
212975
213011
213018
213029
213053
213059
213066
213085
213125
213144
213177
213198
213229
213235
213269
213291
213307
213337
213373
213408
213420
213456
213477
213482
213501
213521
213555
213557
213562
213572
213577
213609
213618
213625
213645
213669
213705
213725
213738
213746
213782
213820
213859
213892
213897
213900
213910
213912
213916
213951
213969
213974
213984
213995
214019
214044
214047
214069
214103
214142
214165
214186
214197
214230
214263
214272
214294
214334
214340
214377
214384
214421
214445
214454
214457
214467
214487
214500
214517
214534
214559
214586
214603
214616
214643
214644
214672
214689
214727
214732
214759
214773
214779
214780
214809
214833
214863
214896
214908
214927
214943
214945
214960
214978
215015
215045
215074
215082
215111
215132
215148
215159
215191
215221
215261
215274
215296
215302
215304
215317
215322
215354
215378
215391
215400
215439
215473
215478
215511
215527
215549
215582
215598
215632
215636
215642
215666
215692
215713
215716
215730
215749
215755
215761
215795
215806
215813
215849
215854
215882
215899
215903
215911
215927
215933
215939
215973
216011
216030
216038
216048
216077
216097
216115
216153
216159
216174
216209
216237
216253
216273
216308
216347
216361
216364
216383
216404
216407
216437
216454
216468
216508
216525
216541
216548
216585
216600
216608
216631
216638
216669
216679
216704
216705
216712
216750
216786
216792
216831
216847
216871
216884
216885
216918
216952
216974
217005
217015
217040
217045
217051
217065
217067
217080
217082
217106
217123
217137
217148
217151
217160
217185
217215
217232
217238
217241
217271
217293
217326
217351
217387
217424
217443
217447
217483
217502
217523
217544
217555
217590
217598
217632
217646
217672
217689
217698
217735
217763
217770
217790
217822
217853
217869
217898
217930
217952
217960
217988
218005
218021
218033
218041
218071
218090
218120
218131
218153
218187
218205
218221
218235
218274
218306
218331
218362
218391
218393
218397
218398
218403
218436
218474
218498
218525
218561
218580
218602
218604
218613
218641
218674
218688
218694
218728
218766
218798
218799
218817
218855
218862
218901
218911
218927
218947
218974
218993
219017
219056
219063
219078
219093
219118
219157
219186
219204
219221
219233
219251
219290
219293
219300
219326
219355
219361
219400
219408
219427
219448
219460
219478
219506
219514
219534
219551
219553
219581
219620
219659
219676
219700
219714
219716
219745
219754
219771
219787
219826
219843
219852
219887
219898
219917
219944
219983
220012
220030
220044
220061
220067
220077
220108
220127
220128
220151
220170
220207
220234
220247
220251
220289
220291
220323
220347
220383
220388
220393
220416
220456
220477
220502
220537
220558
220577
220609
220637
220663
220681
220721
220750
220780
220785
220817
220834
220846
220850
220853
220888
220903
220914
220931
220935
220967
220995
221034
221063
221084
221091
221105
221113
221133
221155
221157
221175
221176
221190
221202
221214
221250
221285
221311
221345
221352
221354
221391
221410
221416
221445
221480
221491
221530
221533
221548
221553
221565
221579
221609
221622
221629
221638
221672
221701
221714
221724
221744
221774
221788
221808
221830
221831
221868
221908
221915
221953
221988
222009
222019
222049
222057
222062
222079
222107
222127
222137
222167
222192
222203
222228
222263
222271
222311
222316
222319
222341
222368
222400
222424
222462
222491
222529
222550
222587
222598
222608
222647
222680
222698
222710
222742
222757
222776
222811
222839
222861
222884
222908
222940
222946
222982
222985
223000
223037
223069
223104
223127
223146
223167
223199
223203
223231
223261
223287
223298
223328
223345
223352
223362
223381
223386
223419
223457
223458
223488
223527
223563
223596
223619
223649
223677
223698
223730
223760
223763
223776
223784
223809
223841
223868
223896
223922
223939
223945
223953
223964
223979
224007
224036
224054
224086
224114
224142
224146
224173
224176
224186
224203
224220
224248
224277
224312
224322
224359
224381
224415
224428
224436
224443
224476
224513
224537
224560
224591
224607
224612
224616
224630
224663
224664
224704
224712
224745
224756
224787
224822
224823
224859
224890
224908
224919
224928
224929
224968
224994
225034
225073
225094
225101
225123
225154
225165
225194
225218
225249
225287
225294
225311
225344
225373
225398
225417
225418
225437
225474
225491
225495
225519
225534
225571
225599
225624
225650
225672
225674
225692
225704
225724
225743
225760
225775
225798
225835
225864
225890
225894
225897
225920
225960
225993
226017
226032
226063
226067
226092
226126
226146
226168
226182
226208
226229
226251
226285
226308
226338
226374
226390
226403
226435
226453
226478
226492
226499
226517
226536
226545
226572
226584
226588
226606
226616
226622
226662
226683
226686
226720
226751
226788
226794
226820
226847
226849
226876
226915
226923
226942
226950
226952
226980
226987
227001
227019
227020
227030
227068
227108
227117
227123
