10000
100
-30857
102
-30859
104
-30861
106
-30863
108
-30865
110
-30867
112
-30869
114
-30871
116
-30873
118
-30875
120
-30877
122
-30879
124
-30881
126
-30883
128
-30885
130
-30887
132
-30889
134
-30891
136
-30893
138
-30895
140
-30897
142
-30899
144
-30901
146
-30903
148
-30905
150
-30907
152
-30909
154
-30911
156
-30913
158
-30915
160
-30917
162
-30919
164
-30921
166
-30923
168
-30925
170
-30927
172
-30929
174
-30931
176
-30933
178
-30935
180
-30937
182
-30939
184
-30941
186
-30943
188
-30945
190
-30947
192
-30949
194
-30951
196
-30953
198
-30955
200
-30957
202
-30959
204
-30961
206
-30963
208
-30965
210
-30967
212
-30969
214
-30971
216
-30973
218
-30975
220
-30977
222
-30979
224
-30981
226
-30983
228
-30985
230
-30987
232
-30989
234
-30991
236
-30993
238
-30995
240
-30997
242
-30999
244
-31001
246
-31003
248
-31005
250
-31007
252
-31009
254
-31011
256
-31013
258
-31015
260
-31017
262
-31019
264
-31021
266
-31023
268
-31025
270
-31027
272
-31029
274
-31031
276
-31033
278
-31035
280
-31037
282
-31039
284
-31041
286
-31043
288
-31045
290
-31047
292
-31049
294
-31051
296
-31053
298
-31055
300
-31057
302
-31059
304
-31061
306
-31063
308
-31065
310
-31067
312
-31069
314
-31071
316
-31073
318
-31075
320
-31077
322
-31079
324
-31081
326
-31083
328
-31085
330
-31087
332
-31089
334
-31091
336
-31093
338
-31095
340
-31097
342
-31099
344
-31101
346
-31103
348
-31105
350
-31107
352
-31109
354
-31111
356
-31113
358
-31115
360
-31117
362
-31119
364
-31121
366
-31123
368
-31125
370
-31127
372
-31129
374
-31131
376
-31133
378
-31135
380
-31137
382
-31139
384
-31141
386
-31143
388
-31145
390
-31147
392
-31149
394
-31151
396
-31153
398
-31155
400
-31157
402
-31159
404
-31161
406
-31163
408
-31165
410
-31167
412
-31169
414
-31171
416
-31173
418
-31175
420
-31177
422
-31179
424
-31181
426
-31183
428
-31185
430
-31187
432
-31189
434
-31191
436
-31193
438
-31195
440
-31197
442
-31199
444
-31201
446
-31203
448
-31205
450
-31207
452
-31209
454
-31211
456
-31213
458
-31215
460
-31217
462
-31219
464
-31221
466
-31223
468
-31225
470
-31227
472
-31229
474
-31231
476
-31233
478
-31235
480
-31237
482
-31239
484
-31241
486
-31243
488
-31245
490
-31247
492
-31249
494
-31251
496
-31253
498
-31255
500
-31257
502
-31259
504
-31261
506
-31263
508
-31265
510
-31267
512
-31269
514
-31271
516
-31273
518
-31275
520
-31277
522
-31279
524
-31281
526
-31283
528
-31285
530
-31287
532
-31289
534
-31291
536
-31293
538
-31295
540
-31297
542
-31299
544
-31301
546
-31303
548
-31305
550
-31307
552
-31309
554
-31311
556
-31313
558
-31315
560
-31317
562
-31319
564
-31321
566
-31323
568
-31325
570
-31327
572
-31329
574
-31331
576
-31333
578
-31335
580
-31337
582
-31339
584
-31341
586
-31343
588
-31345
590
-31347
592
-31349
594
-31351
596
-31353
598
-31355
600
-31357
602
-31359
604
-31361
606
-31363
608
-31365
610
-31367
612
-31369
614
-31371
616
-31373
618
-31375
620
-31377
622
-31379
624
-31381
626
-31383
628
-31385
630
-31387
632
-31389
634
-31391
636
-31393
638
-31395
640
-31397
642
-31399
644
-31401
646
-31403
648
-31405
650
-31407
652
-31409
654
-31411
656
-31413
658
-31415
660
-31417
662
-31419
664
-31421
666
-31423
668
-31425
670
-31427
672
-31429
674
-31431
676
-31433
678
-31435
680
-31437
682
-31439
684
-31441
686
-31443
688
-31445
690
-31447
692
-31449
694
-31451
696
-31453
698
-31455
700
-31457
702
-31459
704
-31461
706
-31463
708
-31465
710
-31467
712
-31469
714
-31471
716
-31473
718
-31475
720
-31477
722
-31479
724
-31481
726
-31483
728
-31485
730
-31487
732
-31489
734
-31491
736
-31493
738
-31495
740
-31497
742
-31499
744
-31501
746
-31503
748
-31505
750
-31507
752
-31509
754
-31511
756
-31513
758
-31515
760
-31517
762
-31519
764
-31521
766
-31523
768
-31525
770
-31527
772
-31529
774
-31531
776
-31533
778
-31535
780
-31537
782
-31539
784
-31541
786
-31543
788
-31545
790
-31547
792
-31549
794
-31551
796
-31553
798
-31555
800
-31557
802
-31559
804
-31561
806
-31563
808
-31565
810
-31567
812
-31569
814
-31571
816
-31573
818
-31575
820
-31577
822
-31579
824
-31581
826
-31583
828
-31585
830
-31587
832
-31589
834
-31591
836
-31593
838
-31595
840
-31597
842
-31599
844
-31601
846
-31603
848
-31605
850
-31607
852
-31609
854
-31611
856
-31613
858
-31615
860
-31617
862
-31619
864
-31621
866
-31623
868
-31625
870
-31627
872
-31629
874
-31631
876
-31633
878
-31635
880
-31637
882
-31639
884
-31641
886
-31643
888
-31645
890
-31647
892
-31649
894
-31651
896
-31653
898
-31655
900
-31657
902
-31659
904
-31661
906
-31663
908
-31665
910
-31667
912
-31669
914
-31671
916
-31673
918
-31675
920
-31677
922
-31679
924
-31681
926
-31683
928
-31685
930
-31687
932
-31689
934
-31691
936
-31693
938
-31695
940
-31697
942
-31699
944
-31701
946
-31703
948
-31705
950
-31707
952
-31709
954
-31711
956
-31713
958
-31715
960
-31717
962
-31719
964
-31721
966
-31723
968
-31725
970
-31727
972
-31729
974
-31731
976
-31733
978
-31735
980
-31737
982
-31739
984
-31741
986
-31743
988
-31745
990
-31747
992
-31749
994
-31751
996
-31753
998
-31755
1000
-31757
1002
-31759
1004
-31761
1006
-31763
1008
-31765
1010
-31767
1012
-31769
1014
-31771
1016
-31773
1018
-31775
1020
-31777
1022
-31779
1024
-31781
1026
-31783
1028
-31785
1030
-31787
1032
-31789
1034
-31791
1036
-31793
1038
-31795
1040
-31797
1042
-31799
1044
-31801
1046
-31803
1048
-31805
1050
-31807
1052
-31809
1054
-31811
1056
-31813
1058
-31815
1060
-31817
1062
-31819
1064
-31821
1066
-31823
1068
-31825
1070
-31827
1072
-31829
1074
-31831
1076
-31833
1078
-31835
1080
-31837
1082
-31839
1084
-31841
1086
-31843
1088
-31845
1090
-31847
1092
-31849
1094
-31851
1096
-31853
1098
-31855
1100
-31857
1102
-31859
1104
-31861
1106
-31863
1108
-31865
1110
-31867
1112
-31869
1114
-31871
1116
-31873
1118
-31875
1120
-31877
1122
-31879
1124
-31881
1126
-31883
1128
-31885
1130
-31887
1132
-31889
1134
-31891
1136
-31893
1138
-31895
1140
-31897
1142
-31899
1144
-31901
1146
-31903
1148
-31905
1150
-31907
1152
-31909
1154
-31911
1156
-31913
1158
-31915
1160
-31917
1162
-31919
1164
-31921
1166
-31923
1168
-31925
1170
-31927
1172
-31929
1174
-31931
1176
-31933
1178
-31935
1180
-31937
1182
-31939
1184
-31941
1186
-31943
1188
-31945
1190
-31947
1192
-31949
1194
-31951
1196
-31953
1198
-31955
1200
-31957
1202
-31959
1204
-31961
1206
-31963
1208
-31965
1210
-31967
1212
-31969
1214
-31971
1216
-31973
1218
-31975
1220
-31977
1222
-31979
1224
-31981
1226
-31983
1228
-31985
1230
-31987
1232
-31989
1234
-31991
1236
-31993
1238
-31995
1240
-31997
1242
-31999
1244
-32001
1246
-32003
1248
-32005
1250
-32007
1252
-32009
1254
-32011
1256
-32013
1258
-32015
1260
-32017
1262
-32019
1264
-32021
1266
-32023
1268
-32025
1270
-32027
1272
-32029
1274
-32031
1276
-32033
1278
-32035
1280
-32037
1282
-32039
1284
-32041
1286
-32043
1288
-32045
1290
-32047
1292
-32049
1294
-32051
1296
-32053
1298
-32055
1300
-32057
1302
-32059
1304
-32061
1306
-32063
1308
-32065
1310
-32067
1312
-32069
1314
-32071
1316
-32073
1318
-32075
1320
-32077
1322
-32079
1324
-32081
1326
-32083
1328
-32085
1330
-32087
1332
-32089
1334
-32091
1336
-32093
1338
-32095
1340
-32097
1342
-32099
1344
-32101
1346
-32103
1348
-32105
1350
-32107
1352
-32109
1354
-32111
1356
-32113
1358
-32115
1360
-32117
1362
-32119
1364
-32121
1366
-32123
1368
-32125
1370
-32127
1372
-32129
1374
-32131
1376
-32133
1378
-32135
1380
-32137
1382
-32139
1384
-32141
1386
-32143
1388
-32145
1390
-32147
1392
-32149
1394
-32151
1396
-32153
1398
-32155
1400
-32157
1402
-32159
1404
-32161
1406
-32163
1408
-32165
1410
-32167
1412
-32169
1414
-32171
1416
-32173
1418
-32175
1420
-32177
1422
-32179
1424
-32181
1426
-32183
1428
-32185
1430
-32187
1432
-32189
1434
-32191
1436
-32193
1438
-32195
1440
-32197
1442
-32199
1444
-32201
1446
-32203
1448
-32205
1450
-32207
1452
-32209
1454
-32211
1456
-32213
1458
-32215
1460
-32217
1462
-32219
1464
-32221
1466
-32223
1468
-32225
1470
-32227
1472
-32229
1474
-32231
1476
-32233
1478
-32235
1480
-32237
1482
-32239
1484
-32241
1486
-32243
1488
-32245
1490
-32247
1492
-32249
1494
-32251
1496
-32253
1498
-32255
1500
-32257
1502
-32259
1504
-32261
1506
-32263
1508
-32265
1510
-32267
1512
-32269
1514
-32271
1516
-32273
1518
-32275
1520
-32277
1522
-32279
1524
-32281
1526
-32283
1528
-32285
1530
-32287
1532
-32289
1534
-32291
1536
-32293
1538
-32295
1540
-32297
1542
-32299
1544
-32301
1546
-32303
1548
-32305
1550
-32307
1552
-32309
1554
-32311
1556
-32313
1558
-32315
1560
-32317
1562
-32319
1564
-32321
1566
-32323
1568
-32325
1570
-32327
1572
-32329
1574
-32331
1576
-32333
1578
-32335
1580
-32337
1582
-32339
1584
-32341
1586
-32343
1588
-32345
1590
-32347
1592
-32349
1594
-32351
1596
-32353
1598
-32355
1600
-32357
1602
-32359
1604
-32361
1606
-32363
1608
-32365
1610
-32367
1612
-32369
1614
-32371
1616
-32373
1618
-32375
1620
-32377
1622
-32379
1624
-32381
1626
-32383
1628
-32385
1630
-32387
1632
-32389
1634
-32391
1636
-32393
1638
-32395
1640
-32397
1642
-32399
1644
-32401
1646
-32403
1648
-32405
1650
-32407
1652
-32409
1654
-32411
1656
-32413
1658
-32415
1660
-32417
1662
-32419
1664
-32421
1666
-32423
1668
-32425
1670
-32427
1672
-32429
1674
-32431
1676
-32433
1678
-32435
1680
-32437
1682
-32439
1684
-32441
1686
-32443
1688
-32445
1690
-32447
1692
-32449
1694
-32451
1696
-32453
1698
-32455
1700
-32457
1702
-32459
1704
-32461
1706
-32463
1708
-32465
1710
-32467
1712
-32469
1714
-32471
1716
-32473
1718
-32475
1720
-32477
1722
-32479
1724
-32481
1726
-32483
1728
-32485
1730
-32487
1732
-32489
1734
-32491
1736
-32493
1738
-32495
1740
-32497
1742
-32499
1744
-32501
1746
-32503
1748
-32505
1750
-32507
1752
-32509
1754
-32511
1756
-32513
1758
-32515
1760
-32517
1762
-32519
1764
-32521
1766
-32523
1768
-32525
1770
-32527
1772
-32529
1774
-32531
1776
-32533
1778
-32535
1780
-32537
1782
-32539
1784
-32541
1786
-32543
1788
-32545
1790
-32547
1792
-32549
1794
-32551
1796
-32553
1798
-32555
1800
-32557
1802
-32559
1804
-32561
1806
-32563
1808
-32565
1810
-32567
1812
-32569
1814
-32571
1816
-32573
1818
-32575
1820
-32577
1822
-32579
1824
-32581
1826
-32583
1828
-32585
1830
-32587
1832
-32589
1834
-32591
1836
-32593
1838
-32595
1840
-32597
1842
-32599
1844
-32601
1846
-32603
1848
-32605
1850
-32607
1852
-32609
1854
-32611
1856
-32613
1858
-32615
1860
-32617
1862
-32619
1864
-32621
1866
-32623
1868
-32625
1870
-32627
1872
-32629
1874
-32631
1876
-32633
1878
-32635
1880
-32637
1882
-32639
1884
-32641
1886
-32643
1888
-32645
1890
-32647
1892
-32649
1894
-32651
1896
-32653
1898
-32655
1900
-32657
1902
-32659
1904
-32661
1906
-32663
1908
-32665
1910
-32667
1912
-32669
1914
-32671
1916
-32673
1918
-32675
1920
-32677
1922
-32679
1924
-32681
1926
-32683
1928
-32685
1930
-32687
1932
-32689
1934
-32691
1936
-32693
1938
-32695
1940
-32697
1942
-32699
1944
-32701
1946
-32703
1948
-32705
1950
-32707
1952
-32709
1954
-32711
1956
-32713
1958
-32715
1960
-32717
1962
-32719
1964
-32721
1966
-32723
1968
-32725
1970
-32727
1972
-32729
1974
-32731
1976
-32733
1978
-32735
1980
-32737
1982
-32739
1984
-32741
1986
-32743
1988
-32745
1990
-32747
1992
-32749
1994
-32751
1996
-32753
1998
-32755
2000
-32757
2002
-32759
2004
-32761
2006
-32763
2008
-32765
2010
-32767
2012
-32769
2014
-32771
2016
-32773
2018
-32775
2020
-32777
2022
-32779
2024
-32781
2026
-32783
2028
-32785
2030
-32787
2032
-32789
2034
-32791
2036
-32793
2038
-32795
2040
-32797
2042
-32799
2044
-32801
2046
-32803
2048
-32805
2050
-32807
2052
-32809
2054
-32811
2056
-32813
2058
-32815
2060
-32817
2062
-32819
2064
-32821
2066
-32823
2068
-32825
2070
-32827
2072
-32829
2074
-32831
2076
-32833
2078
-32835
2080
-32837
2082
-32839
2084
-32841
2086
-32843
2088
-32845
2090
-32847
2092
-32849
2094
-32851
2096
-32853
2098
-32855
2100
-32857
2102
-32859
2104
-32861
2106
-32863
2108
-32865
2110
-32867
2112
-32869
2114
-32871
2116
-32873
2118
-32875
2120
-32877
2122
-32879
2124
-32881
2126
-32883
2128
-32885
2130
-32887
2132
-32889
2134
-32891
2136
-32893
2138
-32895
2140
-32897
2142
-32899
2144
-32901
2146
-32903
2148
-32905
2150
-32907
2152
-32909
2154
-32911
2156
-32913
2158
-32915
2160
-32917
2162
-32919
2164
-32921
2166
-32923
2168
-32925
2170
-32927
2172
-32929
2174
-32931
2176
-32933
2178
-32935
2180
-32937
2182
-32939
2184
-32941
2186
-32943
2188
-32945
2190
-32947
2192
-32949
2194
-32951
2196
-32953
2198
-32955
2200
-32957
2202
-32959
2204
-32961
2206
-32963
2208
-32965
2210
-32967
2212
-32969
2214
-32971
2216
-32973
2218
-32975
2220
-32977
2222
-32979
2224
-32981
2226
-32983
2228
-32985
2230
-32987
2232
-32989
2234
-32991
2236
-32993
2238
-32995
2240
-32997
2242
-32999
2244
-33001
2246
-33003
2248
-33005
2250
-33007
2252
-33009
2254
-33011
2256
-33013
2258
-33015
2260
-33017
2262
-33019
2264
-33021
2266
-33023
2268
-33025
2270
-33027
2272
-33029
2274
-33031
2276
-33033
2278
-33035
2280
-33037
2282
-33039
2284
-33041
2286
-33043
2288
-33045
2290
-33047
2292
-33049
2294
-33051
2296
-33053
2298
-33055
2300
-33057
2302
-33059
2304
-33061
2306
-33063
2308
-33065
2310
-33067
2312
-33069
2314
-33071
2316
-33073
2318
-33075
2320
-33077
2322
-33079
2324
-33081
2326
-33083
2328
-33085
2330
-33087
2332
-33089
2334
-33091
2336
-33093
2338
-33095
2340
-33097
2342
-33099
2344
-33101
2346
-33103
2348
-33105
2350
-33107
2352
-33109
2354
-33111
2356
-33113
2358
-33115
2360
-33117
2362
-33119
2364
-33121
2366
-33123
2368
-33125
2370
-33127
2372
-33129
2374
-33131
2376
-33133
2378
-33135
2380
-33137
2382
-33139
2384
-33141
2386
-33143
2388
-33145
2390
-33147
2392
-33149
2394
-33151
2396
-33153
2398
-33155
2400
-33157
2402
-33159
2404
-33161
2406
-33163
2408
-33165
2410
-33167
2412
-33169
2414
-33171
2416
-33173
2418
-33175
2420
-33177
2422
-33179
2424
-33181
2426
-33183
2428
-33185
2430
-33187
2432
-33189
2434
-33191
2436
-33193
2438
-33195
2440
-33197
2442
-33199
2444
-33201
2446
-33203
2448
-33205
2450
-33207
2452
-33209
2454
-33211
2456
-33213
2458
-33215
2460
-33217
2462
-33219
2464
-33221
2466
-33223
2468
-33225
2470
-33227
2472
-33229
2474
-33231
2476
-33233
2478
-33235
2480
-33237
2482
-33239
2484
-33241
2486
-33243
2488
-33245
2490
-33247
2492
-33249
2494
-33251
2496
-33253
2498
-33255
2500
-33257
2502
-33259
2504
-33261
2506
-33263
2508
-33265
2510
-33267
2512
-33269
2514
-33271
2516
-33273
2518
-33275
2520
-33277
2522
-33279
2524
-33281
2526
-33283
2528
-33285
2530
-33287
2532
-33289
2534
-33291
2536
-33293
2538
-33295
2540
-33297
2542
-33299
2544
-33301
2546
-33303
2548
-33305
2550
-33307
2552
-33309
2554
-33311
2556
-33313
2558
-33315
2560
-33317
2562
-33319
2564
-33321
2566
-33323
2568
-33325
2570
-33327
2572
-33329
2574
-33331
2576
-33333
2578
-33335
2580
-33337
2582
-33339
2584
-33341
2586
-33343
2588
-33345
2590
-33347
2592
-33349
2594
-33351
2596
-33353
2598
-33355
2600
-33357
2602
-33359
2604
-33361
2606
-33363
2608
-33365
2610
-33367
2612
-33369
2614
-33371
2616
-33373
2618
-33375
2620
-33377
2622
-33379
2624
-33381
2626
-33383
2628
-33385
2630
-33387
2632
-33389
2634
-33391
2636
-33393
2638
-33395
2640
-33397
2642
-33399
2644
-33401
2646
-33403
2648
-33405
2650
-33407
2652
-33409
2654
-33411
2656
-33413
2658
-33415
2660
-33417
2662
-33419
2664
-33421
2666
-33423
2668
-33425
2670
-33427
2672
-33429
2674
-33431
2676
-33433
2678
-33435
2680
-33437
2682
-33439
2684
-33441
2686
-33443
2688
-33445
2690
-33447
2692
-33449
2694
-33451
2696
-33453
2698
-33455
2700
-33457
2702
-33459
2704
-33461
2706
-33463
2708
-33465
2710
-33467
2712
-33469
2714
-33471
2716
-33473
2718
-33475
2720
-33477
2722
-33479
2724
-33481
2726
-33483
2728
-33485
2730
-33487
2732
-33489
2734
-33491
2736
-33493
2738
-33495
2740
-33497
2742
-33499
2744
-33501
2746
-33503
2748
-33505
2750
-33507
2752
-33509
2754
-33511
2756
-33513
2758
-33515
2760
-33517
2762
-33519
2764
-33521
2766
-33523
2768
-33525
2770
-33527
2772
-33529
2774
-33531
2776
-33533
2778
-33535
2780
-33537
2782
-33539
2784
-33541
2786
-33543
2788
-33545
2790
-33547
2792
-33549
2794
-33551
2796
-33553
2798
-33555
2800
-33557
2802
-33559
2804
-33561
2806
-33563
2808
-33565
2810
-33567
2812
-33569
2814
-33571
2816
-33573
2818
-33575
2820
-33577
2822
-33579
2824
-33581
2826
-33583
2828
-33585
2830
-33587
2832
-33589
2834
-33591
2836
-33593
2838
-33595
2840
-33597
2842
-33599
2844
-33601
2846
-33603
2848
-33605
2850
-33607
2852
-33609
2854
-33611
2856
-33613
2858
-33615
2860
-33617
2862
-33619
2864
-33621
2866
-33623
2868
-33625
2870
-33627
2872
-33629
2874
-33631
2876
-33633
2878
-33635
2880
-33637
2882
-33639
2884
-33641
2886
-33643
2888
-33645
2890
-33647
2892
-33649
2894
-33651
2896
-33653
2898
-33655
2900
-33657
2902
-33659
2904
-33661
2906
-33663
2908
-33665
2910
-33667
2912
-33669
2914
-33671
2916
-33673
2918
-33675
2920
-33677
2922
-33679
2924
-33681
2926
-33683
2928
-33685
2930
-33687
2932
-33689
2934
-33691
2936
-33693
2938
-33695
2940
-33697
2942
-33699
2944
-33701
2946
-33703
2948
-33705
2950
-33707
2952
-33709
2954
-33711
2956
-33713
2958
-33715
2960
-33717
2962
-33719
2964
-33721
2966
-33723
2968
-33725
2970
-33727
2972
-33729
2974
-33731
2976
-33733
2978
-33735
2980
-33737
2982
-33739
2984
-33741
2986
-33743
2988
-33745
2990
-33747
2992
-33749
2994
-33751
2996
-33753
2998
-33755
3000
-33757
3002
-33759
3004
-33761
3006
-33763
3008
-33765
3010
-33767
3012
-33769
3014
-33771
3016
-33773
3018
-33775
3020
-33777
3022
-33779
3024
-33781
3026
-33783
3028
-33785
3030
-33787
3032
-33789
3034
-33791
3036
-33793
3038
-33795
3040
-33797
3042
-33799
3044
-33801
3046
-33803
3048
-33805
3050
-33807
3052
-33809
3054
-33811
3056
-33813
3058
-33815
3060
-33817
3062
-33819
3064
-33821
3066
-33823
3068
-33825
3070
-33827
3072
-33829
3074
-33831
3076
-33833
3078
-33835
3080
-33837
3082
-33839
3084
-33841
3086
-33843
3088
-33845
3090
-33847
3092
-33849
3094
-33851
3096
-33853
3098
-33855
3100
-33857
3102
-33859
3104
-33861
3106
-33863
3108
-33865
3110
-33867
3112
-33869
3114
-33871
3116
-33873
3118
-33875
3120
-33877
3122
-33879
3124
-33881
3126
-33883
3128
-33885
3130
-33887
3132
-33889
3134
-33891
3136
-33893
3138
-33895
3140
-33897
3142
-33899
3144
-33901
3146
-33903
3148
-33905
3150
-33907
3152
-33909
3154
-33911
3156
-33913
3158
-33915
3160
-33917
3162
-33919
3164
-33921
3166
-33923
3168
-33925
3170
-33927
3172
-33929
3174
-33931
3176
-33933
3178
-33935
3180
-33937
3182
-33939
3184
-33941
3186
-33943
3188
-33945
3190
-33947
3192
-33949
3194
-33951
3196
-33953
3198
-33955
3200
-33957
3202
-33959
3204
-33961
3206
-33963
3208
-33965
3210
-33967
3212
-33969
3214
-33971
3216
-33973
3218
-33975
3220
-33977
3222
-33979
3224
-33981
3226
-33983
3228
-33985
3230
-33987
3232
-33989
3234
-33991
3236
-33993
3238
-33995
3240
-33997
3242
-33999
3244
-34001
3246
-34003
3248
-34005
3250
-34007
3252
-34009
3254
-34011
3256
-34013
3258
-34015
3260
-34017
3262
-34019
3264
-34021
3266
-34023
3268
-34025
3270
-34027
3272
-34029
3274
-34031
3276
-34033
3278
-34035
3280
-34037
3282
-34039
3284
-34041
3286
-34043
3288
-34045
3290
-34047
3292
-34049
3294
-34051
3296
-34053
3298
-34055
3300
-34057
3302
-34059
3304
-34061
3306
-34063
3308
-34065
3310
-34067
3312
-34069
3314
-34071
3316
-34073
3318
-34075
3320
-34077
3322
-34079
3324
-34081
3326
-34083
3328
-34085
3330
-34087
3332
-34089
3334
-34091
3336
-34093
3338
-34095
3340
-34097
3342
-34099
3344
-34101
3346
-34103
3348
-34105
3350
-34107
3352
-34109
3354
-34111
3356
-34113
3358
-34115
3360
-34117
3362
-34119
3364
-34121
3366
-34123
3368
-34125
3370
-34127
3372
-34129
3374
-34131
3376
-34133
3378
-34135
3380
-34137
3382
-34139
3384
-34141
3386
-34143
3388
-34145
3390
-34147
3392
-34149
3394
-34151
3396
-34153
3398
-34155
3400
-34157
3402
-34159
3404
-34161
3406
-34163
3408
-34165
3410
-34167
3412
-34169
3414
-34171
3416
-34173
3418
-34175
3420
-34177
3422
-34179
3424
-34181
3426
-34183
3428
-34185
3430
-34187
3432
-34189
3434
-34191
3436
-34193
3438
-34195
3440
-34197
3442
-34199
3444
-34201
3446
-34203
3448
-34205
3450
-34207
3452
-34209
3454
-34211
3456
-34213
3458
-34215
3460
-34217
3462
-34219
3464
-34221
3466
-34223
3468
-34225
3470
-34227
3472
-34229
3474
-34231
3476
-34233
3478
-34235
3480
-34237
3482
-34239
3484
-34241
3486
-34243
3488
-34245
3490
-34247
3492
-34249
3494
-34251
3496
-34253
3498
-34255
3500
-34257
3502
-34259
3504
-34261
3506
-34263
3508
-34265
3510
-34267
3512
-34269
3514
-34271
3516
-34273
3518
-34275
3520
-34277
3522
-34279
3524
-34281
3526
-34283
3528
-34285
3530
-34287
3532
-34289
3534
-34291
3536
-34293
3538
-34295
3540
-34297
3542
-34299
3544
-34301
3546
-34303
3548
-34305
3550
-34307
3552
-34309
3554
-34311
3556
-34313
3558
-34315
3560
-34317
3562
-34319
3564
-34321
3566
-34323
3568
-34325
3570
-34327
3572
-34329
3574
-34331
3576
-34333
3578
-34335
3580
-34337
3582
-34339
3584
-34341
3586
-34343
3588
-34345
3590
-34347
3592
-34349
3594
-34351
3596
-34353
3598
-34355
3600
-34357
3602
-34359
3604
-34361
3606
-34363
3608
-34365
3610
-34367
3612
-34369
3614
-34371
3616
-34373
3618
-34375
3620
-34377
3622
-34379
3624
-34381
3626
-34383
3628
-34385
3630
-34387
3632
-34389
3634
-34391
3636
-34393
3638
-34395
3640
-34397
3642
-34399
3644
-34401
3646
-34403
3648
-34405
3650
-34407
3652
-34409
3654
-34411
3656
-34413
3658
-34415
3660
-34417
3662
-34419
3664
-34421
3666
-34423
3668
-34425
3670
-34427
3672
-34429
3674
-34431
3676
-34433
3678
-34435
3680
-34437
3682
-34439
3684
-34441
3686
-34443
3688
-34445
3690
-34447
3692
-34449
3694
-34451
3696
-34453
3698
-34455
3700
-34457
3702
-34459
3704
-34461
3706
-34463
3708
-34465
3710
-34467
3712
-34469
3714
-34471
3716
-34473
3718
-34475
3720
-34477
3722
-34479
3724
-34481
3726
-34483
3728
-34485
3730
-34487
3732
-34489
3734
-34491
3736
-34493
3738
-34495
3740
-34497
3742
-34499
3744
-34501
3746
-34503
3748
-34505
3750
-34507
3752
-34509
3754
-34511
3756
-34513
3758
-34515
3760
-34517
3762
-34519
3764
-34521
3766
-34523
3768
-34525
3770
-34527
3772
-34529
3774
-34531
3776
-34533
3778
-34535
3780
-34537
3782
-34539
3784
-34541
3786
-34543
3788
-34545
3790
-34547
3792
-34549
3794
-34551
3796
-34553
3798
-34555
3800
-34557
3802
-34559
3804
-34561
3806
-34563
3808
-34565
3810
-34567
3812
-34569
3814
-34571
3816
-34573
3818
-34575
3820
-34577
3822
-34579
3824
-34581
3826
-34583
3828
-34585
3830
-34587
3832
-34589
3834
-34591
3836
-34593
3838
-34595
3840
-34597
3842
-34599
3844
-34601
3846
-34603
3848
-34605
3850
-34607
3852
-34609
3854
-34611
3856
-34613
3858
-34615
3860
-34617
3862
-34619
3864
-34621
3866
-34623
3868
-34625
3870
-34627
3872
-34629
3874
-34631
3876
-34633
3878
-34635
3880
-34637
3882
-34639
3884
-34641
3886
-34643
3888
-34645
3890
-34647
3892
-34649
3894
-34651
3896
-34653
3898
-34655
3900
-34657
3902
-34659
3904
-34661
3906
-34663
3908
-34665
3910
-34667
3912
-34669
3914
-34671
3916
-34673
3918
-34675
3920
-34677
3922
-34679
3924
-34681
3926
-34683
3928
-34685
3930
-34687
3932
-34689
3934
-34691
3936
-34693
3938
-34695
3940
-34697
3942
-34699
3944
-34701
3946
-34703
3948
-34705
3950
-34707
3952
-34709
3954
-34711
3956
-34713
3958
-34715
3960
-34717
3962
-34719
3964
-34721
3966
-34723
3968
-34725
3970
-34727
3972
-34729
3974
-34731
3976
-34733
3978
-34735
3980
-34737
3982
-34739
3984
-34741
3986
-34743
3988
-34745
3990
-34747
3992
-34749
3994
-34751
3996
-34753
3998
-34755
4000
-34757
4002
-34759
4004
-34761
4006
-34763
4008
-34765
4010
-34767
4012
-34769
4014
-34771
4016
-34773
4018
-34775
4020
-34777
4022
-34779
4024
-34781
4026
-34783
4028
-34785
4030
-34787
4032
-34789
4034
-34791
4036
-34793
4038
-34795
4040
-34797
4042
-34799
4044
-34801
4046
-34803
4048
-34805
4050
-34807
4052
-34809
4054
-34811
4056
-34813
4058
-34815
4060
-34817
4062
-34819
4064
-34821
4066
-34823
4068
-34825
4070
-34827
4072
-34829
4074
-34831
4076
-34833
4078
-34835
4080
-34837
4082
-34839
4084
-34841
4086
-34843
4088
-34845
4090
-34847
4092
-34849
4094
-34851
4096
-34853
4098
-34855
4100
-34857
4102
-34859
4104
-34861
4106
-34863
4108
-34865
4110
-34867
4112
-34869
4114
-34871
4116
-34873
4118
-34875
4120
-34877
4122
-34879
4124
-34881
4126
-34883
4128
-34885
4130
-34887
4132
-34889
4134
-34891
4136
-34893
4138
-34895
4140
-34897
4142
-34899
4144
-34901
4146
-34903
4148
-34905
4150
-34907
4152
-34909
4154
-34911
4156
-34913
4158
-34915
4160
-34917
4162
-34919
4164
-34921
4166
-34923
4168
-34925
4170
-34927
4172
-34929
4174
-34931
4176
-34933
4178
-34935
4180
-34937
4182
-34939
4184
-34941
4186
-34943
4188
-34945
4190
-34947
4192
-34949
4194
-34951
4196
-34953
4198
-34955
4200
-34957
4202
-34959
4204
-34961
4206
-34963
4208
-34965
4210
-34967
4212
-34969
4214
-34971
4216
-34973
4218
-34975
4220
-34977
4222
-34979
4224
-34981
4226
-34983
4228
-34985
4230
-34987
4232
-34989
4234
-34991
4236
-34993
4238
-34995
4240
-34997
4242
-34999
4244
-35001
4246
-35003
4248
-35005
4250
-35007
4252
-35009
4254
-35011
4256
-35013
4258
-35015
4260
-35017
4262
-35019
4264
-35021
4266
-35023
4268
-35025
4270
-35027
4272
-35029
4274
-35031
4276
-35033
4278
-35035
4280
-35037
4282
-35039
4284
-35041
4286
-35043
4288
-35045
4290
-35047
4292
-35049
4294
-35051
4296
-35053
4298
-35055
4300
-35057
4302
-35059
4304
-35061
4306
-35063
4308
-35065
4310
-35067
4312
-35069
4314
-35071
4316
-35073
4318
-35075
4320
-35077
4322
-35079
4324
-35081
4326
-35083
4328
-35085
4330
-35087
4332
-35089
4334
-35091
4336
-35093
4338
-35095
4340
-35097
4342
-35099
4344
-35101
4346
-35103
4348
-35105
4350
-35107
4352
-35109
4354
-35111
4356
-35113
4358
-35115
4360
-35117
4362
-35119
4364
-35121
4366
-35123
4368
-35125
4370
-35127
4372
-35129
4374
-35131
4376
-35133
4378
-35135
4380
-35137
4382
-35139
4384
-35141
4386
-35143
4388
-35145
4390
-35147
4392
-35149
4394
-35151
4396
-35153
4398
-35155
4400
-35157
4402
-35159
4404
-35161
4406
-35163
4408
-35165
4410
-35167
4412
-35169
4414
-35171
4416
-35173
4418
-35175
4420
-35177
4422
-35179
4424
-35181
4426
-35183
4428
-35185
4430
-35187
4432
-35189
4434
-35191
4436
-35193
4438
-35195
4440
-35197
4442
-35199
4444
-35201
4446
-35203
4448
-35205
4450
-35207
4452
-35209
4454
-35211
4456
-35213
4458
-35215
4460
-35217
4462
-35219
4464
-35221
4466
-35223
4468
-35225
4470
-35227
4472
-35229
4474
-35231
4476
-35233
4478
-35235
4480
-35237
4482
-35239
4484
-35241
4486
-35243
4488
-35245
4490
-35247
4492
-35249
4494
-35251
4496
-35253
4498
-35255
4500
-35257
4502
-35259
4504
-35261
4506
-35263
4508
-35265
4510
-35267
4512
-35269
4514
-35271
4516
-35273
4518
-35275
4520
-35277
4522
-35279
4524
-35281
4526
-35283
4528
-35285
4530
-35287
4532
-35289
4534
-35291
4536
-35293
4538
-35295
4540
-35297
4542
-35299
4544
-35301
4546
-35303
4548
-35305
4550
-35307
4552
-35309
4554
-35311
4556
-35313
4558
-35315
4560
-35317
4562
-35319
4564
-35321
4566
-35323
4568
-35325
4570
-35327
4572
-35329
4574
-35331
4576
-35333
4578
-35335
4580
-35337
4582
-35339
4584
-35341
4586
-35343
4588
-35345
4590
-35347
4592
-35349
4594
-35351
4596
-35353
4598
-35355
4600
-35357
4602
-35359
4604
-35361
4606
-35363
4608
-35365
4610
-35367
4612
-35369
4614
-35371
4616
-35373
4618
-35375
4620
-35377
4622
-35379
4624
-35381
4626
-35383
4628
-35385
4630
-35387
4632
-35389
4634
-35391
4636
-35393
4638
-35395
4640
-35397
4642
-35399
4644
-35401
4646
-35403
4648
-35405
4650
-35407
4652
-35409
4654
-35411
4656
-35413
4658
-35415
4660
-35417
4662
-35419
4664
-35421
4666
-35423
4668
-35425
4670
-35427
4672
-35429
4674
-35431
4676
-35433
4678
-35435
4680
-35437
4682
-35439
4684
-35441
4686
-35443
4688
-35445
4690
-35447
4692
-35449
4694
-35451
4696
-35453
4698
-35455
4700
-35457
4702
-35459
4704
-35461
4706
-35463
4708
-35465
4710
-35467
4712
-35469
4714
-35471
4716
-35473
4718
-35475
4720
-35477
4722
-35479
4724
-35481
4726
-35483
4728
-35485
4730
-35487
4732
-35489
4734
-35491
4736
-35493
4738
-35495
4740
-35497
4742
-35499
4744
-35501
4746
-35503
4748
-35505
4750
-35507
4752
-35509
4754
-35511
4756
-35513
4758
-35515
4760
-35517
4762
-35519
4764
-35521
4766
-35523
4768
-35525
4770
-35527
4772
-35529
4774
-35531
4776
-35533
4778
-35535
4780
-35537
4782
-35539
4784
-35541
4786
-35543
4788
-35545
4790
-35547
4792
-35549
4794
-35551
4796
-35553
4798
-35555
4800
-35557
4802
-35559
4804
-35561
4806
-35563
4808
-35565
4810
-35567
4812
-35569
4814
-35571
4816
-35573
4818
-35575
4820
-35577
4822
-35579
4824
-35581
4826
-35583
4828
-35585
4830
-35587
4832
-35589
4834
-35591
4836
-35593
4838
-35595
4840
-35597
4842
-35599
4844
-35601
4846
-35603
4848
-35605
4850
-35607
4852
-35609
4854
-35611
4856
-35613
4858
-35615
4860
-35617
4862
-35619
4864
-35621
4866
-35623
4868
-35625
4870
-35627
4872
-35629
4874
-35631
4876
-35633
4878
-35635
4880
-35637
4882
-35639
4884
-35641
4886
-35643
4888
-35645
4890
-35647
4892
-35649
4894
-35651
4896
-35653
4898
-35655
4900
-35657
4902
-35659
4904
-35661
4906
-35663
4908
-35665
4910
-35667
4912
-35669
4914
-35671
4916
-35673
4918
-35675
4920
-35677
4922
-35679
4924
-35681
4926
-35683
4928
-35685
4930
-35687
4932
-35689
4934
-35691
4936
-35693
4938
-35695
4940
-35697
4942
-35699
4944
-35701
4946
-35703
4948
-35705
4950
-35707
4952
-35709
4954
-35711
4956
-35713
4958
-35715
4960
-35717
4962
-35719
4964
-35721
4966
-35723
4968
-35725
4970
-35727
4972
-35729
4974
-35731
4976
-35733
4978
-35735
4980
-35737
4982
-35739
4984
-35741
4986
-35743
4988
-35745
4990
-35747
4992
-35749
4994
-35751
4996
-35753
4998
-35755
5000
-35757
5002
-35759
5004
-35761
5006
-35763
5008
-35765
5010
-35767
5012
-35769
5014
-35771
5016
-35773
5018
-35775
5020
-35777
5022
-35779
5024
-35781
5026
-35783
5028
-35785
5030
-35787
5032
-35789
5034
-35791
5036
-35793
5038
-35795
5040
-35797
5042
-35799
5044
-35801
5046
-35803
5048
-35805
5050
-35807
5052
-35809
5054
-35811
5056
-35813
5058
-35815
5060
-35817
5062
-35819
5064
-35821
5066
-35823
5068
-35825
5070
-35827
5072
-35829
5074
-35831
5076
-35833
5078
-35835
5080
-35837
5082
-35839
5084
-35841
5086
-35843
5088
-35845
5090
-35847
5092
-35849
5094
-35851
5096
-35853
5098
-35855
5100
-35857
5102
-35859
5104
-35861
5106
-35863
5108
-35865
5110
-35867
5112
-35869
5114
-35871
5116
-35873
5118
-35875
5120
-35877
5122
-35879
5124
-35881
5126
-35883
5128
-35885
5130
-35887
5132
-35889
5134
-35891
5136
-35893
5138
-35895
5140
-35897
5142
-35899
5144
-35901
5146
-35903
5148
-35905
5150
-35907
5152
-35909
5154
-35911
5156
-35913
5158
-35915
5160
-35917
5162
-35919
5164
-35921
5166
-35923
5168
-35925
5170
-35927
5172
-35929
5174
-35931
5176
-35933
5178
-35935
5180
-35937
5182
-35939
5184
-35941
5186
-35943
5188
-35945
5190
-35947
5192
-35949
5194
-35951
5196
-35953
5198
-35955
5200
-35957
5202
-35959
5204
-35961
5206
-35963
5208
-35965
5210
-35967
5212
-35969
5214
-35971
5216
-35973
5218
-35975
5220
-35977
5222
-35979
5224
-35981
5226
-35983
5228
-35985
5230
-35987
5232
-35989
5234
-35991
5236
-35993
5238
-35995
5240
-35997
5242
-35999
5244
-36001
5246
-36003
5248
-36005
5250
-36007
5252
-36009
5254
-36011
5256
-36013
5258
-36015
5260
-36017
5262
-36019
5264
-36021
5266
-36023
5268
-36025
5270
-36027
5272
-36029
5274
-36031
5276
-36033
5278
-36035
5280
-36037
5282
-36039
5284
-36041
5286
-36043
5288
-36045
5290
-36047
5292
-36049
5294
-36051
5296
-36053
5298
-36055
5300
-36057
5302
-36059
5304
-36061
5306
-36063
5308
-36065
5310
-36067
5312
-36069
5314
-36071
5316
-36073
5318
-36075
5320
-36077
5322
-36079
5324
-36081
5326
-36083
5328
-36085
5330
-36087
5332
-36089
5334
-36091
5336
-36093
5338
-36095
5340
-36097
5342
-36099
5344
-36101
5346
-36103
5348
-36105
5350
-36107
5352
-36109
5354
-36111
5356
-36113
5358
-36115
5360
-36117
5362
-36119
5364
-36121
5366
-36123
5368
-36125
5370
-36127
5372
-36129
5374
-36131
5376
-36133
5378
-36135
5380
-36137
5382
-36139
5384
-36141
5386
-36143
5388
-36145
5390
-36147
5392
-36149
5394
-36151
5396
-36153
5398
-36155
5400
-36157
5402
-36159
5404
-36161
5406
-36163
5408
-36165
5410
-36167
5412
-36169
5414
-36171
5416
-36173
5418
-36175
5420
-36177
5422
-36179
5424
-36181
5426
-36183
5428
-36185
5430
-36187
5432
-36189
5434
-36191
5436
-36193
5438
-36195
5440
-36197
5442
-36199
5444
-36201
5446
-36203
5448
-36205
5450
-36207
5452
-36209
5454
-36211
5456
-36213
5458
-36215
5460
-36217
5462
-36219
5464
-36221
5466
-36223
5468
-36225
5470
-36227
5472
-36229
5474
-36231
5476
-36233
5478
-36235
5480
-36237
5482
-36239
5484
-36241
5486
-36243
5488
-36245
5490
-36247
5492
-36249
5494
-36251
5496
-36253
5498
-36255
5500
-36257
5502
-36259
5504
-36261
5506
-36263
5508
-36265
5510
-36267
5512
-36269
5514
-36271
5516
-36273
5518
-36275
5520
-36277
5522
-36279
5524
-36281
5526
-36283
5528
-36285
5530
-36287
5532
-36289
5534
-36291
5536
-36293
5538
-36295
5540
-36297
5542
-36299
5544
-36301
5546
-36303
5548
-36305
5550
-36307
5552
-36309
5554
-36311
5556
-36313
5558
-36315
5560
-36317
5562
-36319
5564
-36321
5566
-36323
5568
-36325
5570
-36327
5572
-36329
5574
-36331
5576
-36333
5578
-36335
5580
-36337
5582
-36339
5584
-36341
5586
-36343
5588
-36345
5590
-36347
5592
-36349
5594
-36351
5596
-36353
5598
-36355
5600
-36357
5602
-36359
5604
-36361
5606
-36363
5608
-36365
5610
-36367
5612
-36369
5614
-36371
5616
-36373
5618
-36375
5620
-36377
5622
-36379
5624
-36381
5626
-36383
5628
-36385
5630
-36387
5632
-36389
5634
-36391
5636
-36393
5638
-36395
5640
-36397
5642
-36399
5644
-36401
5646
-36403
5648
-36405
5650
-36407
5652
-36409
5654
-36411
5656
-36413
5658
-36415
5660
-36417
5662
-36419
5664
-36421
5666
-36423
5668
-36425
5670
-36427
5672
-36429
5674
-36431
5676
-36433
5678
-36435
5680
-36437
5682
-36439
5684
-36441
5686
-36443
5688
-36445
5690
-36447
5692
-36449
5694
-36451
5696
-36453
5698
-36455
5700
-36457
5702
-36459
5704
-36461
5706
-36463
5708
-36465
5710
-36467
5712
-36469
5714
-36471
5716
-36473
5718
-36475
5720
-36477
5722
-36479
5724
-36481
5726
-36483
5728
-36485
5730
-36487
5732
-36489
5734
-36491
5736
-36493
5738
-36495
5740
-36497
5742
-36499
5744
-36501
5746
-36503
5748
-36505
5750
-36507
5752
-36509
5754
-36511
5756
-36513
5758
-36515
5760
-36517
5762
-36519
5764
-36521
5766
-36523
5768
-36525
5770
-36527
5772
-36529
5774
-36531
5776
-36533
5778
-36535
5780
-36537
5782
-36539
5784
-36541
5786
-36543
5788
-36545
5790
-36547
5792
-36549
5794
-36551
5796
-36553
5798
-36555
5800
-36557
5802
-36559
5804
-36561
5806
-36563
5808
-36565
5810
-36567
5812
-36569
5814
-36571
5816
-36573
5818
-36575
5820
-36577
5822
-36579
5824
-36581
5826
-36583
5828
-36585
5830
-36587
5832
-36589
5834
-36591
5836
-36593
5838
-36595
5840
-36597
5842
-36599
5844
-36601
5846
-36603
5848
-36605
5850
-36607
5852
-36609
5854
-36611
5856
-36613
5858
-36615
5860
-36617
5862
-36619
5864
-36621
5866
-36623
5868
-36625
5870
-36627
5872
-36629
5874
-36631
5876
-36633
5878
-36635
5880
-36637
5882
-36639
5884
-36641
5886
-36643
5888
-36645
5890
-36647
5892
-36649
5894
-36651
5896
-36653
5898
-36655
5900
-36657
5902
-36659
5904
-36661
5906
-36663
5908
-36665
5910
-36667
5912
-36669
5914
-36671
5916
-36673
5918
-36675
5920
-36677
5922
-36679
5924
-36681
5926
-36683
5928
-36685
5930
-36687
5932
-36689
5934
-36691
5936
-36693
5938
-36695
5940
-36697
5942
-36699
5944
-36701
5946
-36703
5948
-36705
5950
-36707
5952
-36709
5954
-36711
5956
-36713
5958
-36715
5960
-36717
5962
-36719
5964
-36721
5966
-36723
5968
-36725
5970
-36727
5972
-36729
5974
-36731
5976
-36733
5978
-36735
5980
-36737
5982
-36739
5984
-36741
5986
-36743
5988
-36745
5990
-36747
5992
-36749
5994
-36751
5996
-36753
5998
-36755
6000
-36757
6002
-36759
6004
-36761
6006
-36763
6008
-36765
6010
-36767
6012
-36769
6014
-36771
6016
-36773
6018
-36775
6020
-36777
6022
-36779
6024
-36781
6026
-36783
6028
-36785
6030
-36787
6032
-36789
6034
-36791
6036
-36793
6038
-36795
6040
-36797
6042
-36799
6044
-36801
6046
-36803
6048
-36805
6050
-36807
6052
-36809
6054
-36811
6056
-36813
6058
-36815
6060
-36817
6062
-36819
6064
-36821
6066
-36823
6068
-36825
6070
-36827
6072
-36829
6074
-36831
6076
-36833
6078
-36835
6080
-36837
6082
-36839
6084
-36841
6086
-36843
6088
-36845
6090
-36847
6092
-36849
6094
-36851
6096
-36853
6098
-36855
6100
-36857
6102
-36859
6104
-36861
6106
-36863
6108
-36865
6110
-36867
6112
-36869
6114
-36871
6116
-36873
6118
-36875
6120
-36877
6122
-36879
6124
-36881
6126
-36883
6128
-36885
6130
-36887
6132
-36889
6134
-36891
6136
-36893
6138
-36895
6140
-36897
6142
-36899
6144
-36901
6146
-36903
6148
-36905
6150
-36907
6152
-36909
6154
-36911
6156
-36913
6158
-36915
6160
-36917
6162
-36919
6164
-36921
6166
-36923
6168
-36925
6170
-36927
6172
-36929
6174
-36931
6176
-36933
6178
-36935
6180
-36937
6182
-36939
6184
-36941
6186
-36943
6188
-36945
6190
-36947
6192
-36949
6194
-36951
6196
-36953
6198
-36955
6200
-36957
6202
-36959
6204
-36961
6206
-36963
6208
-36965
6210
-36967
6212
-36969
6214
-36971
6216
-36973
6218
-36975
6220
-36977
6222
-36979
6224
-36981
6226
-36983
6228
-36985
6230
-36987
6232
-36989
6234
-36991
6236
-36993
6238
-36995
6240
-36997
6242
-36999
6244
-37001
6246
-37003
6248
-37005
6250
-37007
6252
-37009
6254
-37011
6256
-37013
6258
-37015
6260
-37017
6262
-37019
6264
-37021
6266
-37023
6268
-37025
6270
-37027
6272
-37029
6274
-37031
6276
-37033
6278
-37035
6280
-37037
6282
-37039
6284
-37041
6286
-37043
6288
-37045
6290
-37047
6292
-37049
6294
-37051
6296
-37053
6298
-37055
6300
-37057
6302
-37059
6304
-37061
6306
-37063
6308
-37065
6310
-37067
6312
-37069
6314
-37071
6316
-37073
6318
-37075
6320
-37077
6322
-37079
6324
-37081
6326
-37083
6328
-37085
6330
-37087
6332
-37089
6334
-37091
6336
-37093
6338
-37095
6340
-37097
6342
-37099
6344
-37101
6346
-37103
6348
-37105
6350
-37107
6352
-37109
6354
-37111
6356
-37113
6358
-37115
6360
-37117
6362
-37119
6364
-37121
6366
-37123
6368
-37125
6370
-37127
6372
-37129
6374
-37131
6376
-37133
6378
-37135
6380
-37137
6382
-37139
6384
-37141
6386
-37143
6388
-37145
6390
-37147
6392
-37149
6394
-37151
6396
-37153
6398
-37155
6400
-37157
6402
-37159
6404
-37161
6406
-37163
6408
-37165
6410
-37167
6412
-37169
6414
-37171
6416
-37173
6418
-37175
6420
-37177
6422
-37179
6424
-37181
6426
-37183
6428
-37185
6430
-37187
6432
-37189
6434
-37191
6436
-37193
6438
-37195
6440
-37197
6442
-37199
6444
-37201
6446
-37203
6448
-37205
6450
-37207
6452
-37209
6454
-37211
6456
-37213
6458
-37215
6460
-37217
6462
-37219
6464
-37221
6466
-37223
6468
-37225
6470
-37227
6472
-37229
6474
-37231
6476
-37233
6478
-37235
6480
-37237
6482
-37239
6484
-37241
6486
-37243
6488
-37245
6490
-37247
6492
-37249
6494
-37251
6496
-37253
6498
-37255
6500
-37257
6502
-37259
6504
-37261
6506
-37263
6508
-37265
6510
-37267
6512
-37269
6514
-37271
6516
-37273
6518
-37275
6520
-37277
6522
-37279
6524
-37281
6526
-37283
6528
-37285
6530
-37287
6532
-37289
6534
-37291
6536
-37293
6538
-37295
6540
-37297
6542
-37299
6544
-37301
6546
-37303
6548
-37305
6550
-37307
6552
-37309
6554
-37311
6556
-37313
6558
-37315
6560
-37317
6562
-37319
6564
-37321
6566
-37323
6568
-37325
6570
-37327
6572
-37329
6574
-37331
6576
-37333
6578
-37335
6580
-37337
6582
-37339
6584
-37341
6586
-37343
6588
-37345
6590
-37347
6592
-37349
6594
-37351
6596
-37353
6598
-37355
6600
-37357
6602
-37359
6604
-37361
6606
-37363
6608
-37365
6610
-37367
6612
-37369
6614
-37371
6616
-37373
6618
-37375
6620
-37377
6622
-37379
6624
-37381
6626
-37383
6628
-37385
6630
-37387
6632
-37389
6634
-37391
6636
-37393
6638
-37395
6640
-37397
6642
-37399
6644
-37401
6646
-37403
6648
-37405
6650
-37407
6652
-37409
6654
-37411
6656
-37413
6658
-37415
6660
-37417
6662
-37419
6664
-37421
6666
-37423
6668
-37425
6670
-37427
6672
-37429
6674
-37431
6676
-37433
6678
-37435
6680
-37437
6682
-37439
6684
-37441
6686
-37443
6688
-37445
6690
-37447
6692
-37449
6694
-37451
6696
-37453
6698
-37455
6700
-37457
6702
-37459
6704
-37461
6706
-37463
6708
-37465
6710
-37467
6712
-37469
6714
-37471
6716
-37473
6718
-37475
6720
-37477
6722
-37479
6724
-37481
6726
-37483
6728
-37485
6730
-37487
6732
-37489
6734
-37491
6736
-37493
6738
-37495
6740
-37497
6742
-37499
6744
-37501
6746
-37503
6748
-37505
6750
-37507
6752
-37509
6754
-37511
6756
-37513
6758
-37515
6760
-37517
6762
-37519
6764
-37521
6766
-37523
6768
-37525
6770
-37527
6772
-37529
6774
-37531
6776
-37533
6778
-37535
6780
-37537
6782
-37539
6784
-37541
6786
-37543
6788
-37545
6790
-37547
6792
-37549
6794
-37551
6796
-37553
6798
-37555
6800
-37557
6802
-37559
6804
-37561
6806
-37563
6808
-37565
6810
-37567
6812
-37569
6814
-37571
6816
-37573
6818
-37575
6820
-37577
6822
-37579
6824
-37581
6826
-37583
6828
-37585
6830
-37587
6832
-37589
6834
-37591
6836
-37593
6838
-37595
6840
-37597
6842
-37599
6844
-37601
6846
-37603
6848
-37605
6850
-37607
6852
-37609
6854
-37611
6856
-37613
6858
-37615
6860
-37617
6862
-37619
6864
-37621
6866
-37623
6868
-37625
6870
-37627
6872
-37629
6874
-37631
6876
-37633
6878
-37635
6880
-37637
6882
-37639
6884
-37641
6886
-37643
6888
-37645
6890
-37647
6892
-37649
6894
-37651
6896
-37653
6898
-37655
6900
-37657
6902
-37659
6904
-37661
6906
-37663
6908
-37665
6910
-37667
6912
-37669
6914
-37671
6916
-37673
6918
-37675
6920
-37677
6922
-37679
6924
-37681
6926
-37683
6928
-37685
6930
-37687
6932
-37689
6934
-37691
6936
-37693
6938
-37695
6940
-37697
6942
-37699
6944
-37701
6946
-37703
6948
-37705
6950
-37707
6952
-37709
6954
-37711
6956
-37713
6958
-37715
6960
-37717
6962
-37719
6964
-37721
6966
-37723
6968
-37725
6970
-37727
6972
-37729
6974
-37731
6976
-37733
6978
-37735
6980
-37737
6982
-37739
6984
-37741
6986
-37743
6988
-37745
6990
-37747
6992
-37749
6994
-37751
6996
-37753
6998
-37755
7000
-37757
7002
-37759
7004
-37761
7006
-37763
7008
-37765
7010
-37767
7012
-37769
7014
-37771
7016
-37773
7018
-37775
7020
-37777
7022
-37779
7024
-37781
7026
-37783
7028
-37785
7030
-37787
7032
-37789
7034
-37791
7036
-37793
7038
-37795
7040
-37797
7042
-37799
7044
-37801
7046
-37803
7048
-37805
7050
-37807
7052
-37809
7054
-37811
7056
-37813
7058
-37815
7060
-37817
7062
-37819
7064
-37821
7066
-37823
7068
-37825
7070
-37827
7072
-37829
7074
-37831
7076
-37833
7078
-37835
7080
-37837
7082
-37839
7084
-37841
7086
-37843
7088
-37845
7090
-37847
7092
-37849
7094
-37851
7096
-37853
7098
-37855
7100
-37857
7102
-37859
7104
-37861
7106
-37863
7108
-37865
7110
-37867
7112
-37869
7114
-37871
7116
-37873
7118
-37875
7120
-37877
7122
-37879
7124
-37881
7126
-37883
7128
-37885
7130
-37887
7132
-37889
7134
-37891
7136
-37893
7138
-37895
7140
-37897
7142
-37899
7144
-37901
7146
-37903
7148
-37905
7150
-37907
7152
-37909
7154
-37911
7156
-37913
7158
-37915
7160
-37917
7162
-37919
7164
-37921
7166
-37923
7168
-37925
7170
-37927
7172
-37929
7174
-37931
7176
-37933
7178
-37935
7180
-37937
7182
-37939
7184
-37941
7186
-37943
7188
-37945
7190
-37947
7192
-37949
7194
-37951
7196
-37953
7198
-37955
7200
-37957
7202
-37959
7204
-37961
7206
-37963
7208
-37965
7210
-37967
7212
-37969
7214
-37971
7216
-37973
7218
-37975
7220
-37977
7222
-37979
7224
-37981
7226
-37983
7228
-37985
7230
-37987
7232
-37989
7234
-37991
7236
-37993
7238
-37995
7240
-37997
7242
-37999
7244
-38001
7246
-38003
7248
-38005
7250
-38007
7252
-38009
7254
-38011
7256
-38013
7258
-38015
7260
-38017
7262
-38019
7264
-38021
7266
-38023
7268
-38025
7270
-38027
7272
-38029
7274
-38031
7276
-38033
7278
-38035
7280
-38037
7282
-38039
7284
-38041
7286
-38043
7288
-38045
7290
-38047
7292
-38049
7294
-38051
7296
-38053
7298
-38055
7300
-38057
7302
-38059
7304
-38061
7306
-38063
7308
-38065
7310
-38067
7312
-38069
7314
-38071
7316
-38073
7318
-38075
7320
-38077
7322
-38079
7324
-38081
7326
-38083
7328
-38085
7330
-38087
7332
-38089
7334
-38091
7336
-38093
7338
-38095
7340
-38097
7342
-38099
7344
-38101
7346
-38103
7348
-38105
7350
-38107
7352
-38109
7354
-38111
7356
-38113
7358
-38115
7360
-38117
7362
-38119
7364
-38121
7366
-38123
7368
-38125
7370
-38127
7372
-38129
7374
-38131
7376
-38133
7378
-38135
7380
-38137
7382
-38139
7384
-38141
7386
-38143
7388
-38145
7390
-38147
7392
-38149
7394
-38151
7396
-38153
7398
-38155
7400
-38157
7402
-38159
7404
-38161
7406
-38163
7408
-38165
7410
-38167
7412
-38169
7414
-38171
7416
-38173
7418
-38175
7420
-38177
7422
-38179
7424
-38181
7426
-38183
7428
-38185
7430
-38187
7432
-38189
7434
-38191
7436
-38193
7438
-38195
7440
-38197
7442
-38199
7444
-38201
7446
-38203
7448
-38205
7450
-38207
7452
-38209
7454
-38211
7456
-38213
7458
-38215
7460
-38217
7462
-38219
7464
-38221
7466
-38223
7468
-38225
7470
-38227
7472
-38229
7474
-38231
7476
-38233
7478
-38235
7480
-38237
7482
-38239
7484
-38241
7486
-38243
7488
-38245
7490
-38247
7492
-38249
7494
-38251
7496
-38253
7498
-38255
7500
-38257
7502
-38259
7504
-38261
7506
-38263
7508
-38265
7510
-38267
7512
-38269
7514
-38271
7516
-38273
7518
-38275
7520
-38277
7522
-38279
7524
-38281
7526
-38283
7528
-38285
7530
-38287
7532
-38289
7534
-38291
7536
-38293
7538
-38295
7540
-38297
7542
-38299
7544
-38301
7546
-38303
7548
-38305
7550
-38307
7552
-38309
7554
-38311
7556
-38313
7558
-38315
7560
-38317
7562
-38319
7564
-38321
7566
-38323
7568
-38325
7570
-38327
7572
-38329
7574
-38331
7576
-38333
7578
-38335
7580
-38337
7582
-38339
7584
-38341
7586
-38343
7588
-38345
7590
-38347
7592
-38349
7594
-38351
7596
-38353
7598
-38355
7600
-38357
7602
-38359
7604
-38361
7606
-38363
7608
-38365
7610
-38367
7612
-38369
7614
-38371
7616
-38373
7618
-38375
7620
-38377
7622
-38379
7624
-38381
7626
-38383
7628
-38385
7630
-38387
7632
-38389
7634
-38391
7636
-38393
7638
-38395
7640
-38397
7642
-38399
7644
-38401
7646
-38403
7648
-38405
7650
-38407
7652
-38409
7654
-38411
7656
-38413
7658
-38415
7660
-38417
7662
-38419
7664
-38421
7666
-38423
7668
-38425
7670
-38427
7672
-38429
7674
-38431
7676
-38433
7678
-38435
7680
-38437
7682
-38439
7684
-38441
7686
-38443
7688
-38445
7690
-38447
7692
-38449
7694
-38451
7696
-38453
7698
-38455
7700
-38457
7702
-38459
7704
-38461
7706
-38463
7708
-38465
7710
-38467
7712
-38469
7714
-38471
7716
-38473
7718
-38475
7720
-38477
7722
-38479
7724
-38481
7726
-38483
7728
-38485
7730
-38487
7732
-38489
7734
-38491
7736
-38493
7738
-38495
7740
-38497
7742
-38499
7744
-38501
7746
-38503
7748
-38505
7750
-38507
7752
-38509
7754
-38511
7756
-38513
7758
-38515
7760
-38517
7762
-38519
7764
-38521
7766
-38523
7768
-38525
7770
-38527
7772
-38529
7774
-38531
7776
-38533
7778
-38535
7780
-38537
7782
-38539
7784
-38541
7786
-38543
7788
-38545
7790
-38547
7792
-38549
7794
-38551
7796
-38553
7798
-38555
7800
-38557
7802
-38559
7804
-38561
7806
-38563
7808
-38565
7810
-38567
7812
-38569
7814
-38571
7816
-38573
7818
-38575
7820
-38577
7822
-38579
7824
-38581
7826
-38583
7828
-38585
7830
-38587
7832
-38589
7834
-38591
7836
-38593
7838
-38595
7840
-38597
7842
-38599
7844
-38601
7846
-38603
7848
-38605
7850
-38607
7852
-38609
7854
-38611
7856
-38613
7858
-38615
7860
-38617
7862
-38619
7864
-38621
7866
-38623
7868
-38625
7870
-38627
7872
-38629
7874
-38631
7876
-38633
7878
-38635
7880
-38637
7882
-38639
7884
-38641
7886
-38643
7888
-38645
7890
-38647
7892
-38649
7894
-38651
7896
-38653
7898
-38655
7900
-38657
7902
-38659
7904
-38661
7906
-38663
7908
-38665
7910
-38667
7912
-38669
7914
-38671
7916
-38673
7918
-38675
7920
-38677
7922
-38679
7924
-38681
7926
-38683
7928
-38685
7930
-38687
7932
-38689
7934
-38691
7936
-38693
7938
-38695
7940
-38697
7942
-38699
7944
-38701
7946
-38703
7948
-38705
7950
-38707
7952
-38709
7954
-38711
7956
-38713
7958
-38715
7960
-38717
7962
-38719
7964
-38721
7966
-38723
7968
-38725
7970
-38727
7972
-38729
7974
-38731
7976
-38733
7978
-38735
7980
-38737
7982
-38739
7984
-38741
7986
-38743
7988
-38745
7990
-38747
7992
-38749
7994
-38751
7996
-38753
7998
-38755
8000
-38757
8002
-38759
8004
-38761
8006
-38763
8008
-38765
8010
-38767
8012
-38769
8014
-38771
8016
-38773
8018
-38775
8020
-38777
8022
-38779
8024
-38781
8026
-38783
8028
-38785
8030
-38787
8032
-38789
8034
-38791
8036
-38793
8038
-38795
8040
-38797
8042
-38799
8044
-38801
8046
-38803
8048
-38805
8050
-38807
8052
-38809
8054
-38811
8056
-38813
8058
-38815
8060
-38817
8062
-38819
8064
-38821
8066
-38823
8068
-38825
8070
-38827
8072
-38829
8074
-38831
8076
-38833
8078
-38835
8080
-38837
8082
-38839
8084
-38841
8086
-38843
8088
-38845
8090
-38847
8092
-38849
8094
-38851
8096
-38853
8098
-38855
8100
-38857
8102
-38859
8104
-38861
8106
-38863
8108
-38865
8110
-38867
8112
-38869
8114
-38871
8116
-38873
8118
-38875
8120
-38877
8122
-38879
8124
-38881
8126
-38883
8128
-38885
8130
-38887
8132
-38889
8134
-38891
8136
-38893
8138
-38895
8140
-38897
8142
-38899
8144
-38901
8146
-38903
8148
-38905
8150
-38907
8152
-38909
8154
-38911
8156
-38913
8158
-38915
8160
-38917
8162
-38919
8164
-38921
8166
-38923
8168
-38925
8170
-38927
8172
-38929
8174
-38931
8176
-38933
8178
-38935
8180
-38937
8182
-38939
8184
-38941
8186
-38943
8188
-38945
8190
-38947
8192
-38949
8194
-38951
8196
-38953
8198
-38955
8200
-38957
8202
-38959
8204
-38961
8206
-38963
8208
-38965
8210
-38967
8212
-38969
8214
-38971
8216
-38973
8218
-38975
8220
-38977
8222
-38979
8224
-38981
8226
-38983
8228
-38985
8230
-38987
8232
-38989
8234
-38991
8236
-38993
8238
-38995
8240
-38997
8242
-38999
8244
-39001
8246
-39003
8248
-39005
8250
-39007
8252
-39009
8254
-39011
8256
-39013
8258
-39015
8260
-39017
8262
-39019
8264
-39021
8266
-39023
8268
-39025
8270
-39027
8272
-39029
8274
-39031
8276
-39033
8278
-39035
8280
-39037
8282
-39039
8284
-39041
8286
-39043
8288
-39045
8290
-39047
8292
-39049
8294
-39051
8296
-39053
8298
-39055
8300
-39057
8302
-39059
8304
-39061
8306
-39063
8308
-39065
8310
-39067
8312
-39069
8314
-39071
8316
-39073
8318
-39075
8320
-39077
8322
-39079
8324
-39081
8326
-39083
8328
-39085
8330
-39087
8332
-39089
8334
-39091
8336
-39093
8338
-39095
8340
-39097
8342
-39099
8344
-39101
8346
-39103
8348
-39105
8350
-39107
8352
-39109
8354
-39111
8356
-39113
8358
-39115
8360
-39117
8362
-39119
8364
-39121
8366
-39123
8368
-39125
8370
-39127
8372
-39129
8374
-39131
8376
-39133
8378
-39135
8380
-39137
8382
-39139
8384
-39141
8386
-39143
8388
-39145
8390
-39147
8392
-39149
8394
-39151
8396
-39153
8398
-39155
8400
-39157
8402
-39159
8404
-39161
8406
-39163
8408
-39165
8410
-39167
8412
-39169
8414
-39171
8416
-39173
8418
-39175
8420
-39177
8422
-39179
8424
-39181
8426
-39183
8428
-39185
8430
-39187
8432
-39189
8434
-39191
8436
-39193
8438
-39195
8440
-39197
8442
-39199
8444
-39201
8446
-39203
8448
-39205
8450
-39207
8452
-39209
8454
-39211
8456
-39213
8458
-39215
8460
-39217
8462
-39219
8464
-39221
8466
-39223
8468
-39225
8470
-39227
8472
-39229
8474
-39231
8476
-39233
8478
-39235
8480
-39237
8482
-39239
8484
-39241
8486
-39243
8488
-39245
8490
-39247
8492
-39249
8494
-39251
8496
-39253
8498
-39255
8500
-39257
8502
-39259
8504
-39261
8506
-39263
8508
-39265
8510
-39267
8512
-39269
8514
-39271
8516
-39273
8518
-39275
8520
-39277
8522
-39279
8524
-39281
8526
-39283
8528
-39285
8530
-39287
8532
-39289
8534
-39291
8536
-39293
8538
-39295
8540
-39297
8542
-39299
8544
-39301
8546
-39303
8548
-39305
8550
-39307
8552
-39309
8554
-39311
8556
-39313
8558
-39315
8560
-39317
8562
-39319
8564
-39321
8566
-39323
8568
-39325
8570
-39327
8572
-39329
8574
-39331
8576
-39333
8578
-39335
8580
-39337
8582
-39339
8584
-39341
8586
-39343
8588
-39345
8590
-39347
8592
-39349
8594
-39351
8596
-39353
8598
-39355
8600
-39357
8602
-39359
8604
-39361
8606
-39363
8608
-39365
8610
-39367
8612
-39369
8614
-39371
8616
-39373
8618
-39375
8620
-39377
8622
-39379
8624
-39381
8626
-39383
8628
-39385
8630
-39387
8632
-39389
8634
-39391
8636
-39393
8638
-39395
8640
-39397
8642
-39399
8644
-39401
8646
-39403
8648
-39405
8650
-39407
8652
-39409
8654
-39411
8656
-39413
8658
-39415
8660
-39417
8662
-39419
8664
-39421
8666
-39423
8668
-39425
8670
-39427
8672
-39429
8674
-39431
8676
-39433
8678
-39435
8680
-39437
8682
-39439
8684
-39441
8686
-39443
8688
-39445
8690
-39447
8692
-39449
8694
-39451
8696
-39453
8698
-39455
8700
-39457
8702
-39459
8704
-39461
8706
-39463
8708
-39465
8710
-39467
8712
-39469
8714
-39471
8716
-39473
8718
-39475
8720
-39477
8722
-39479
8724
-39481
8726
-39483
8728
-39485
8730
-39487
8732
-39489
8734
-39491
8736
-39493
8738
-39495
8740
-39497
8742
-39499
8744
-39501
8746
-39503
8748
-39505
8750
-39507
8752
-39509
8754
-39511
8756
-39513
8758
-39515
8760
-39517
8762
-39519
8764
-39521
8766
-39523
8768
-39525
8770
-39527
8772
-39529
8774
-39531
8776
-39533
8778
-39535
8780
-39537
8782
-39539
8784
-39541
8786
-39543
8788
-39545
8790
-39547
8792
-39549
8794
-39551
8796
-39553
8798
-39555
8800
-39557
8802
-39559
8804
-39561
8806
-39563
8808
-39565
8810
-39567
8812
-39569
8814
-39571
8816
-39573
8818
-39575
8820
-39577
8822
-39579
8824
-39581
8826
-39583
8828
-39585
8830
-39587
8832
-39589
8834
-39591
8836
-39593
8838
-39595
8840
-39597
8842
-39599
8844
-39601
8846
-39603
8848
-39605
8850
-39607
8852
-39609
8854
-39611
8856
-39613
8858
-39615
8860
-39617
8862
-39619
8864
-39621
8866
-39623
8868
-39625
8870
-39627
8872
-39629
8874
-39631
8876
-39633
8878
-39635
8880
-39637
8882
-39639
8884
-39641
8886
-39643
8888
-39645
8890
-39647
8892
-39649
8894
-39651
8896
-39653
8898
-39655
8900
-39657
8902
-39659
8904
-39661
8906
-39663
8908
-39665
8910
-39667
8912
-39669
8914
-39671
8916
-39673
8918
-39675
8920
-39677
8922
-39679
8924
-39681
8926
-39683
8928
-39685
8930
-39687
8932
-39689
8934
-39691
8936
-39693
8938
-39695
8940
-39697
8942
-39699
8944
-39701
8946
-39703
8948
-39705
8950
-39707
8952
-39709
8954
-39711
8956
-39713
8958
-39715
8960
-39717
8962
-39719
8964
-39721
8966
-39723
8968
-39725
8970
-39727
8972
-39729
8974
-39731
8976
-39733
8978
-39735
8980
-39737
8982
-39739
8984
-39741
8986
-39743
8988
-39745
8990
-39747
8992
-39749
8994
-39751
8996
-39753
8998
-39755
9000
-39757
9002
-39759
9004
-39761
9006
-39763
9008
-39765
9010
-39767
9012
-39769
9014
-39771
9016
-39773
9018
-39775
9020
-39777
9022
-39779
9024
-39781
9026
-39783
9028
-39785
9030
-39787
9032
-39789
9034
-39791
9036
-39793
9038
-39795
9040
-39797
9042
-39799
9044
-39801
9046
-39803
9048
-39805
9050
-39807
9052
-39809
9054
-39811
9056
-39813
9058
-39815
9060
-39817
9062
-39819
9064
-39821
9066
-39823
9068
-39825
9070
-39827
9072
-39829
9074
-39831
9076
-39833
9078
-39835
9080
-39837
9082
-39839
9084
-39841
9086
-39843
9088
-39845
9090
-39847
9092
-39849
9094
-39851
9096
-39853
9098
-39855
9100
-39857
9102
-39859
9104
-39861
9106
-39863
9108
-39865
9110
-39867
9112
-39869
9114
-39871
9116
-39873
9118
-39875
9120
-39877
9122
-39879
9124
-39881
9126
-39883
9128
-39885
9130
-39887
9132
-39889
9134
-39891
9136
-39893
9138
-39895
9140
-39897
9142
-39899
9144
-39901
9146
-39903
9148
-39905
9150
-39907
9152
-39909
9154
-39911
9156
-39913
9158
-39915
9160
-39917
9162
-39919
9164
-39921
9166
-39923
9168
-39925
9170
-39927
9172
-39929
9174
-39931
9176
-39933
9178
-39935
9180
-39937
9182
-39939
9184
-39941
9186
-39943
9188
-39945
9190
-39947
9192
-39949
9194
-39951
9196
-39953
9198
-39955
9200
-39957
9202
-39959
9204
-39961
9206
-39963
9208
-39965
9210
-39967
9212
-39969
9214
-39971
9216
-39973
9218
-39975
9220
-39977
9222
-39979
9224
-39981
9226
-39983
9228
-39985
9230
-39987
9232
-39989
9234
-39991
9236
-39993
9238
-39995
9240
-39997
9242
-39999
9244
-40001
9246
-40003
9248
-40005
9250
-40007
9252
-40009
9254
-40011
9256
-40013
9258
-40015
9260
-40017
9262
-40019
9264
-40021
9266
-40023
9268
-40025
9270
-40027
9272
-40029
9274
-40031
9276
-40033
9278
-40035
9280
-40037
9282
-40039
9284
-40041
9286
-40043
9288
-40045
9290
-40047
9292
-40049
9294
-40051
9296
-40053
9298
-40055
9300
-40057
9302
-40059
9304
-40061
9306
-40063
9308
-40065
9310
-40067
9312
-40069
9314
-40071
9316
-40073
9318
-40075
9320
-40077
9322
-40079
9324
-40081
9326
-40083
9328
-40085
9330
-40087
9332
-40089
9334
-40091
9336
-40093
9338
-40095
9340
-40097
9342
-40099
9344
-40101
9346
-40103
9348
-40105
9350
-40107
9352
-40109
9354
-40111
9356
-40113
9358
-40115
9360
-40117
9362
-40119
9364
-40121
9366
-40123
9368
-40125
9370
-40127
9372
-40129
9374
-40131
9376
-40133
9378
-40135
9380
-40137
9382
-40139
9384
-40141
9386
-40143
9388
-40145
9390
-40147
9392
-40149
9394
-40151
9396
-40153
9398
-40155
9400
-40157
9402
-40159
9404
-40161
9406
-40163
9408
-40165
9410
-40167
9412
-40169
9414
-40171
9416
-40173
9418
-40175
9420
-40177
9422
-40179
9424
-40181
9426
-40183
9428
-40185
9430
-40187
9432
-40189
9434
-40191
9436
-40193
9438
-40195
9440
-40197
9442
-40199
9444
-40201
9446
-40203
9448
-40205
9450
-40207
9452
-40209
9454
-40211
9456
-40213
9458
-40215
9460
-40217
9462
-40219
9464
-40221
9466
-40223
9468
-40225
9470
-40227
9472
-40229
9474
-40231
9476
-40233
9478
-40235
9480
-40237
9482
-40239
9484
-40241
9486
-40243
9488
-40245
9490
-40247
9492
-40249
9494
-40251
9496
-40253
9498
-40255
9500
-40257
9502
-40259
9504
-40261
9506
-40263
9508
-40265
9510
-40267
9512
-40269
9514
-40271
9516
-40273
9518
-40275
9520
-40277
9522
-40279
9524
-40281
9526
-40283
9528
-40285
9530
-40287
9532
-40289
9534
-40291
9536
-40293
9538
-40295
9540
-40297
9542
-40299
9544
-40301
9546
-40303
9548
-40305
9550
-40307
9552
-40309
9554
-40311
9556
-40313
9558
-40315
9560
-40317
9562
-40319
9564
-40321
9566
-40323
9568
-40325
9570
-40327
9572
-40329
9574
-40331
9576
-40333
9578
-40335
9580
-40337
9582
-40339
9584
-40341
9586
-40343
9588
-40345
9590
-40347
9592
-40349
9594
-40351
9596
-40353
9598
-40355
9600
-40357
9602
-40359
9604
-40361
9606
-40363
9608
-40365
9610
-40367
9612
-40369
9614
-40371
9616
-40373
9618
-40375
9620
-40377
9622
-40379
9624
-40381
9626
-40383
9628
-40385
9630
-40387
9632
-40389
9634
-40391
9636
-40393
9638
-40395
9640
-40397
9642
-40399
9644
-40401
9646
-40403
9648
-40405
9650
-40407
9652
-40409
9654
-40411
9656
-40413
9658
-40415
9660
-40417
9662
-40419
9664
-40421
9666
-40423
9668
-40425
9670
-40427
9672
-40429
9674
-40431
9676
-40433
9678
-40435
9680
-40437
9682
-40439
9684
-40441
9686
-40443
9688
-40445
9690
-40447
9692
-40449
9694
-40451
9696
-40453
9698
-40455
9700
-40457
9702
-40459
9704
-40461
9706
-40463
9708
-40465
9710
-40467
9712
-40469
9714
-40471
9716
-40473
9718
-40475
9720
-40477
9722
-40479
9724
-40481
9726
-40483
9728
-40485
9730
-40487
9732
-40489
9734
-40491
9736
-40493
9738
-40495
9740
-40497
9742
-40499
9744
-40501
9746
-40503
9748
-40505
9750
-40507
9752
-40509
9754
-40511
9756
-40513
9758
-40515
9760
-40517
9762
-40519
9764
-40521
9766
-40523
9768
-40525
9770
-40527
9772
-40529
9774
-40531
9776
-40533
9778
-40535
9780
-40537
9782
-40539
9784
-40541
9786
-40543
9788
-40545
9790
-40547
9792
-40549
9794
-40551
9796
-40553
9798
-40555
9800
-40557
9802
-40559
9804
-40561
9806
-40563
9808
-40565
9810
-40567
9812
-40569
9814
-40571
9816
-40573
9818
-40575
9820
-40577
9822
-40579
9824
-40581
9826
-40583
9828
-40585
9830
-40587
9832
-40589
9834
-40591
9836
-40593
9838
-40595
9840
-40597
9842
-40599
9844
-40601
9846
-40603
9848
-40605
9850
-40607
9852
-40609
9854
-40611
9856
-40613
9858
-40615
9860
-40617
9862
-40619
9864
-40621
9866
-40623
9868
-40625
9870
-40627
9872
-40629
9874
-40631
9876
-40633
9878
-40635
9880
-40637
9882
-40639
9884
-40641
9886
-40643
9888
-40645
9890
-40647
9892
-40649
9894
-40651
9896
-40653
9898
-40655
9900
-40657
9902
-40659
9904
-40661
9906
-40663
9908
-40665
9910
-40667
9912
-40669
9914
-40671
9916
-40673
9918
-40675
9920
-40677
9922
-40679
9924
-40681
9926
-40683
9928
-40685
9930
-40687
9932
-40689
9934
-40691
9936
-40693
9938
-40695
9940
-40697
9942
-40699
9944
-40701
9946
-40703
9948
-40705
9950
-40707
9952
-40709
9954
-40711
9956
-40713
9958
-40715
9960
-40717
9962
-40719
9964
-40721
9966
-40723
9968
-40725
9970
-40727
9972
-40729
9974
-40731
9976
-40733
9978
-40735
9980
-40737
9982
-40739
9984
-40741
9986
-40743
9988
-40745
9990
-40747
9992
-40749
9994
-40751
9996
-40753
9998
-40755
10000
-40757
10002
-40759
10004
-40761
10006
-40763
10008
-40765
10010
-40767
10012
-40769
10014
-40771
10016
-40773
10018
-40775
10020
-40777
10022
-40779
10024
-40781
10026
-40783
10028
-40785
10030
-40787
10032
-40789
10034
-40791
10036
-40793
10038
-40795
10040
-40797
10042
-40799
10044
-40801
10046
-40803
10048
-40805
10050
-40807
10052
-40809
10054
-40811
10056
-40813
10058
-40815
10060
-40817
10062
-40819
10064
-40821
10066
-40823
10068
-40825
10070
-40827
10072
-40829
10074
-40831
10076
-40833
10078
-40835
10080
-40837
10082
-40839
10084
-40841
10086
-40843
10088
-40845
10090
-40847
10092
-40849
10094
-40851
10096
-40853
10098
-40855
