10000
27964
24746
-15454
-31168
-6910
-32249
11103
-11218
-31502
-12646
32279
-8511
19064
-10604
-10198
16595
18287
-16073
14416
-4320
27592
-768
-24092
19898
14204
24280
-31030
4153
-2858
16604
-15742
-1082
4755
23513
-25911
-12062
16156
-30051
29576
-17993
-21071
17487
-1791
-5540
-30810
-24378
-15369
-30236
-29326
15105
8059
21537
-20961
-14663
-12556
-17960
16749
-18163
-30168
13097
24816
-2735
6879
-2338
12106
9066
10115
914
1281
30422
16398
510
-7872
-4075
30762
-28272
-14291
-3427
-13672
13299
13485
8251
8633
-17688
-23907
-6712
11768
12916
-10287
3168
-9310
-20768
5101
-30077
19211
28984
4769
157
5764
9308
1007
21397
-27696
5170
16289
28025
29914
-26849
12325
-5413
-32563
-16280
-32013
-22456
29260
12549
17805
5908
-20512
26591
27392
-10335
-18440
18269
-27491
645
22853
8636
19416
31923
-1402
32444
-4901
7389
4910
29219
21555
-30265
24655
569
-18575
-6082
-17578
-7755
-31468
2743
-1140
-9513
-415
24857
-21188
31656
18722
21552
-25622
-13088
-28306
-29447
-4298
16366
10800
-24811
1955
-16371
-18915
-9200
-4169
-20755
15285
876
-24007
30648
-10322
30330
-28941
-5453
7564
8824
2927
28355
-18650
-27017
-12581
17167
-16852
2324
15305
29097
-25784
-18499
-31964
-12559
-15592
13957
28737
-21824
32618
-31245
32447
9794
5479
-11857
20612
-18076
13996
-21131
-12189
10716
-5164
-18491
-31359
-6931
4732
24995
-9857
-21332
-5206
74
-21088
8249
-21783
17274
26810
-6750
-21313
18114
21139
27619
-19193
28788
-14802
-9966
16521
-20520
23493
11303
-6879
-3383
27545
-8506
-19981
-25921
1251
-30553
5575
15016
-11802
-440
-16360
13074
-27419
-7183
-1774
26091
-24484
-24859
31865
-6880
473
-28957
-976
-6246
23746
18521
23644
561
25290
9624
15402
-18365
20545
-167
31341
8905
-7643
4310
-18938
-9686
816
25466
971
23212
2362
619
-381
-28886
11482
10886
-2002
-31777
4435
-4652
16687
17185
-17101
16322
18463
-7596
2259
-28719
-16846
25437
18646
-3425
2190
-27155
30888
-13513
26198
5231
8449
-19930
24382
-28761
28670
12429
-3076
25979
23453
-23520
-1163
29636
-21570
15442
23127
487
-1845
-617
8978
-15322
12577
2349
-4873
-344
151
-19626
10159
-25695
-2185
28786
25114
14258
17103
-22040
-4481
11608
-8870
-17334
-11716
1307
14124
-6760
16868
-19210
-24037
7375
26246
9719
1337
17807
-19573
13818
-32499
-11729
-22301
749
25284
-961
18193
-31469
190
-4369
-29829
-223
-25561
20853
6613
-2793
25714
-6437
11772
20725
19143
-19294
-20254
-2866
-380
8417
15615
16530
22553
32370
-25481
9548
-21897
23387
-30025
2396
6813
14310
5618
-22270
21639
9191
5338
-8503
-16224
-21808
14200
16972
14498
-19994
5100
2633
25006
-5122
31607
32124
-21063
-30154
-29951
8951
23317
-25172
-18316
-25361
-22564
-20235
-5326
-30181
4962
-11866
916
-25041
14117
-30258
-31318
2553
20642
13961
-27052
-19650
-25207
16341
9941
12887
-1826
22933
-22065
11048
-9095
-2249
26055
24166
-10606
-26229
-6080
2184
27139
1569
7402
-27080
30804
27740
16183
17575
7126
5428
7227
-27749
21217
-2752
-28593
25482
25903
2967
-28150
-2656
1634
16726
-11916
23926
-2171
1822
-9880
17439
-7779
-16403
-13157
28401
11877
-15838
-13535
-17990
-13490
-14124
14361
26814
13788
20013
-12744
-14779
16732
-10006
-18629
-32740
-1037
-3743
-12431
-5027
27310
12421
-5062
-7591
-21603
-24073
3761
25954
21812
-25712
-14777
-12172
-2189
-29569
17388
11422
-29628
-5130
-7548
30552
-30839
-11867
12861
9020
-22355
-8393
13354
23312
16974
26157
30176
-3936
32582
19555
-21793
-13562
-6783
-15051
-13651
4976
-10530
-2251
-2558
9113
7096
25674
-29010
32273
8371
-18487
24222
-22964
5861
768
-21722
-6695
4103
-19740
12575
28239
25396
28545
-1321
32471
-20331
31278
-476
-11439
11792
2723
29116
-24456
-13675
-8804
-17267
25689
19240
3450
9295
-23517
-26326
-22769
-10946
-14610
-1128
22875
20412
-9911
-16716
-32484
29408
27133
-18396
26027
9033
9820
24360
-26935
-19974
8789
-31441
-23342
6890
21841
-26235
17753
-19211
-14876
11344
-1061
10052
-12645
-2939
28965
32435
-29759
-32429
7566
-13627
5795
-21147
7353
25091
-6635
-19581
-24229
-32245
-3929
24720
-6771
-8768
19086
30870
18664
-22231
-9235
-19025
12014
-28911
-19412
-15884
30739
389
11168
25874
24841
-21462
22954
-52
29220
31717
6923
-5703
18911
29944
30270
-6820
30551
-20507
21922
9127
-25807
-29340
14844
-12592
21034
25741
31986
805
24436
12102
-9105
-32750
-10074
-19424
-16583
-10999
-27053
-8635
26602
11058
17890
-5369
-12080
-24978
-1429
-9472
16948
-3985
-30466
-6908
1144
-3499
22411
-18522
-17373
-4577
20021
21838
-31533
1591
30250
-8015
9361
-28470
-31032
10134
-7195
25195
14929
4514
4670
-3302
-4105
12727
3664
18876
-3867
11098
271
18565
25829
8150
26394
-17374
16871
-27835
31603
-18408
21576
31322
-31235
2248
21072
-6730
29206
18725
-5359
10459
-20653
16949
3276
-3046
-29328
-2008
17247
13230
9219
-26034
-326
30222
-8895
2112
-24555
-11136
-13091
26877
13309
-16518
15267
25839
-5303
-23
4903
14711
-28511
2810
-25022
22543
4679
-31485
-12442
15480
-18466
-26993
-9359
-31538
-23175
-1449
18584
24580
-9330
-15231
-26707
7290
13506
-27087
31360
188
-10490
-7046
26191
-9862
-8548
6126
-22038
16301
-29173
1766
12116
-17312
-9884
-29887
2534
31283
-16072
-7535
19054
-32284
17389
14095
16597
-20345
-28677
19550
-22212
-30281
-25613
10045
-20009
-13550
28292
19249
-4025
-19122
25071
32741
-2408
-17983
-31575
27557
7410
26661
-22729
-15844
-7766
-5463
-32725
-27062
-25174
-22958
29712
-28759
23800
31333
23954
15266
-20487
6300
-16249
-2202
2451
-25557
-15972
-25061
12909
-23674
-30456
-10828
11436
9813
-14141
555
27414
-31561
25352
-19664
31192
-16550
13351
-26748
-27472
29614
11693
-26741
-24933
-32094
2437
-9979
-24915
11736
16863
-24752
1498
14049
-24491
-30494
-21952
-13924
22818
-17199
10829
20717
62
-30643
9677
-23599
317
5086
14866
-6526
28962
-26055
-16111
86
-27700
-7402
6334
-6354
-17533
27814
-28379
-26166
-16460
16064
-29223
24934
26804
-30174
13190
-876
-26635
16397
2657
24565
-30827
31036
-2853
-20437
25140
7615
3522
-11135
2696
-19661
-17452
-5518
-4558
23298
-24798
21823
560
29918
19794
16628
3613
20804
-28810
-14514
24263
29691
1418
-12452
29350
-48
476
-19350
3059
6898
3082
-1403
-12078
23989
552
28136
-12696
-22736
4168
-29334
22458
-9727
-22275
-14820
988
2786
8695
3410
-29839
-11131
-11843
21511
-4900
19636
-269
-7500
21043
-9943
19964
-15119
7189
-18452
-28095
-27745
20841
25732
6136
-22419
-1295
30849
-5806
-14136
16672
-22639
-3584
19139
14834
21002
23185
31972
-8360
-6290
2724
5900
-6985
6989
-26789
-8178
-5954
27651
-5536
18961
-11234
-13697
13256
-3293
16919
8434
11703
3274
4633
16663
-27016
-12197
-609
-22742
-6181
19790
715
30703
28763
-17416
-23736
-29641
15293
15099
2444
-29166
13603
-29874
-6449
649
-30503
12701
-10385
-19183
31399
8848
26655
16403
9542
27458
12879
28944
26603
13519
-12826
-24995
27968
-20535
6523
29870
22580
26845
-26612
-26295
-4729
18184
16650
-22631
11015
-8805
21188
26891
17559
-1156
-19504
24854
5161
-15191
25566
27805
28543
23478
28260
-26073
27552
-21469
1240
-12201
2902
3564
15193
8206
-32175
8806
-26502
-31405
-27776
-6834
30469
31568
-23261
17309
22014
-28773
-5026
-4055
-26013
-25981
-10222
-2674
-660
-24015
-32163
-22886
-7062
7859
28135
20495
22493
2599
-29606
-4525
19877
2381
-27149
17379
-18607
1771
-23312
-20792
8383
31210
15258
-8222
32727
-1415
32470
31257
-1893
24373
801
-20863
2793
-240
-8082
20263
23260
-10240
11429
18536
30813
26480
9914
30112
32685
26253
-24724
-14509
8881
12139
-17883
-29559
13171
3424
11674
-28260
16033
31623
-15553
-20194
13837
9022
22692
-7649
11051
-27304
10619
24150
-6550
-4908
-11488
-13242
16780
26612
22612
-6280
-4717
31855
-19386
9410
-9536
31440
5082
-25709
18221
-653
-31967
15889
-5124
5856
29913
26938
-8373
-7497
32316
29945
-13782
-27658
-12896
24164
-6689
26794
-21503
-14097
27890
-13939
29114
-23455
-4301
29940
6292
-14894
9686
-3711
5749
-10466
5208
-5804
-19624
-19555
10047
14548
-4701
-3680
-13981
-13975
-10024
9224
-25129
-30294
13697
-23483
-8634
-25922
12207
16849
-21548
32300
-9252
2574
-22874
-6754
26159
31669
31672
26860
13844
14898
-25341
53
-5788
-24466
-674
16525
-17300
9990
-18089
-14412
10084
-15053
-28190
17945
7590
-30620
25577
-15059
18281
-607
18666
-5976
-19822
-29411
25700
22023
-15901
5052
26239
16709
6141
-16576
-15047
23036
25661
-21898
-27306
-19991
24879
11257
4093
-32519
-15559
-10926
22392
-6209
24353
25489
4917
-13758
17656
-16972
-23861
-6777
-27183
19150
-18907
-30453
-17484
-26570
10863
-16308
19704
-18742
-24476
-5057
7297
21197
15347
-13096
6797
-30310
-1400
-6547
-30521
-11469
-12359
-24428
7896
30309
15790
16832
-1612
-21193
12177
-10844
24070
-9604
-18722
-4091
26274
-14436
21918
4598
301
12189
-23466
8104
-14343
12225
-19811
-11555
6367
29959
4526
26975
25452
7623
20665
12261
-1280
-15446
-20335
-9607
-11474
-6860
-29733
-16659
14596
-18693
12899
-11086
-31103
32568
13588
-8063
1233
-4449
-16649
25076
-25259
28092
10100
-18045
-18019
11086
18542
18159
22899
-10332
9585
10658
-5624
-14578
990
-14324
12596
25949
8056
1220
5644
14514
-27879
-17144
-28555
8005
27703
-11255
17245
21810
-30255
7253
-25815
6298
23441
17640
13656
-17720
12304
-4527
-10522
14286
-2086
-15337
-19528
11994
28495
-19446
-4946
13120
11915
-5085
10600
23240
-8928
-14791
20228
6814
-9174
-21122
-18525
-10704
31225
3071
23541
29652
-25947
-26580
24844
6911
-13327
-1467
24106
2831
-26799
14233
-7074
28887
-19544
-17084
-27560
18870
-27754
-22341
70
-14195
26549
17499
22911
19491
1974
-12945
8426
-15444
-27746
-12571
26217
8106
17666
-10285
-13528
-16588
25204
10367
9138
31780
21878
-8655
-16795
-32353
8492
10588
-3799
4853
32158
-20587
-2000
664
10808
2758
-16276
-451
-20553
-9528
-2644
12086
-30084
19474
-14310
8819
-32385
-8617
24132
-2624
-16701
-25813
-13324
23337
31486
3580
5349
28235
-10516
-18574
-2589
30957
4587
-13399
11265
-19069
28359
-5932
14207
-7642
-17018
-895
5004
23206
-17085
-30147
321
13255
-27307
31474
30301
-21992
-7491
26376
-1985
-9721
22505
-7045
-25586
-4011
-29925
-24047
-23962
25589
32227
-15950
-1543
-18322
-3698
-3503
-22442
-12672
-18053
25762
28826
31107
-19701
-23823
30368
25085
-2068
-29159
-11682
-444
-1482
-14116
3992
-5814
-27260
25196
-18517
15443
-17871
24967
-7407
-4447
-26092
29925
-23105
-6793
-19968
23062
-21353
-13540
-15547
-1616
-28746
-6249
17106
28908
19467
-27251
27005
28137
25494
-24641
26874
-6247
21530
29047
-28424
-19758
-10634
-30061
13605
-15643
12191
10352
-24539
-9162
15948
23903
28161
-11476
215
6411
-19438
-28732
24665
-9799
31770
-27976
-1869
-15468
-29091
-14596
1042
13784
-31435
-15550
-31597
22123
-15224
-1160
27396
8713
14259
-7610
-31716
17178
-28201
1389
25852
-685
-9985
-23967
-18128
-30900
27287
-8198
14682
-32216
-21400
31692
24098
17494
12077
30832
-20901
28047
-2006
3556
-1162
27281
-18631
16611
2161
-22538
22892
13099
1808
-8299
14807
15945
18265
27440
15995
21324
995
-4254
-4783
-4427
-13670
14394
-19246
27613
-27968
-1871
-24992
16371
-24429
10740
-17075
-16293
-11492
-3878
1851
1695
-17741
27513
13794
20943
22018
-10271
-23123
11078
25250
-22187
3007
9402
-21390
-13204
859
-8708
-5230
14518
17119
-13219
17068
16336
19209
-312
27639
-13574
25112
22881
-27218
20862
-32451
-5451
18559
13734
-18292
-23316
-23147
-23986
13973
-6511
-32103
21113
25768
15861
-9417
755
-8564
-18337
103
7870
-8835
26962
16804
-15437
6484
10484
-19306
-696
-8039
18509
-23978
31264
-10306
-22997
22017
-15860
-977
-19935
-20555
-14856
30086
-17504
-13613
-11539
19157
22386
22669
15152
438
-30162
10261
-4193
-32550
19810
27059
4872
-21926
-17831
-2588
-9836
7098
2636
-31556
32058
21099
-9629
-8935
31745
-23494
-11020
-22788
-11188
347
29104
-30300
15404
2751
-24257
29432
-5796
-25611
-16414
5280
-60
21594
-14023
11621
19574
-17486
12643
-27160
8124
-5260
-30395
12496
-16856
1083
16445
3944
122
-10121
-25722
14846
-8629
-28199
4520
6518
-26242
-14792
6177
27125
7484
-1189
17634
-26982
-17443
-6140
19469
5624
-21133
-17255
31902
2536
32539
-11483
6030
-11066
-15089
-4341
15555
-30367
27739
10599
-7291
3915
-18728
7048
20409
-26453
-27951
17104
-30404
21049
-199
2910
26534
10070
-28493
-23666
-27822
29809
11681
-4851
-4847
16433
-4265
-3050
2239
-23713
-13261
-16133
-3128
-18865
28538
-26901
-27066
-10164
24480
18065
-2663
14819
-31284
-24080
-4774
-30937
13742
-23250
4257
13590
16267
30520
15047
18813
17100
30536
-15946
-24021
15990
-13098
7585
14667
27664
12718
-7944
-9454
13864
-21187
19196
24114
-16078
-2561
31423
-6510
30231
-10529
30426
-5214
16540
14975
-9621
-14498
27551
18817
-20029
16205
-1957
-20463
-15894
-15808
-475
12150
25722
-8441
4143
-22130
29592
-1444
-21938
10623
-26116
-13298
-7450
4610
-309
13849
-9025
-7328
-26631
-32463
29092
-10180
15674
-8147
18661
-8734
22001
4197
-6986
-22815
-31795
969
-5947
22398
-16749
-20424
16840
21430
24815
-25390
8481
-11909
-12906
-19533
-30491
-366
11385
2994
-15672
30485
3466
1921
-22637
3614
14941
-24140
-3549
29657
25427
18807
-11032
-29549
17872
-21132
28407
29541
13757
-28089
30740
22577
5127
-9295
17229
-30373
-21790
-20293
14917
5752
6007
25011
20963
1222
18954
17239
-14545
-13967
25300
15123
5630
-31542
-9559
26989
22300
-16131
-30997
-21261
3875
23969
-20505
-31555
-25804
-1184
-7534
3711
4375
-9716
-23461
-7382
-28102
-31348
9043
-25732
5088
5212
-20881
11365
-2607
-460
-15994
11898
-32583
945
4714
-11883
14900
21209
30719
-4417
-9057
23578
4517
31519
-20859
-17571
-20206
292
-29591
11554
5904
3377
21420
-18510
4965
26902
-350
-2539
-19910
-31509
12942
18370
-24679
-21324
-27553
-7088
16963
-67
18522
24736
-3729
-10213
-22274
-6175
23628
27138
3814
-5342
15539
-21198
22230
-13619
-18887
23904
7078
11671
-17616
1589
-30385
-25385
-17625
28074
25681
22058
29999
-2693
2664
-7295
-25574
-27757
-3802
27698
-24660
3693
-13809
-27027
14710
16759
20366
11524
-30426
9728
-11901
5319
4817
-29342
-12889
-26180
-12023
3786
-32607
-28837
25804
-14594
-26866
19289
-30771
19781
27669
-9363
-6644
-7064
14836
8136
-14906
-20101
21084
-17461
27413
24983
-11838
-21241
10208
31280
-8049
12094
25203
6666
26270
26346
-26062
4716
-11194
-21984
-20314
11301
-12181
24952
-8628
25623
-9173
10534
9775
-20107
1440
-5279
-19825
-27169
-13445
-8238
-4333
-6765
10678
20363
-23301
11751
16487
-14478
-22882
28777
-23632
11117
19892
8238
6306
-8404
-1003
13378
-5275
-2059
-26134
7376
22793
-3273
-11936
8353
25594
9863
-25050
-16258
21663
-5892
16502
14531
-9678
30916
-18956
8632
30848
-23948
-20376
3132
-28244
31976
5626
-15657
-5131
-29349
-2165
29409
23562
-3415
31537
10460
-32186
-23752
-26541
12471
18380
15056
30430
-30802
8773
13369
27117
-32494
-23465
8195
8137
-18284
-21486
-24300
-2077
-4045
-4627
-20692
-10968
4212
-2711
20290
30381
16041
-30208
14303
-7959
-14166
-1785
3394
-10319
-21157
513
22971
13635
29566
29197
24512
-1995
-887
-28247
22872
23332
-20647
-14012
-3661
-1644
17451
7741
-4782
12071
10403
1410
-3005
-181
-25938
15938
13817
-28041
-26909
7526
-3468
-9548
6514
-10457
-10888
-31150
-5769
-19325
24550
28259
25274
889
-24486
15620
4279
-1303
-14513
-2951
14918
-22026
31352
-32173
-20777
-20598
8740
-9632
31907
-30041
613
-6261
17665
-12388
-19297
-16915
6381
-24165
17020
15470
-22380
-9024
7723
30980
-20635
-22286
-5349
26609
-22079
15786
27839
-22554
-30572
-28602
7323
-22666
9337
4426
8676
-21229
-7551
-13387
13846
28893
-19215
-6639
-12409
-2487
-10958
8855
-31410
-20082
7717
-26998
12796
20281
1938
15880
-17083
-1148
5113
-11597
25331
-7531
32034
-22603
-7374
-24191
-23609
23178
26906
4082
-3148
16535
22984
-31810
-7377
3713
21614
21533
-22111
-23750
8650
-16878
-24264
-28461
-19922
-25058
22873
-27429
-1882
19965
10547
-3539
15797
295
14714
-31874
-10616
-10668
25559
-24350
-15104
3002
-26359
2746
-6378
29671
27914
-15371
11929
-14760
-8772
-25066
-19124
20955
-23392
-30678
28990
-19480
-28783
26651
16117
-19886
12285
-5896
-13671
-5863
7844
23779
15114
-7228
16360
24021
-28517
-30765
-28692
17297
-17096
24208
-19114
5808
18783
-624
-20780
-31870
21303
-4082
-230
15237
8666
31266
-18432
24750
-29222
6662
-338
-19260
5953
-6430
7523
-18353
-32746
28123
7969
4448
-27392
-16144
-23805
-29502
-17444
-26227
-5994
4708
16959
-802
-8034
-18577
5625
3297
-3749
-10307
-21186
1384
30503
26830
9568
4731
-14529
11409
-16798
2083
18623
7239
26382
-31596
-1427
13038
22946
-18664
-29011
-19530
25651
-11051
-31801
17248
-27388
24909
24354
8443
-3612
-25963
-1553
23082
-23575
13094
-2729
7872
-7714
16054
31138
14472
-18084
-30270
-18821
17414
-12575
18057
21449
4113
21593
-2863
11273
1567
32531
19450
-8062
-24108
-12855
25129
10851
-5980
3828
-26976
15994
29299
9532
-6536
31836
9322
-11220
-12047
504
3757
31738
-3794
-30981
-2785
18103
3475
-5799
-12102
28500
-11928
30517
19695
2797
-25474
-266
-4552
-4064
3550
-21669
17862
-19843
-18966
14828
20721
-21806
25911
-8007
10234
14896
4130
-7342
-13639
-9300
15215
19590
26934
2593
-14106
-19248
-17842
-29353
11357
-7528
20126
1172
26158
-25318
23520
-10452
1889
29838
23479
22982
-8008
4127
-30184
575
2195
21286
21858
19902
-15288
-29363
-6332
6276
-2061
-20955
-7345
-3610
-9806
-10294
22172
-22472
-23322
-14433
16128
-23326
-10613
5757
19459
2159
5448
32431
31726
14673
-30173
-15262
-28590
7967
-22627
-7416
5462
-16760
29296
-32237
-25243
3261
-9338
-23474
-8023
-28822
-3165
31744
16391
-3693
-10200
9106
-20557
30705
-1808
-23723
28014
-32149
3851
19853
20692
-3343
19510
-7939
-27277
-8153
-21728
-29400
-3019
14771
15292
27230
-8547
30495
4707
32334
-11236
31696
-24144
-13866
-4492
-13682
1977
1510
-18654
-25262
-22369
-22917
-20458
5738
14763
-17811
30606
3525
-26030
26952
6663
-8113
-19165
-1349
3154
18668
19721
-19132
14549
14661
14312
-11366
-25190
23417
-21311
29830
3645
16929
5576
24861
11646
29478
20102
21938
-13856
17717
-17024
16532
4572
-16605
-6084
-6453
-7346
4882
23522
6826
13155
4011
-6767
-3628
-20984
899
9625
-16953
-6364
8763
-26100
-23095
1560
9017
-8673
21502
11039
-1066
32244
-28251
15640
-10812
-1445
-18142
-12623
-20138
6644
18331
-15221
-938
-10181
21897
-319
32147
28477
25348
16614
-28005
-12871
4683
-1958
27457
-29458
26627
30783
28909
17041
3506
8567
-25681
7930
9285
-25750
-25160
9867
27624
30624
-16569
-23480
12607
-16018
-22352
23011
17995
-19028
6280
463
-24298
-29647
-4870
10430
-21423
8720
-31522
-16924
25985
-26154
31619
-26317
-21865
-2612
30266
32533
2309
-19237
3280
-854
-31296
-681
-2686
13126
6138
-10555
-26515
-23678
-10161
-9086
16742
-2066
-27333
11901
28784
-4790
-28175
-22237
-18125
-14511
-28769
-4509
870
-28484
-30917
6941
-24554
6469
-8460
28617
-12207
21620
18203
-27878
19212
21734
-8363
-24314
5053
-17204
12366
-5986
29434
19179
10099
16894
10584
23618
13754
-8312
-29556
-10089
-21946
13085
3317
-17998
31182
20508
-22153
-16387
2709
5641
23649
17212
-30065
28251
27824
-28884
-19208
8174
15920
-13896
28101
-29058
-9885
-20568
23610
-24887
-17458
19998
25924
-1746
22538
31897
19596
-20207
-18011
18171
-18908
3961
29667
10488
-12163
28229
32293
-15655
-1496
5964
-23016
-20356
-12722
-5933
10990
-17833
-13407
29866
-17133
-16421
-7391
31507
-29739
-29131
792
-27465
14825
-25089
-12229
14460
-32432
-5363
-7098
6940
32630
-30788
-12974
30110
4949
1243
-26045
-31482
-1547
-28002
19943
25902
632
23752
-24207
15289
-3362
17599
-10237
-10784
-3764
15423
-26221
28282
-28161
13756
-10155
15591
-5893
24977
11371
28176
-5389
-2610
20802
-9263
-1312
26075
14153
-2592
-29191
-9900
-31388
15847
-4819
11560
30939
-19240
6485
19127
10156
13741
-4261
-5156
-31543
5092
-19356
-23720
-14687
25434
11708
-12465
17856
16114
-28165
18712
21495
-4893
17374
4327
5501
20600
1846
-24513
-13237
26516
20854
21110
8269
26870
2135
2109
-9520
9959
4454
-7185
-1582
23731
-9046
-9009
-29563
-13612
124
15262
3118
-24870
16722
-10912
-28868
15865
12021
-2881
-26010
-3074
11686
3281
1398
-13602
14156
16737
1023
-9022
26097
-31816
-64
9917
3649
16544
26410
27917
27150
16330
-26127
21199
-26598
-27943
-32741
-3100
-604
16910
730
7731
25174
-16502
-9027
30124
-20167
-21483
-30550
-4366
-19396
28091
1540
2197
30713
-29107
-23178
-4690
-15558
-25189
-30903
-13254
-24457
31704
7452
24450
-26806
-5226
2621
12226
-16298
-22373
-5818
-3814
27735
-6038
-25026
16018
17813
-8889
6088
32501
24942
22492
25342
19214
29414
-5035
-2751
29762
24243
-2148
-24044
-5965
21822
-22112
-23050
3216
8688
-23193
27565
-20028
21815
10295
-29006
15988
-23380
20097
15710
-21568
-31883
14560
-32661
-28171
17317
-18785
-13164
-13350
-29807
823
-7842
2883
-4665
17719
-24507
-5882
30296
5211
-3196
30372
30272
-24689
-7162
-23464
31591
-32135
-26812
-6904
12274
-228
-12108
31418
25064
20909
30869
19485
-29924
31362
5488
19140
-12711
-7812
-19627
21036
-5988
6160
8678
9473
-3235
2846
23007
14062
-17068
-14457
-5090
10253
30522
-31544
-11920
-17379
-9547
25542
-16110
28563
29674
21104
-12471
-17835
-11042
28841
8681
17696
-14981
-27526
-28999
21450
20390
-15937
-23768
-20707
-31903
3255
12390
-14220
28300
3562
1024
-20808
-13326
-1663
2680
30847
-5065
28646
-27389
924
18467
-11376
-19345
-1059
3407
13180
22794
11852
-29275
26797
11585
23623
10342
-22023
-19992
27583
-1242
-27452
21759
19575
3192
5135
-21739
-14839
-26732
-3600
-10027
-29384
18144
-23658
24847
-32540
13880
-16463
5802
-3191
-14972
-11658
5486
24680
-20348
-12815
-11187
-15631
-23359
10967
8109
-20513
-11705
15144
24359
25484
28478
-648
29357
-18269
-12496
17277
-20172
-3647
12506
20694
1507
20100
12622
15627
1814
-357
3615
-9396
-15562
-5500
25543
-2320
15146
-4426
-17857
-14975
-32421
-1296
-21256
14958
-4220
1719
-16596
-14075
-11988
10815
-24753
-16519
16436
10384
-9616
-5838
4264
-25096
-17754
-32315
-29102
-29905
-11882
-2509
28128
16713
-19723
31450
-2802
-10700
10814
-16317
29425
14336
7177
-657
-13372
207
-7251
17854
-4829
-16575
-21596
30091
-32384
19564
12973
-26248
-8014
-5468
-20477
-7580
-21058
10048
11514
-15878
-12129
-8260
23253
-11710
-19201
-29218
26907
-8563
-4962
-26365
944
-8334
-1102
26381
7265
-29330
-26374
-14834
25246
4735
-9786
7137
8158
3688
30074
29211
11558
-21347
-11707
-2871
2199
18871
23295
-25459
-21530
-26587
7937
31736
-13077
-19802
-32405
-12626
8048
17505
7767
-7663
24599
27712
16678
3237
3963
29679
-22179
31529
-12818
25735
6583
11417
23763
31684
-16138
19443
27579
5770
13197
7836
18506
-11101
-27377
18138
16390
-21735
15917
-5721
-27383
-27766
-23036
28842
-8746
-13436
15708
15807
1582
4877
18448
27761
-5530
-23652
-22816
-1275
-21381
-11614
-32084
19324
-32268
-22013
29304
-21712
21479
-23896
-28534
23781
-7095
29413
-9253
31076
31547
32721
-32267
12023
-6101
10543
-17368
-24936
-28405
23633
31515
16001
-28286
12144
-27096
5393
9421
-5969
21198
-12874
-26349
-14521
-18927
-23218
13987
1170
12403
-10806
-18489
-21098
9044
-30372
30970
2803
31183
-16946
-21943
-25217
-21481
-15862
12614
9103
-14568
23659
-19197
-2362
-17878
-29683
-1339
-10693
-27650
29007
-11232
-28947
16254
-6696
19151
11056
-21922
24458
5235
-7881
-13191
16484
22584
-14254
19597
15369
-2317
-16727
-4309
21682
21481
-12637
-3016
-8698
17987
509
-4750
-29536
1176
7321
713
4328
-21558
4119
14075
8506
9346
-30243
-1556
17855
-19732
-2128
8451
25707
-14668
-2549
27417
20118
18795
28267
-2922
-17659
-11514
4717
32142
-8440
4417
24218
-18467
16141
24528
-31223
-17224
-31073
3322
3178
-28450
12860
30293
-4416
23130
28302
-20796
14760
-6301
-10573
18716
16765
28396
1632
-11530
-5566
-28932
-20000
-11627
17198
-16608
13596
-8289
-3307
10777
12349
-14292
18280
-13749
10697
4395
-25691
-5153
3719
117
24894
32684
-17478
-15076
17873
12041
-12372
4428
-12950
-22481
-19976
-32596
16639
21816
11926
27029
-25971
-28867
4054
-21288
9839
1289
9935
4255
1646
27658
18386
-8710
-8885
24154
17820
26940
-801
-30743
11442
-28163
-30020
-1451
24063
-17316
23351
25341
-17823
28695
-27577
-1462
22417
-24665
7339
15303
-16954
-12011
-7570
-31201
12512
31313
25113
-14844
-7728
19348
-15500
27089
-14009
-3265
-2142
19311
-3944
-25763
-6506
-21545
-8990
-32407
-31224
547
-15355
-27669
-22738
25212
10525
-5664
-4281
-23331
13150
-21614
-31040
15026
-21144
5144
11230
-3828
30012
25826
-15938
-29716
14811
-746
16000
25027
5803
24340
13711
16823
9222
15749
-14795
-5670
30441
25640
4467
12367
2934
-22828
25900
-30449
-16242
-12676
636
15570
-28518
11856
10042
-13316
28877
1911
9333
18137
-28151
-31013
-29269
667
2023
15729
-13485
-26340
-28631
-7127
4981
-26872
-12215
6959
-19436
24690
-21203
12182
-22799
25189
-10197
-13808
-24552
9511
18631
20902
-8228
-28370
32153
25381
-7831
11935
3677
24500
1317
-26384
20803
-12822
-28502
26504
-10831
2298
26755
-18566
-20222
26306
12058
-11503
29265
-22387
30800
1162
-6988
-20121
-24194
2937
8413
50
19431
13667
-28757
7575
-21036
-17179
-9525
-11446
-22838
-4122
9245
24268
24246
-9223
10018
-28923
11064
3685
-1727
-20960
-17541
29658
-8743
-3576
-17662
-4801
-4594
23918
-1579
-23969
-24687
-11091
29867
5902
-2653
479
19586
-32614
17008
26838
-5776
23531
7366
-22218
-26214
10382
-1938
-13187
2826
-8085
22596
4360
16320
-14185
8598
18628
-25169
15639
8703
-24071
32466
16961
28805
27578
-1647
9180
-16085
-13623
25575
-14579
-28378
2009
-5119
21632
-11781
-25568
-18043
22482
1230
14161
10583
-22217
-15775
-9163
14806
-26392
13550
-14425
-23057
-28569
4559
-14875
-20648
24387
-16356
19653
1528
-211
-22453
-17643
10686
5695
8327
-19164
-11410
4840
-11035
20952
-23394
503
-2907
-12891
-1815
5569
-17074
24630
6104
-27368
27728
-9715
-28206
22066
-24650
25940
-2800
30770
-9433
-16223
13825
18652
17120
31884
-28605
20052
-10981
-18182
9446
-11584
19513
30079
13404
5607
13139
-30500
-1305
26563
-11693
-9423
20112
14561
-3391
-27796
-10063
-6968
-3260
16331
-29823
-20005
-8030
-11378
-15624
24805
-10081
18347
-26651
25886
-15494
-10300
-2985
12631
28941
19177
13179
-4043
-27566
17622
-21338
25473
-13007
25896
27779
-27846
-22133
-11261
-8101
-22896
-27731
7745
-23488
15018
-3723
-27828
1571
-11635
20840
14557
-29466
18396
3217
12449
8367
-24892
788
-26729
-18320
173
-17886
20898
1423
-23439
9796
-16700
-6176
-25605
-14461
-1580
-9950
26484
-26149
-7687
15623
-4284
9460
-6395
-1069
17445
10570
23745
29464
-31016
-29935
25217
13632
26608
-14958
29195
-27278
32082
-19535
21107
28532
6316
26083
-31738
21906
-12673
-22473
-16092
-4506
31365
-1373
12986
30051
-20339
-13705
20631
-15117
-31855
-24224
-21083
1212
5572
8247
1361
-17177
-4702
12715
11434
11216
-30287
24728
29688
3406
-8035
25365
-14775
-144
-5358
-32708
17216
14540
19144
18941
23398
-10598
7089
13162
-21830
22966
-15201
15991
-32682
4041
-10577
14194
-25180
13008
12096
-10000
-17583
-1441
-28594
21736
-17399
28982
-1132
23031
-24364
-11513
-13260
-9284
3369
17304
14230
31462
31629
-30614
-7119
3481
24572
13984
11617
-8721
30246
26167
28945
10154
15357
29634
1564
-25451
8410
19831
25801
-29497
25306
-23375
-13779
-20159
2045
-11334
-8477
-1516
-4262
-15580
18477
-3955
-14877
19863
20652
10058
20750
-18814
-32488
15659
-15520
24658
-29463
-9725
23179
1536
-11214
4296
5334
-20268
-10583
-22434
16792
-17331
6572
20973
32407
32338
-17513
-6264
10365
-10403
22081
-8156
-560
-27274
-12544
-4418
31828
-28627
31429
-6226
-17995
14875
-28498
-8201
31630
2598
20491
-29816
871
2564
-19440
32665
-12832
-14251
-29461
-22622
26433
-2016
-16739
-17148
14774
492
-31080
-8047
23117
13852
-20181
26614
1596
-17472
8448
16275
-2456
29229
17763
-4236
20959
21052
25115
-15085
-4207
31176
22634
-21251
-27916
18355
-16181
28642
18526
15074
-28039
2528
-3696
22716
-5388
26905
6451
9136
27799
9193
8953
8620
-27293
-11636
18683
-29350
-4023
29730
-7635
-30487
16676
-4123
-19458
-1659
-13124
18540
13778
25630
113
-5335
11810
-9691
-22647
4719
-14665
23068
25669
30929
30809
-22494
25035
-27598
13569
-6490
1534
19931
-1033
25260
-5625
-29796
13636
354
-21852
-11198
-21822
-22399
12103
-30991
-23370
-10220
5857
-18847
-2048
26866
28112
-3422
21434
-9923
31425
24924
27926
-30193
-28646
-19022
18295
30197
371
-32528
14724
-25513
3104
-17181
11175
-15310
-19371
-20761
22158
-28040
8531
21832
-7389
-27229
-30740
12731
-30009
26259
-30859
-30514
-3053
-11968
-22238
-3280
-21163
15157
3811
-5655
-6668
31303
25236
19920
9227
-30415
13455
13444
18055
3752
29332
20225
-7620
14645
4105
-29916
-20202
-24024
-4217
-12009
23173
-8720
-9668
-32515
23052
18465
8268
11066
-6906
-5537
4642
224
-17849
30633
-14895
-13123
-4088
-20763
11467
8047
18391
15221
-25645
147
-5652
-22868
26258
-12814
-6345
31765
26316
28974
-177
-11078
-487
-25700
20682
-29405
-7285
-21959
27863
-26031
-30986
32143
-14303
12282
24254
23706
-17069
14812
-20398
-9962
-2638
23002
20347
15908
-18070
5978
14793
15379
18587
-32041
-10433
-3364
-31733
27536
6888
-1931
-23764
3302
1684
-6007
17339
27000
29572
-16419
-16904
22143
-25012
2681
30969
-22582
-6213
-8104
19507
-26719
8191
6050
-9276
19647
19913
22431
-16641
32157
23858
-152
-7248
6891
28109
23647
31118
-8011
-17216
22084
11333
6346
3128
-8314
14278
9862
-27071
-17004
-17089
20772
-9664
15713
-23161
23354
-21683
18031
-7957
-27357
8864
2200
10260
-30616
22861
27858
9406
12204
22313
24948
-27808
5472
3729
-24531
-29264
25023
-31320
29585
13725
10242
-14786
6123
28043
-8282
-22421
18149
17733
14398
24062
5384
-30359
-233
-14604
10209
29811
-11738
10546
15488
-9584
-9042
17865
-15865
11846
-5337
3980
-27623
19539
4890
4324
16409
28034
7032
18706
18366
-29836
-22677
10635
31833
15779
-4631
-20078
27737
19436
19779
27768
-6691
-7418
27978
-16735
-31259
22854
-30561
-23804
998
26283
14657
31694
2792
32677
-29046
7714
23760
-14907
-19807
32516
4738
1190
-5900
-30557
-2979
23416
20147
-23279
-29527
20299
-8758
5901
22567
14339
7108
-5934
-25889
-2049
-10910
11523
-25877
6387
-10602
21760
99
-5949
-28858
15695
28529
24424
10854
3962
24871
6308
-16391
-21233
29042
-24385
22909
24455
32565
-27498
-24565
-13707
16026
-21941
-25686
19655
14381
4615
-1193
-9842
-4947
-8461
31496
28484
-24474
-7964
12160
1752
-2091
28073
6532
-10950
23957
15038
-30854
-21708
7150
20381
10353
-2471
-9421
12289
-20834
3444
5009
22635
23836
26878
-18253
-20186
-27738
27661
-26076
-1817
-3970
17222
-25095
-29500
-31329
31184
-8508
-11551
26278
28633
9740
-29920
-1637
-24850
-19117
-16226
-1685
31534
-21709
-8594
1127
-24941
-32521
4600
11435
-18502
-13141
-20132
12024
-26695
20782
-5694
-2258
-18780
-734
-26706
-6500
-5635
5905
9269
26514
-3179
-26533
24958
4607
-19949
4160
19572
-22566
-20192
-10497
18209
32103
18081
-17704
10196
31620
30225
28060
-1952
-17703
-32276
-11110
-8410
6234
-17939
8756
24845
29306
-15063
-13900
11156
-27451
-24006
-4
-10022
29258
-15768
19246
14431
18975
-12685
12787
7102
-27703
8198
6184
-20371
30985
16740
-16184
-16574
-21653
-19101
-16557
-10741
-20039
26851
-2688
-16541
21605
17834
2753
9294
19508
-329
-32133
21185
-2617
-17788
-594
-192
26594
-10236
3205
32343
-7296
2157
26750
-31824
14397
-18906
-13703
-32066
-868
-12270
-21902
-31624
-7205
-6052
-26561
-26900
29311
14158
-7080
-17631
-20217
728
2033
-25231
-13511
27922
-24368
6627
-18379
23500
-3548
4923
-17650
-4923
-10495
-13345
-9711
-4373
-3135
26276
-9747
16950
28458
6559
-2322
16280
-29331
12675
-23959
29058
28232
13154
17667
-22916
3912
30351
7266
-26957
3362
-4224
-28457
17091
-20634
-31336
-21107
-21886
-8546
30024
28891
29166
11367
-13937
22756
-12825
17114
-28482
-15899
-7405
14747
-17867
10203
-11890
-4484
-3991
-5345
-5185
-1372
6209
-14222
6917
19697
-30519
-18689
-29047
-30034
-24086
30698
-15211
-10996
26406
-15841
-19403
-22776
29571
-24219
31918
-6177
26244
-17055
-19898
-26776
-31929
-7647
19447
-31722
28208
-8099
-27179
-16059
-15443
29707
27245
10410
-1135
15204
-15463
-17094
-5382
17101
2261
12766
-26750
-9332
30589
6700
5087
20278
-21033
-23885
-14155
2336
31093
26503
27256
8193
28124
-13153
-5420
6852
22165
-21190
4528
9974
22171
20871
-9038
-2860
10198
31961
31247
6732
-15563
-22309
11207
20800
30946
-6026
27020
-21267
26747
24479
-22293
-28249
-5527
20456
-1572
14084
7278
3887
5863
17174
25056
-10682
-21906
28472
8719
-85
14201
21595
2340
29907
-1396
-673
5516
-6973
13819
32474
-184
12340
28782
-29312
-28183
-25502
-23756
-1686
-6107
21058
5915
6216
11644
-22604
-5602
-16948
-29642
-8367
19329
14129
-22163
-3389
-12198
-19416
17569
15179
-25641
1147
3187
-5729
7254
32698
6821
-4352
-1979
23192
27991
23373
8363
29437
27311
28050
2747
-14900
18261
8894
-328
5998
31990
-25312
21998
-23101
-20673
-23984
-32530
-15641
-21766
13914
-30687
-30769
-30560
10031
25164
27210
19040
11586
-13433
-8964
-9986
15245
16428
8162
21678
-14129
2102
27582
2378
25449
18654
20518
26379
10409
983
3856
17756
30886
10519
25218
9003
1181
-28129
10219
23209
-24432
-31699
-28712
24392
-339
10000
-11411
14332
-23547
2796
19890
-3472
-5970
-8705
-24718
7593
6992
31711
26795
-2673
18962
17535
29383
-20368
-19861
20191
-2754
246
-19008
23422
-13859
6486
8536
28386
32403
22694
-17289
14355
-12960
4963
1821
20731
-19780
-22490
21394
-16762
3925
-16070
21253
8471
-16087
28513
-8080
23471
-12183
11468
28739
419
2186
21987
-27515
28622
-9475
-9456
-29214
-11822
2051
-18591
23451
22685
32056
17180
-23684
28987
-2232
16654
-28394
-25930
14226
-23504
-11221
-1255
-11022
985
-19471
-11685
13107
-26826
15325
29467
1232
1420
-6331
-23386
-16616
23873
10769
3312
19316
-17594
-17449
-8078
-8884
7465
19159
-22154
-28074
22182
-18413
27486
6812
-686
-4548
26663
3478
30367
441
4647
-24293
32317
-15022
25667
-10653
7728
32645
-6534
-27156
-6569
18332
21799
20357
2392
-18542
-27402
14638
-31955
401
-20526
-15290
29817
14122
9063
19980
14266
-11529
3577
7205
-16277
-5684
-28532
2609
20110
-19426
-17139
-1802
5287
23729
-22977
-27247
4908
32200
8180
-24635
-19879
9592
4941
26598
-8873
19595
22289
2176
-1661
23202
-26845
19851
2480
-21953
30674
8236
10133
-9422
15124
-20910
-9412
-25109
13821
-32151
15815
23079
20012
25772
-28790
14037
752
-20838
15771
26251
7787
1552
14913
14375
27286
-8436
-749
-23368
32337
-20645
22893
-25409
2375
14937
-18987
-10439
23268
-25047
30771
28759
-11385
9197
-18359
-26798
-5048
-15595
-6285
-14670
-1338
24358
4271
-26362
22903
-30394
-9293
13015
7280
-19459
10517
-30543
-22839
-29623
-4828
412
-5271
-10301
-5304
28296
-24768
5681
4376
3330
9474
2162
-6863
32632
22611
-30369
21089
19404
-9126
-12935
8883
1324
19500
-16035
-21613
10579
25888
-10574
22799
-30408
27190
-23758
1565
-20533
-15461
29392
31648
-22246
4198
-5858
27960
-30970
3003
14720
-15006
-20461
21881
24505
-24479
27641
-758
-27861
28934
-22844
-23119
-30935
-28640
-4667
8997
-18786
6145
16988
32028
15999
-6252
18014
483
-10521
4630
2008
64
-24953
-12021
-29526
30342
2434
-15792
19383
-20010
-22159
-29943
-5146
-3553
-17567
-6714
-30082
14108
-10308
3669
24262
23514
22527
18379
26828
-18681
18141
-30869
11236
27339
18316
-30308
32020
23447
24466
8260
10376
-30090
-15758
-9426
30376
10195
-14494
-23742
16198
-11057
-25940
-7796
3405
-22422
8877
12681
-1840
-18892
-21352
1441
-24524
-28848
5656
-24180
-3579
23315
-19806
21111
-26850
26615
3112
-4707
17316
6640
12880
7051
20386
22124
-16827
-30701
-10209
-22941
-26927
-26000
23435
-5370
22233
-15612
2158
7614
6856
-26558
1404
-11112
6511
-26342
7497
9785
3623
22673
-7595
-29503
-22703
-16179
-30874
4773
16934
1076
-10204
-14108
4368
-15113
25050
-19293
31494
-25299
3917
28790
-3888
15080
22920
-5113
-11199
-27256
25152
11850
-7468
-15032
-7503
15117
-27986
-15713
-11058
-26544
1521
815
-17291
-20959
-25387
-25186
-12191
-22030
22025
19776
21720
28146
22263
-14480
20292
26692
4641
-7189
-30989
-2212
18241
21536
-9348
23366
30302
308
-32349
-3593
17005
21671
9619
4710
8975
-2220
-21649
-21694
-31189
-23937
5063
22010
3565
-31604
-28564
-2740
-4421
12967
-15458
-25436
-19072
-10791
31273
-21227
-8306
-4460
5133
-17016
-26017
-1880
-25282
9612
28660
-12763
13676
27696
-31102
3495
-32597
15846
7348
806
-10429
-22395
21691
13681
-27055
7611
-12073
-373
-23447
24696
-8061
8812
-9463
-12705
30700
-7180
-16644
-2236
-31098
6395
-22008
25283
5829
17625
-12918
-7008
-23012
11835
-24156
16394
9375
4924
-28630
-8010
14688
8111
-18609
-18587
11685
13291
-13588
6745
-2983
11504
-8900
11426
-16480
21118
32598
-16254
2666
-16145
-24201
-4277
-27454
-30055
30595
-23315
-18647
-16528
26698
25459
9983
32642
28079
-25621
-22413
24620
22203
31492
8077
-3658
31767
11026
-16229
-30774
30006
-5515
-9002
21979
21369
-16183
-14309
-25998
-30957
21375
-1348
30060
-30081
-22552
25042
-31113
8474
31959
9187
22588
3153
-2587
28677
-6710
-752
15137
8183
-17009
23115
-18286
21601
-1494
-22102
-28478
-23587
-18245
9105
18360
-3810
5132
1371
-14047
-6302
4582
-5171
-2599
11112
-17512
-14683
-1511
-18261
3403
-19801
-30683
-24829
1774
18041
-22946
-6142
-28369
-30537
833
-32119
-8219
23835
-28063
27278
-7701
32390
1287
11949
23013
2985
7994
-1269
-25559
-3097
27564
-31649
-5565
-23502
-26230
-24460
3135
-11684
4689
18995
13768
13403
-4345
4357
21781
-10208
-31594
-27100
-24502
-23446
-4013
22745
15462
-5193
21476
24707
-31229
29343
28455
-6594
5425
-32502
16412
26104
16081
-13355
3120
31583
-21154
-447
24036
23838
-30652
27182
644
-28893
-24327
6194
-8687
-25720
-5575
23682
31708
-5074
-16357
-28922
791
-22027
-10305
11601
-26132
11837
-21442
28323
-9164
5158
-276
-14832
-24230
-26405
-28314
5344
15939
-936
-2283
-4931
-18344
-31123
29837
16234
-3617
32672
-28432
7267
20001
24271
31336
13502
-10173
226
24429
-12561
26927
-3807
16473
26963
-15180
1280
30217
-7371
-28250
15201
20502
-8765
-31782
29881
17617
-19565
-28300
-24739
-13075
-16907
31416
-32433
-16379
-16939
-20828
-17943
-25965
9925
13611
28720
-4238
30515
8543
20554
-2742
5071
29035
-14535
-9835
-8392
1403
11073
-785
11412
-17213
-20832
179
-7196
-21696
-3242
-15235
-26159
-10329
1827
16025
-1956
642
4624
5745
10706
-22615
21628
29547
-22807
14876
-2486
-23626
-19282
-19893
20433
-28854
13928
22829
-14018
-23856
5702
17869
16272
-11803
-6574
-16505
-1476
-22339
8746
32187
-8036
3235
24916
-29964
-16558
11625
29927
-19716
24833
-21528
26958
20844
26014
7260
12870
3855
-28344
-22951
2647
5562
-5001
11782
-28256
19855
-20462
21910
1805
3254
-11441
1558
14729
23323
-8267
4925
-7247
30950
-21388
-25325
-13721
-30882
-23339
2998
1183
18851
1633
-15935
24
-25745
-5149
14820
-13106
1819
-20593
-21572
4482
14960
20241
1985
31103
27076
-13784
4609
18182
2257
5956
8816
30165
-19027
23797
6332
-21520
21335
-17599
-29117
3576
-4685
-20506
-20746
26935
5377
27516
20906
-13468
-26996
-2720
-9157
-18998
28139
20300
-10325
-19421
-21507
-267
13371
3695
-14462
19373
-17082
-24651
7617
3523
14330
-24534
30294
14116
-13190
25082
-16236
-14187
-29391
26786
11090
-31862
-17319
-10559
23552
232
-1734
9030
11662
-16969
-18096
-4282
14689
-17454
10872
21721
-21281
17689
-19513
31122
2350
28026
21250
-18180
16295
-31447
17344
2715
17059
-12402
23224
-9624
7667
-7131
-24004
2612
13313
7511
5768
-21674
3248
-28908
-17328
25328
-3573
7596
-27725
20344
24569
-25798
-8963
-8973
-15058
28678
-6427
-15962
12061
5218
-18997
28849
18973
30439
-26255
19641
9214
-21569
133
-24728
-27933
6311
26386
-31802
-17848
16214
-4186
-28621
28787
-6415
-5152
-23107
-5334
-13904
-2004
-4556
-27445
375
-24697
-24614
-28998
-26226
-1302
10861
11540
-17600
5300
21080
28076
27212
-20274
18750
3535
17067
19683
29639
-24686
1704
-10833
3160
-25858
-1668
-4936
20375
-29589
-23340
22706
-16923
13402
10008
-31477
-16100
3433
10432
30002
-11047
-9909
-10428
15825
24962
26808
21579
29949
21619
-13038
-10189
8995
-16606
8791
26953
28811
26617
-13032
30319
-3237
-12124
-3448
-61
-6890
22394
-11547
20693
-3918
8854
6556
17137
-18282
-12585
-32156
-16565
-25826
-13662
28760
18210
-6492
-26698
7392
4784
-22599
-6845
-27704
23497
-16285
-4212
1483
29324
25922
15355
-22211
-23698
-1109
-30273
17570
-8245
14712
-4709
-11688
19039
-13762
-26882
24602
22776
-32403
24020
26289
852
-23873
-26835
20880
-22746
-21116
32261
21019
-14735
9670
17207
1413
-15622
32714
15664
-15081
21791
6630
32022
20519
18253
-20997
1382
3689
17252
7057
18383
7775
-22966
-15253
112
28574
21548
-30967
738
-31128
-23396
-15607
-15364
1056
-24396
22536
-22046
3838
11044
-23391
-12349
-24135
13368
2922
-26663
-9969
3582
-26457
20808
-7848
-12123
-31371
-10612
7581
-2330
13183
27746
-18230
20503
21506
-15930
12645
11052
10984
740
20575
-14584
-16430
24081
-2143
7665
-19395
-24178
-7068
-20432
-4716
-24158
14704
32099
17583
-31994
-22435
49
1854
29083
30153
502
14110
-10755
280
-16456
-2791
25833
-9522
31766
29055
26939
-1722
-21450
-27145
-7471
-29445
-30276
20874
-11784
2640
25590
9014
-247
8599
13158
30242
31401
-3554
15837
-28873
-953
19515
-31710
-7406
-23008
3396
17983
3544
23449
-23638
1053
-27793
-19267
-26575
-30650
13927
418
18319
-14588
-12383
-21370
16364
3325
2552
-19502
30976
-1656
-3760
-26921
-2024
26060
-32178
29493
-1855
-9765
911
-6847
24052
-30200
-15137
6985
31876
27302
-3542
6836
12528
15328
27593
-32060
13010
-15030
-24756
32241
-31558
-9107
11652
-24732
6021
-12790
-23213
21024
-18309
3608
17371
16281
5015
17931
13228
19815
17715
9190
-20858
-24487
18298
-4251
-6096
-5756
23336
-25441
-18793
19600
-12589
-23955
-884
24974
18329
5839
2949
16551
-9250
2936
-21010
30480
-1273
23169
15254
22385
12793
-16312
-5791
-473
-31028
23813
6880
20404
5243
22575
8254
20962
29461
-2092
7021
-9744
3726
-20014
-8235
-6199
-9993
-23291
19996
22374
30136
12196
30349
20466
-24025
26544
-20259
30903
11820
28910
-9507
536
-23320
11248
-28339
11384
2342
-19086
-7520
15969
-153
-11484
-6787
-14385
15934
30233
-12776
-1114
18527
-5668
21700
20776
29716
-26025
-29146
23973
6937
-31333
10373
-4178
-21770
-4111
-21427
31632
-3874
31953
30323
16825
-23512
1385
23174
16379
2192
-16767
18339
21975
10231
8928
-31589
1416
-4765
-25949
-11430
26494
-6370
-11735
-26478
3847
-16237
-17380
-3204
19048
6793
-7227
30872
-19055
365
29644
2351
-27311
-5552
31488
22813
7518
9248
-11239
-22900
28619
13548
75
29204
16762
17063
-2313
28931
-29789
1755
-25828
-19500
12914
-1319
27
4700
-20540
-9246
14979
11185
-14189
-19352
4012
27500
24118
-32753
-30488
15987
-11207
18564
-15010
-20888
-16359
3589
31160
19734
21195
31066
-1380
-29506
27264
-31211
18771
-5689
-15093
-15397
-30297
5720
-6270
12280
-15593
28866
31314
8025
-6046
24029
3341
21696
-9653
32725
-21807
-20906
5520
-8472
-24986
5400
7988
-3608
-29199
-3788
21971
30230
-24356
9584
-13787
25647
-23809
-8100
-9486
1409
20354
31621
-2596
2262
22905
15162
18326
-27785
-30002
-31843
-16639
-21022
-31035
15106
30905
-5121
1089
-18340
18634
6058
-14055
-26829
-8514
11309
21535
-29509
-26861
30
-30746
9666
7468
3316
-270
-12574
24231
-13745
-4822
-11427
31682
32652
25407
-8031
7809
23942
2685
32710
-20269
-13369
4933
-14750
-19854
18731
7825
21212
-25434
11564
13917
5356
2817
-27103
20407
9896
-23360
15444
-16602
-12591
-10036
-27931
8687
15191
-25819
16095
-11432
-2593
22299
27621
15227
13479
9140
-30742
-1106
-29235
13706
-23055
-11542
2624
3463
25568
-10938
-5018
14524
-23257
22949
-10387
-10762
20975
-5620
-3907
-26105
-13797
10318
-19118
1224
-14783
1369
11477
25645
2721
138
2237
31238
-27013
31991
19497
-13099
-17152
11481
9247
21976
-18475
11115
-9261
9505
1434
10523
18309
-30751
-24321
30399
26676
-304
29096
26339
10128
30896
30398
-27937
-17969
16465
14570
9305
-16892
22027
16099
10723
-3094
-25914
-18400
14269
26910
-542
3849
14120
-24410
-20829
29325
-11586
-2677
-9571
12593
-18669
17501
-24696
16517
-24799
-19945
-26425
5928
-8240
10374
30627
12647
-12580
6716
7136
-17664
-21787
10275
16101
-25800
5529
-17752
6971
20812
19528
11979
22251
17943
-29069
-17263
14719
-14036
2042
-21858
-24081
-25825
1432
11797
20065
-16512
28419
-32038
19643
14443
19740
25474
-549
-12897
-10377
23787
5521
20177
-15682
-22391
18034
18133
-30964
27650
-6091
19934
6466
-4714
-22685
-14763
-16112
-1908
16020
-3520
4577
19748
-28952
-1352
-11451
4136
-5913
18207
-24987
23788
31752
-8128
-1857
24624
-15043
22267
6862
26237
23425
-32758
19008
-16129
-23450
6599
32030
-24947
-14704
9958
-25244
-22443
13993
10029
-12914
-6183
-1713
-14941
-25437
-3382
21145
29086
23
-30441
13689
16954
9412
-5560
-10496
255
-26454
549
18330
5914
24695
29203
3294
5526
-13491
-725
3526
8764
-26884
6726
24559
2196
-30283
-1050
-30831
31691
14885
-24751
-21598
-428
14170
19509
-4152
19321
-25030
-8088
15011
-32599
2547
-29788
16636
2429
-30833
-3367
-25404
-17326
13169
-5088
-19328
-25056
4014
-3122
27590
16146
-24843
4618
-9155
-29966
-10268
-17100
7289
7520
5725
23423
-24636
19023
22666
-9500
18200
13644
11925
20639
-7021
-28098
-14948
2028
17623
9857
11942
-26125
22173
-9031
-973
-21622
-31012
5512
6678
-5372
-4213
-26889
-599
14235
-3351
-4609
7847
-14565
-31015
-5302
11537
21384
-15416
2679
-11872
16228
-17768
-1046
23963
28768
28544
-29710
-20290
22054
-22710
-5408
9586
6080
-22359
-22271
-24190
11410
-2884
-17407
-13104
-15875
-25347
-9373
-17347
-24171
31315
2492
23509
5950
-28135
-22015
-15516
2208
4521
-5023
11171
4446
-6163
-7380
-29644
-13443
-1404
-18858
26242
20411
11775
-24591
-21040
17881
-13307
1625
-2247
-14674
-5777
-17853
-30268
-22207
20521
-7385
-18184
-12127
-1262
-8747
-9106
16717
24089
-23903
-18554
18405
31332
23279
29419
9025
25360
2320
7387
-22457
-30890
-28083
9416
-10434
4929
25198
31221
-4276
6380
24315
15081
-21322
-9282
21431
25582
-8227
-15072
5156
17731
5095
-15147
29074
-28283
9419
14668
1884
30789
10813
17394
10957
28376
22656
20402
22323
24644
-8167
7097
-4680
17211
-32223
-20674
19336
3113
-23335
30343
-27031
-32700
-4835
-14922
17593
-359
-13595
17744
-12632
-29151
-22843
9056
6786
-7585
145
14664
-11368
15209
-19288
-3808
-31420
-5093
12260
8800
8152
-7698
16094
-7799
-30428
29482
-24839
-12984
32388
-20114
-27756
28097
13347
-24533
30181
15390
-8609
-287
-12811
-18496
-7661
-29629
27897
-21365
16566
15007
14338
22191
14097
20886
31862
-19604
32078
30036
-8480
16413
-15028
30720
19924
-17972
3452
14018
-12340
-20354
24220
-4934
28745
-17749
27343
283
-31262
-16660
30772
-30024
25588
30570
31064
26383
2591
5879
5735
12365
-2231
-11005
6802
-8112
-22020
30205
21882
-17117
-13783
-27488
-1350
-498
19607
3683
-10542
5730
2592
25786
3244
24003
-12249
12195
-26638
-20766
17722
12958
9344
-15999
25179
19122
-18546
-8483
-15413
694
-7120
30395
-9946
25873
12141
-803
-27490
-13259
-3687
-23600
-32711
-4326
31505
7080
-1861
-17710
-29507
32378
15400
21160
5151
19322
-8115
20481
-5047
-13961
10516
-713
-8554
-17521
12657
29399
-25381
-3079
31674
17204
-12941
11697
-932
17630
14727
-24222
18769
2571
-9320
-14934
-17028
2379
17746
-13633
-5757
1707
-20032
17581
-17138
-32652
-18211
24420
-3559
-19225
-10610
-31631
22501
20254
-4712
-28992
10893
16771
-27882
-18099
28669
-9991
-29156
11176
28710
633
27881
-19696
-5222
-4389
16680
18751
-19608
-26107
28785
-14630
21235
-27376
-5495
-17509
-10444
-20300
13325
13232
10424
16691
13994
8869
15434
-28629
-1796
-4519
-24820
-1117
11680
4258
-12338
-3841
27316
15059
24637
-30855
-11114
-2227
-14942
-21686
7302
7050
-24014
-18073
8724
-210
-5340
17403
20553
9790
16942
6899
14962
-22410
19589
13843
10004
-10970
23108
-25529
-10675
6153
14921
25136
18100
-2162
11910
-1803
28901
-123
16260
-2082
-15827
31500
-16499
-23310
8429
-24594
-31139
13231
24071
-2813
-25354
4775
3032
24897
28354
25564
-9851
-30936
-25480
12786
20158
18238
-19439
-27806
-22889
17773
4553
-25471
7604
-9067
-11293
-27110
-30315
-25509
-30762
6839
-20224
-22243
22402
19334
32732
19009
29687
9503
6109
-20484
19766
-32418
-24787
16720
-25917
13517
17237
-5401
-30793
-13056
-5715
18087
19435
20582
27451
-31701
-1491
14634
28830
194
17428
-29949
-22095
8103
-32148
18385
20644
-16103
26360
-17836
5705
1872
16293
-25664
-18594
2838
125
-11212
-1571
-17632
29992
-16555
3515
31983
6362
28847
-25667
13738
28587
9904
13092
-30484
32249
22428
-7925
-14046
-13306
-23448
-24448
-28997
-27984
11390
-18934
27923
14680
-28259
-12650
-30331
-5529
21470
2163
-6102
7674
-26273
-3432
11104
-26144
-5301
-16272
29000
-1094
-15207
6628
20948
962
-16340
-32091
-22619
7666
250
5970
7305
-29934
-30282
2876
26071
-24536
14199
-11983
30645
-26523
3753
25123
-17908
17760
-3993
-18222
13093
20515
-8961
-13931
-1068
-17348
-29271
6577
11107
5877
12851
23566
-15181
8163
-1005
20895
-32177
16900
-25238
30467
17699
23945
-28900
19867
-5285
-17329
-31247
13938
29202
15482
-29386
-21995
8076
29665
15993
-15016
-11347
-13356
-17040
1712
-25517
-963
-8645
9072
16310
-10899
-9272
8767
17972
-21944
-12565
-21688
-12173
11445
8274
-12376
-2224
-23932
5255
30499
-6143
-13509
-22904
31720
-14272
-22513
137
-9274
-2842
-7268
-27460
-20632
-28167
-26071
6817
-17863
-20883
13360
12308
-24431
-5438
-24253
-25443
23171
-18833
26284
653
-6966
8608
-30319
17849
3661
25253
-11950
20462
21471
13913
-2037
25802
-9732
-19731
-23953
-17162
15275
-19107
30539
-29488
-16496
-30697
-19951
12676
607
-31831
10979
3531
15885
32323
-25901
20878
31151
21980
5868
15425
14615
-21656
18164
-3525
-20003
1293
24660
11203
-21863
-3958
-31097
-9114
18315
-30289
16794
9365
20638
25665
1888
-32129
1932
30854
-15623
21374
21699
-19794
2676
24448
8959
7656
-12185
5800
11613
-7885
490
-29195
-14518
10918
21981
-17372
-26604
23505
-5429
21411
29431
-28336
-1167
-6499
-22767
-4686
-7243
10617
29205
2554
-16838
-11345
-31687
8239
5546
20235
14432
-6881
-10927
-7672
-32145
9383
20761
9142
-30567
28288
-20438
22858
-7145
-21971
-8322
15916
-16842
-13469
-10458
-1293
25044
10250
-3411
18967
-31780
-913
21405
-16284
-3933
15936
15722
-28978
-13694
-24776
-5234
-27818
29800
-9798
18762
24235
16201
-15193
4860
12276
22337
3259
24681
-23462
13393
6710
-15846
23755
-31460
-29321
-31486
-71
-16094
27146
-6620
-26142
32186
18022
-11922
-27632
-29452
-6348
5332
-17740
-21619
-14974
-9297
-6228
29970
31243
21490
-12261
-1310
-2736
8738
-21936
-24317
-12029
6675
29236
26385
1168
10787
27067
29544
6884
11939
21522
31539
-19384
-16453
2185
18829
13985
-13429
28320
-15916
15027
430
-19674
31005
-26971
19730
-20663
-11825
1500
-27904
17564
-17401
2013
25364
-12876
29805
31379
-29003
28869
13175
-20237
27028
30018
3921
13795
16998
12467
-23829
26039
5649
28578
18435
17502
3243
-19888
-23819
19814
17924
11518
-32006
10436
3655
6608
31431
-2303
-14200
15509
10485
4558
-21362
14823
12265
28352
-25491
7382
13655
-7327
-27041
482
3117
-6515
19273
-16793
-15086
31348
15183
14154
2602
-18410
12057
1204
17620
-9701
25068
-10390
-2717
2948
-5267
-855
7472
21866
17704
8875
2856
537
10236
19464
-22697
-22723
-1025
-29381
24180
-14636
41
1642
8526
-12094
28844
11747
17795
10750
-17490
-6072
2286
18416
29850
15655
-28142
-25553
-7979
25422
-28364
-26205
-16458
-20271
-28558
17757
14475
6097
-6508
-19662
17831
-9072
-9090
16560
-21693
-29294
-27724
12036
-10501
26010
-30209
7886
23846
27363
-24816
20819
16068
-17858
-11137
-26928
15961
27506
32223
-8419
-8279
-26743
32080
-29404
29301
-12925
-4159
-1488
17398
14439
19164
12229
-26024
-23152
24629
-5447
-16764
31510
14272
21096
-5384
-3484
-28626
-4411
15366
13449
28713
12378
-2771
-28711
3171
31073
14577
-13956
-26481
-23429
630
-16756
-32174
28634
12560
-11713
-30172
-28973
-10451
20055
-365
-17926
-29397
-25907
-14989
27601
-21318
-6562
-26028
-21418
30416
-7787
-8054
-29853
-11230
-19962
-18031
17387
29158
-27044
-15658
20933
-13342
22901
-8257
12871
-15584
31626
27845
-25541
8447
-20624
6000
829
-27047
-7623
-24814
-12553
-18334
31424
-26183
-1203
17126
-9971
19001
10577
8366
25295
23928
-27988
-31714
-30435
17139
-26216
-6686
440
20020
5646
1797
-10951
13151
19713
-29438
19894
8041
23711
-15039
-12457
23864
15617
-20509
13700
-32695
15069
-11783
-30850
-29009
28559
-10925
-6643
-13480
16583
3129
3295
1527
-1439
29200
23901
20531
-29852
22166
8542
-13348
12571
577
26978
7447
17102
-22058
13619
-9762
15147
-22150
23462
21674
-8290
-21864
-11040
32667
2482
212
-4182
23119
11842
-31269
-28800
29890
-9980
29338
24540
-9752
11535
24023
26665
1813
26734
-13413
-20047
-17965
-19759
-7425
-25469
25806
-6085
28436
-743
-23665
8572
-21059
30644
-13176
-23223
-25831
26037
28978
-12468
-16299
-8581
-14487
24677
-18819
13888
15721
-7909
-16938
31191
-5191
-15977
-6051
29075
-17445
-15856
-25514
-5567
27374
16405
-32159
-14467
-57
-26999
-6057
-16294
-11764
7394
-31590
-17406
-6035
-9311
-24878
10091
-19162
-1013
27197
-26108
-32086
16022
23057
31769
-19158
9454
16951
23920
3673
11785
8008
17346
22430
20251
-28138
20044
-32330
-23100
-19253
2737
14435
-4294
-28265
6448
27400
-6124
-29389
32508
-23000
14203
-15887
30724
2789
16598
3807
23231
-25671
-5765
26440
-24514
32605
-29170
-7433
-25547
16329
31949
-6215
2329
6864
-8070
-5640
-3570
8668
-31417
-7419
20279
13481
12905
-13663
2407
-11915
-17700
-12252
-17129
-15013
14190
-26500
7874
14256
18626
28762
18277
23665
-26573
-8947
2854
-19839
14051
-3766
28486
14947
-24763
29249
-19527
-22980
-14613
21724
-12475
28924
7270
-20942
14121
22053
31380
-2355
13308
-23883
8970
30936
29794
9849
-25495
15071
-24272
1155
27722
28442
23064
-28666
22370
18586
25350
11444
-17193
-28613
-9281
17796
-32397
25995
2295
-14430
-19797
31615
-28879
-8836
-5632
9250
1247
-10679
-31187
27588
-8084
-10690
18891
-24174
-8002
-6970
-26642
29239
-6383
24782
5816
-20474
22603
-25780
23198
13486
-6924
13123
3052
-27310
-14184
-21883
1165
27708
-21150
15229
24238
-5626
-10093
-17219
-26991
-23707
-1561
18562
27504
27946
-24677
19220
-5688
-22316
19271
28357
-17868
20024
27882
12331
-15540
-9059
-5377
-18736
-22981
7719
-11878
-13339
-8028
18505
2515
13963
-9328
22689
27050
4548
4819
22750
-27088
-13786
6756
18792
22709
-8204
1408
-4478
-12392
-30115
-5261
-9659
-17249
-7644
-29111
-21151
3865
28524
28429
16029
22238
7884
2277
24793
18053
-9481
3967
-6227
8346
18131
-6390
3008
2461
15774
-9051
27317
-30416
-14785
31427
17131
-29944
-24518
-23233
3492
21731
15874
6174
-7557
30076
13253
8872
24001
14418
-28656
8672
12
27388
-53
-26858
-21222
-23336
-7159
23814
-9994
-16960
8509
-5956
-24183
-21593
-18290
-18206
12339
31829
-8883
9969
4902
11217
9123
-32410
-6953
-31066
22609
-17564
17959
-4920
-12356
24300
14989
-20758
20426
28223
26172
14612
12780
-776
-27187
5740
12239
-18133
-22634
-7825
-15671
12949
23180
-10152
32707
14740
30727
-31374
-16958
-16445
-12788
15318
-7993
-3091
21920
-18749
-8435
4645
13226
4232
-11677
-2880
17863
-24312
-8262
-17364
17027
22438
-3847
6244
-13201
15717
-18844
18406
-22591
31079
5832
4635
26715
30617
-27712
24082
23990
11687
30510
10655
-13270
9883
-12678
32285
2285
4196
12147
-10815
-25967
-21658
30679
-29380
4512
31941
-2556
7607
17121
-19338
-30968
-6600
-19715
28061
-12187
-4871
17372
-30234
-1943
15697
24648
24102
29768
-24544
9284
16557
-14574
6386
6956
-7234
-4263
9610
6554
19359
-24389
-31219
-4929
24084
-14255
13367
-3882
18212
23690
14387
31030
17319
-27139
28450
3250
30379
27322
20151
14907
10027
20370
-3101
641
3358
-22124
-2706
5481
-8447
4147
-10183
5407
26606
-32355
-8077
28013
-6868
25017
-14239
20524
15505
-31660
-10219
-6553
-18493
6165
-22611
-25234
28606
-2947
9430
17639
-31075
-17336
32180
-8897
32135
-698
-26661
-2488
37
-29859
-30033
-15071
27766
28585
-29141
-4666
-27050
-8498
10883
11421
-12417
8388
17110
24454
-15485
-22221
3787
-14273
11836
-31627
-7971
-7506
3451
-26934
6094
-21682
-16202
-23289
-6779
-20658
-15599
-2611
22125
-6835
-4394
-17067
4802
24291
23120
10224
19688
-11612
-8896
-7887
-7625
9967
24319
12235
-2390
-28946
-30719
-14001
-9860
10639
4219
-8988
-535
6854
-21158
3435
-7764
-27890
30938
-18826
23699
26640
20833
15090
11359
7099
-10993
-22466
18996
32552
-11942
21754
-5205
-8357
28457
-28540
566
-4334
-12437
27859
-19958
-15189
23204
-20488
-14330
-23265
10304
-11792
16430
-30741
-14198
-27748
-3134
-8820
31444
-27411
4092
-18767
-31072
-14192
24767
-1475
29377
28375
30814
4466
1437
6651
25421
-6613
16630
-26859
-17804
-16753
-9850
18956
29501
-15321
5821
3599
-8208
6042
-26001
27337
-24114
-6471
-9491
-29772
-23379
7444
23590
31121
24925
9456
-5874
27112
-24861
-23389
-22704
-31443
-15992
-23451
-28014
-18087
15665
-20636
5673
-19764
4760
-17570
-5512
13919
-27760
26539
8925
16389
29919
-22762
3400
-7387
-28650
19029
29241
31071
-23423
-793
-26733
27906
17018
10889
24441
-19475
-21376
17636
28880
-23515
5017
-14555
1626
16647
-2115
2692
-15733
21583
19946
-30148
-20441
-20137
-2182
-24528
20635
-7707
-6305
5385
24734
-10378
17792
-18841
-2619
28156
-18147
-5497
9023
-261
27364
-5700
-23140
6077
-19011
16368
-651
23056
30505
7688
-21875
8943
25952
10659
28899
-13687
-5115
1699
-29377
-598
-1506
31721
-29140
-28834
31806
8828
16138
-983
-4540
-7427
-19598
12151
-4897
17971
-13544
-14701
-3083
14765
31618
24784
-1067
4023
12314
18480
27509
2031
13316
17292
-13382
-7301
24311
18665
16593
-6314
-12963
5401
-12837
-16877
15813
-2356
24618
-7155
-11428
21274
-18367
-7350
-24089
32112
19991
19939
6667
90
27065
2338
-19113
-12050
26509
-10117
-14522
-9599
-29157
17256
-4823
8836
-777
-804
-2930
11545
8861
-15470
-16126
9815
9094
-2660
-23157
9210
-21104
-28676
20947
23270
-13384
-2738
-9881
-6559
-21698
-21687
-15947
-21199
9428
30652
18674
-14276
-26937
-12115
-14234
-25327
-14576
-15214
-17109
4711
-311
29284
22687
-1526
30660
16573
16085
-19081
24616
-7615
27599
-16473
-30636
22629
-17514
26365
-28686
12152
-14031
7906
-18346
-26155
17819
-15640
-7693
12590
-28765
2714
-18573
13953
24650
-21164
21889
-3078
21661
-19330
12357
-11277
9961
-9883
4955
13039
-21064
2778
-25211
32659
-16920
-31217
14253
9162
31175
-14531
25534
15931
-22259
28362
-10818
12783
-29639
-29638
20144
-26624
-17483
23443
19299
-20144
-20941
-27382
1086
10725
18528
16277
7460
7592
-21849
-8829
24702
-18598
-5588
-13752
28338
-5424
-28488
10180
-13121
-2743
-31637
-25581
-3159
11397
22181
-5300
31793
-30064
16820
27155
-2976
29175
-23352
22696
-6552
-6718
-16038
25066
25670
22222
6605
-11026
3001
8500
21407
31647
-1124
2688
18096
-19413
6560
20934
25401
-40
-2721
-21534
30875
-21419
-510
7430
-1340
-7223
24941
6803
-8133
23756
-1601
-11134
6091
-21841
-4308
22834
-12231
-6405
-5829
534
-10394
-29101
-12783
18403
-12992
7347
23569
-19284
5597
18374
-8528
29356
-11062
24409
-25266
-16429
26675
-27938
10404
30947
1692
1397
-22998
19333
8475
26054
-29792
15718
-8644
-28915
17690
11179
5834
29140
21890
24499
-31958
8231
14433
14401
-18506
-4994
28482
-24137
12729
24229
-5458
20328
-29845
-29053
-15077
-18299
12153
-8174
-20261
-2244
32391
23116
31978
4921
30364
-17698
-23537
8839
2563
26577
-4793
-15700
-8499
-26685
28181
385
6419
-5774
32482
-30641
-14418
-29299
17054
4495
-21885
-23188
13342
17466
-23710
-7118
-2043
32104
-8509
-32613
-4084
30080
30625
20816
-27503
7629
-32304
5615
-497
11322
3995
-12725
20991
-11487
-5274
2029
-12675
24502
4148
10102
8873
9471
11373
-4452
-20807
25010
-31432
31011
-15392
-19348
-1081
-19959
-1168
20205
20371
-17428
-13618
25834
-20992
9414
14125
-14954
-20148
20437
-22470
-25386
31398
24754
-17674
17646
24792
-30424
12888
5054
1530
3445
10438
30402
32197
-29664
21086
-9530
-817
-23426
-28320
12626
-5669
-22299
-27113
-23390
17182
1685
-11887
-17958
-23909
-19347
24625
11120
18472
6871
21846
19806
25622
22752
-4085
32353
2513
27488
-14721
26148
-16819
1643
-31663
2835
28011
-17947
-10241
-3790
2039
10386
374
-13273
27479
4447
25436
-2723
4611
-516
13584
18502
19361
-18578
-31302
11559
10075
19024
-23958
13715
-23852
-27993
13242
-18639
-17463
11822
16941
-27175
-18022
9940
-11222
-3039
-833
13779
-12993
-21452
4639
-4077
25658
21240
-17527
11702
-26501
19364
-12273
-30407
-29163
18181
25821
-21657
-12262
21876
17108
-8704
-19561
1159
-7863
5774
27341
8415
-7861
30880
31464
-13617
-15852
22114
7206
-27120
6910
11243
-31617
406
19710
7712
-27446
17275
28882
-29618
-4949
-19580
-31566
-16657
9788
21545
17586
2760
26018
26751
3469
-19792
12704
-4664
-29183
5226
-8986
-16436
15728
-19523
29698
7034
-16060
10868
-27009
-11097
7620
-15495
24285
-7640
-17060
9213
20174
32217
-6623
-15188
13890
17654
-1229
23430
17887
-30801
-19024
26884
29784
-450
-6726
13684
372
-2144
-4350
-16290
-17052
-16590
-15987
3795
8384
1429
-19881
-2525
-12809
23803
-5455
-20833
-11272
-25294
-10838
24026
24423
-22326
-12949
1844
-26078
-16346
-23700
2358
14933
22512
-28222
4646
-32348
22131
10083
-9379
-27810
-13367
1417
-21630
-12242
930
26476
-28495
-13998
-27892
-23942
29728
2348
24028
11791
11838
15887
-3820
-19389
-1278
-28149
22055
-15347
-30983
32628
-7675
-23075
-16275
16179
-19587
27379
-27914
16770
6361
-7278
-17155
27469
-4605
-31276
11405
-16589
-16663
-1704
16380
-5464
18115
-13994
11973
-22772
-29737
19880
2323
-22056
29404
247
10371
-16003
-12230
-23779
-17171
16637
-32424
31279
15168
24471
27053
20651
13875
-11244
-26559
10677
-19358
8139
-9377
13608
-32624
-29596
21379
-9116
-13912
-3139
-27057
-4275
10140
6295
-23337
24216
21784
-8994
-17187
-23201
11682
-17747
24786
11765
-1145
-12616
-8355
-13364
-10453
-32712
-11939
-13159
22187
29630
-7976
-1529
29892
-11063
2478
-20539
-8941
25956
-20468
29407
15643
11387
-3453
692
29526
-20747
-4370
7039
-18866
5423
-28596
-27888
13492
-3327
-23988
28536
-7726
1219
21457
20851
31059
-30507
-10026
-14367
-6519
11221
4622
-7931
-16441
5062
-10212
7839
19225
17800
-19749
18801
21129
-31396
-2190
-21214
-10745
-28456
10557
11178
19183
12740
17530
-11355
13076
-5745
-32497
22521
32438
9449
28464
-21136
4934
5930
4140
26546
-17341
-8434
2476
-29015
-25885
-665
-6932
-27501
-21302
14243
6461
7216
16375
10607
-19918
-28872
18273
14867
-22810
-28494
24749
-4983
-2807
18569
31153
-1057
-24052
30743
11855
19896
-7225
-25001
30654
-5720
-22012
-9516
15413
-25143
18959
15358
-1028
-11307
-32131
-3577
27079
7574
20109
-14294
-16937
20329
-20171
8903
20794
15132
30445
2986
30787
-5099
-30138
-18030
-13665
-20962
21648
-113
-16854
-8527
-4915
-12434
-3207
-12612
-27211
-28086
-17535
4632
7651
21831
29546
-24556
-432
10267
5388
-17080
-4322
12551
-28846
-15232
-26311
-15665
13534
1690
-10944
12627
14291
-7392
-20939
-32194
-387
29684
-1959
22787
-7775
-19730
5165
-16855
4249
-1070
31106
-27661
-18618
23477
-23867
12266
-27866
14619
-23783
5003
-7178
17305
-30691
8548
-5865
3078
6534
-21185
-3084
18679
-31640
-16069
-25530
-12316
30183
4060
-3618
32063
5136
20605
-3352
27152
-30464
-28288
-24051
-12564
-30307
-15603
8803
-2837
4415
-29761
-23850
-25119
18010
-24898
-13212
17155
-22076
-16685
-9593
-29967
11830
2802
-15107
-31867
14301
-20577
-15393
-28291
-2031
-13477
15809
28820
31289
12136
24593
31936
17421
-25811
13851
-21757
1431
-19309
-19936
-14008
27078
18734
19068
-25293
1125
6191
-1977
-5323
21532
-26660
-10406
16249
31230
10971
-18149
-32302
16300
27083
32402
22651
13525
-15062
-13814
13680
-17271
23238
1518
-4079
-27992
-6360
605
22156
-28443
-6944
548
-15014
6542
-27999
-5877
12048
32706
-21789
-8566
29369
27425
28822
-14439
-25789
19499
-21234
8123
-6693
-27086
-10673
14220
-4157
542
14544
-1376
31173
21428
23378
15411
-21377
1098
27454
-21866
14766
-13057
10691
15886
-16544
18132
8825
-15971
16294
11972
-19192
4832
-19766
857
