10000
18452
16101
-28718
-12215
-29583
-9979
-6584
-5729
-16637
9981
29752
7326
-2238
-859
22674
23406
-27865
14150
11406
-32727
-25463
-21301
13656
12641
-20838
-27490
-31230
-2200
13463
-5710
13814
-5518
-24225
-31545
23445
30295
-16187
-28843
9881
-32138
-16069
-10990
-16032
-26823
-10432
-31377
-27054
10027
-9810
6887
20139
-12254
-18628
-4230
18403
26758
-9219
-6088
17796
7120
31010
-9037
-16420
32750
-28885
-27255
-15160
19732
-26104
-2029
-22430
-25594
-16390
-10265
30228
1118
23971
18346
-27070
4991
-3859
530
15012
29346
8384
28681
-30770
26001
-30136
5640
7095
2327
-12844
-25295
-31462
-22917
-30195
15840
19032
-18736
9989
-9729
12295
-26353
-19456
-24510
-26068
-5283
-30374
13285
-27651
19881
15964
15880
19386
32101
-19117
-19198
27013
-26050
28101
18275
26581
-5547
-20215
15891
6524
-28562
-9528
-26291
-1075
16362
417
17448
-29461
-25517
-10737
-21278
-6433
-32471
-777
18562
17339
17128
2926
-24584
7468
-17766
26058
15014
32541
26201
29547
-19735
21792
18126
-32450
24153
-3879
-20309
-30182
5680
9227
18050
-13583
-7073
9223
30576
-24859
-17271
-23354
26681
21004
20161
1064
8319
3464
14674
-2617
32742
-20823
-6208
-23609
9367
11753
2150
20183
25023
12494
-11490
-3878
17934
-7996
-15767
-9503
-12857
16524
9644
-1565
32632
14525
-12811
-14175
-13833
-29424
20451
137
21419
-7146
-23335
11812
8740
11413
32012
-25625
-7611
1151
6799
58
-27582
5209
21229
3258
24830
-6266
3625
-17071
-6222
25434
-7049
-7319
6408
14359
-24601
-30928
3463
13555
5415
-19487
2478
-19924
5829
-25642
-24928
-22211
-16971
-14846
-3845
7789
-25810
21642
-10764
-6309
14778
15137
28004
-6368
-31013
30716
-19969
-7352
-30329
10934
-8541
9834
-20194
10958
-21492
-10071
10189
-14888
-12231
31367
32110
18317
-13018
28449
316
16679
30134
-25332
-2160
30469
-8680
27889
-2697
3485
-30848
6063
12235
-69
26770
-11238
-28603
13241
-13753
-2804
16292
-6296
11919
6492
20758
24038
29494
-14657
24674
-13196
19410
21743
4895
7380
-3853
31059
-26279
-21229
6290
-126
-11931
-14189
-20370
19494
9051
-22218
15682
-4132
-143
31456
13146
-11511
13217
19822
-664
-6720
2713
-16699
-24900
20703
17255
-8585
-10094
-4404
-12357
-22602
-18634
8377
-4994
4938
650
-20271
-11217
32730
-11653
-1302
14027
24912
2227
-25141
-875
-14211
5043
27672
-5264
30032
31045
-19597
21375
-18199
2512
8231
-21086
-26942
17885
21691
7866
3757
30873
6118
-9218
-22353
-25175
-21893
7690
22169
29452
-17978
7049
10748
5330
-3566
-4251
-8049
1638
-27210
31039
27637
17834
28988
-3034
29193
2595
-24441
-31666
-6193
-20348
30453
-19316
-12151
28673
28012
-12207
27109
20261
-27357
-343
24846
5116
-6154
16451
11398
-29633
-15609
-9646
3154
-28533
-18106
-3017
-20143
-20878
18153
28497
31103
-24597
6818
-25507
9099
-20769
-22962
30694
22081
653
-8648
4168
-14386
-30839
-2296
-27770
-18324
27587
-8249
-15919
9409
-26774
-1511
20385
-27830
31963
2113
14859
-9109
-30402
-22508
11312
-12067
-13115
19054
-16595
-24907
-31871
-11444
-25916
4761
30856
9613
-20410
-19648
-10132
10285
1563
1300
29350
-30379
29750
26385
-18949
-13443
4706
11986
-21435
-2324
-7164
-5018
10776
21027
-21988
-16975
10796
26199
25857
26618
21072
26555
-13497
19529
-12445
-9791
-28025
31757
-24947
4662
-31539
957
7668
16089
9179
-14832
23175
29891
-11753
-6631
30038
-21620
5850
11777
-29904
2255
-22959
2628
22055
-2459
17773
-22235
-27603
-28165
-25499
27282
19469
-20252
-28359
-30044
20309
14932
22785
15053
-7916
13316
25182
-23713
-21339
-18920
-16247
13619
-8939
-13728
-20455
16903
8234
-3887
25809
-7745
-2156
-3964
5975
-3371
-8776
-25300
12068
5299
-11287
2918
6371
-10218
-23160
-21446
27846
-24966
-26319
20843
-1280
-20065
11713
-30513
9291
18424
23993
-14296
11362
-24301
-13671
14467
-25736
-21894
21052
4921
-20480
10795
3823
-10600
5267
12780
29179
1629
28941
17145
11294
-20941
-17344
28455
9947
-21071
8448
20082
-8953
32735
-31141
-22902
-26371
-9820
-20876
21492
-32198
-6155
-1558
18259
1237
-28691
-9383
-3356
-2824
-25855
-20776
-27005
-32505
-11071
-15494
13768
-11654
26535
11057
-6897
20562
12782
-2974
23571
-11332
10032
7365
12523
16390
3181
-9380
12379
-647
264
14010
19177
-12665
-16713
2700
21821
-12244
-30939
-25124
-8871
29778
9550
141
12183
-2032
-2198
-12376
-23587
5235
-11146
-23066
-13956
-737
-28774
-10988
-21913
10756
-13642
-17250
3306
-1721
9140
30598
25115
-14064
-25039
22162
2107
-1221
1193
-13124
24521
610
-8102
9373
-26585
8309
27132
-25727
14946
25013
23813
-8208
7872
345
-3775
-9788
11315
10654
7242
-9776
31838
14916
9325
-32224
-28105
7953
21008
6274
-30303
13901
-30403
-23825
-1520
-18245
-13622
-11468
30896
-2249
-15295
-29108
6582
14254
3799
-15633
13695
-15692
-25501
30190
-15464
26112
-2642
-6040
-30007
-10155
-26843
35
16275
-30769
-1346
-20197
26247
13308
-8245
21241
772
-5239
24454
-2493
-28252
13971
2217
-11604
-17607
12613
-19257
21285
-30689
15365
7027
6746
-28970
-25937
7354
-27234
-17541
-22824
7185
16752
-29370
14224
6820
4858
-15348
31504
26688
13882
579
-28470
-19926
25776
15388
-14099
-18428
-18590
30420
-25530
-20843
-7051
26920
6853
-15746
-21697
-5560
-19664
-8898
-26575
32135
31739
21840
-4871
-25213
-4716
29047
15873
-6629
18635
30243
26646
-28399
7364
28518
9958
-5424
-22409
-12535
-13522
11037
-9294
-8366
3971
-19603
-4361
-9826
-13650
-445
11178
6429
-29565
-32101
27607
1576
-10780
32263
-10489
-26938
25498
6764
12574
-2508
-29768
8801
-29559
31133
-27864
9526
-15066
-9009
-7394
-2112
30785
26701
9571
11607
7496
-20605
-6968
10584
-1715
18318
14760
-2724
-30439
27668
-9431
12192
8300
28133
-15444
11571
-16497
-31900
32140
-17739
18760
-17944
-30292
-27993
7397
-1274
-18276
-25808
22371
-7978
14038
23465
-10624
-21586
21163
10466
-17180
-31841
-9030
4346
19902
-22026
-28143
7287
-30479
25923
-1874
32353
-2909
25031
-13821
2756
-8217
-13716
-9445
-15666
20057
-2925
26082
-20286
-32087
1070
-24322
-15600
-29474
-9962
-9626
12326
215
17305
-15782
-1950
-5450
24739
31181
3106
-10387
26580
19253
14625
-6796
-2266
14347
26410
12626
-11210
25089
-1653
10186
-29596
7371
26970
-19482
-20650
5281
7896
-11820
9013
-1216
23823
24111
-28128
32233
31686
-15125
-6195
15584
-32486
-20757
16666
-4335
-12541
-18475
8547
-21088
19900
25235
32323
26886
-15481
2898
-11218
-25269
23214
29869
-8074
-6598
22136
-18096
-4812
-27540
6425
-23976
13660
-32514
16758
6314
-28640
-6898
11930
14346
13924
-3279
-6705
19428
-27353
-7940
-17166
12950
-20369
-8066
-10149
-10052
-2501
30271
-20626
24659
13327
19377
11024
-15854
-240
16215
-29571
2181
27979
-11825
12271
16201
-744
-2370
-14974
-30385
-10995
15381
23550
18167
4219
-9014
30304
-19100
4851
4788
16186
11488
-18611
-27814
-2630
-18507
4472
18339
9185
21799
-14560
9544
-15245
-10243
-10479
-14518
24176
-50
11405
-466
-26186
-16902
-23554
7587
6821
-32137
-9270
22258
5091
-31657
4061
14967
3430
-25566
6956
-1802
9685
31493
-27355
2090
3482
-17884
679
120
17764
15239
-3025
9273
27813
-2063
11166
9175
8213
24285
-27093
18016
-26669
23875
10052
-5125
-14253
-31987
9275
4252
-31255
5766
-5903
1567
12849
-29686
21145
24363
10375
-29477
-31925
-4482
-10727
14420
-21699
-6282
-21987
28844
2601
-32716
-32082
-9401
8910
-32117
-4303
-6889
-29089
-7384
7993
-18962
7440
30954
25650
23529
13713
1732
-26272
-16268
23581
28709
-10030
19449
-30896
-32237
24268
-29333
203
-4771
-19755
422
-19954
13553
-5954
30424
-1070
-10787
-13772
25020
2187
-8363
29639
-22084
1947
27295
31991
28489
3058
-18489
-24838
-9384
16983
-19152
-7066
7130
5369
-11603
-15657
-10693
-9149
-5692
11321
-8838
18212
-30844
19252
-29609
-14435
7419
-12612
3774
-7832
-21707
-12573
7421
-13734
-19429
-28528
18879
-27828
-7076
-2425
-7425
5292
27975
19314
-26084
-7869
11379
30494
13615
-27354
-18862
-6719
26572
9784
3301
-29984
-16711
-14804
-30694
-28940
5714
18667
14567
-9940
1859
-16256
-11518
-30029
19093
28889
-29350
-10192
-1891
-17922
-3137
11449
16368
31817
-4752
-23528
19490
-29632
-30524
19779
-25601
3519
16178
-14909
7007
23998
-3361
-9894
23552
-13782
-13826
24754
3011
3538
-29384
-18938
529
10573
23789
-18621
24595
-966
-9453
-12892
20279
-802
-22729
20401
14887
-14981
13928
5880
15106
-9898
17868
-32325
-31170
-2757
28410
-279
16090
-27622
-8329
-19378
-10659
32034
-1841
-22939
-17112
17937
26704
-9245
7960
-22864
3176
24776
4456
-6912
14751
-20460
28078
5958
15934
6947
23351
26825
-2866
17348
14130
-12087
-24206
-8561
-1842
-5568
-32264
-28810
31664
27033
-375
28855
-16507
11611
4962
-26998
-12065
-23893
-14906
-4258
-4046
32426
-1458
-11537
-22725
-6852
13184
6960
718
29106
-3358
-16718
32695
9379
-26188
-542
-16593
28783
11149
-16185
-19823
30734
165
27546
26987
-7966
-28449
-11809
19361
29794
-9423
-5136
-25714
-11325
-16962
21393
-13377
11067
14671
7725
-12793
-15251
854
-16774
-12408
14570
-25311
-14936
-12030
-28153
28543
32227
27189
-678
16722
-7713
-1242
14491
30807
5135
24783
-10694
28403
-1579
-6553
5852
31852
7933
-3810
17873
18287
-29579
-28769
-10379
31203
12621
17035
-7348
-3989
-12534
26896
-18369
4150
-5932
-12281
-1774
-31710
-26061
12558
4954
-11691
-29148
-4704
13450
-8764
-24061
-21696
-740
-20022
9466
-12869
-14901
-1219
-13376
3274
-7212
-28174
-5731
-27757
-25309
3528
11670
-3602
17215
-22950
32307
-478
32686
-24545
2361
-22972
2665
-32181
-14025
-26587
14357
-9698
20649
3374
568
-14126
-3265
-6123
-22975
25313
10145
-12813
2425
-9031
-3832
24530
-10394
16946
-7198
3645
7481
28533
24203
12693
26474
-30302
29668
-10437
-10605
29561
3284
-15967
2269
-4455
-21929
3876
9593
-20484
-18766
19237
-89
-16746
-23475
-24271
2638
-1529
-8492
31250
-13262
-23251
-20720
-9954
-14195
14431
-22427
-28601
29818
199
-31148
5652
22853
-15994
1544
22770
-24026
-29354
6262
19288
-3681
-29647
27681
15055
-9642
-23586
15897
-9700
-14244
-2083
-16337
-17064
27623
9491
6562
5422
-20347
-32071
-5647
-2767
-16803
18528
26857
5459
-4636
14064
-8923
26334
-567
9694
8459
-9914
-23692
25975
28448
-16082
-25460
-7147
-15816
-1595
-20366
-14283
-26932
31656
24126
29330
3991
-4084
28713
-25369
-14251
-156
-14266
-8224
1836
-30625
29388
2394
31531
-20815
6436
1403
3522
-9083
-6291
25943
-13076
30880
-8297
11195
9553
1404
31834
31479
-23121
-14226
-5885
11103
19981
21417
3150
-29133
23841
-9291
-19501
-5661
12113
14408
19676
14768
-12801
-12592
-19845
-11754
-8891
-8668
10418
23221
10669
31974
-14035
-13563
-4908
-16572
17711
16163
8785
-548
-15813
437
-29500
15400
-8630
-26527
-2199
22469
-31485
27584
-23889
-6241
-8476
-25246
13084
24131
3992
1252
-28912
30998
19576
2527
-4486
2666
-24266
20991
-8670
30771
21790
8540
-28488
23562
-27183
-2081
30181
25764
-10068
-9693
3626
23307
-18127
12284
-26778
-27870
-9284
-10323
9885
24515
-4989
27126
30690
-31464
6081
1645
-28263
-32279
-6867
22014
-30724
-14398
-22952
23404
1720
-2968
31943
-6105
25474
-32092
31387
7047
20415
14730
-4295
-2615
-20018
8723
16851
5037
28103
9774
-10154
-23090
25610
12502
-22044
26898
-14254
-10058
-19805
15135
31496
30603
-31877
20781
5778
14049
21518
22676
9065
-20567
-26713
25009
-21966
-17210
-9257
9829
30632
-29086
2853
-24725
-29441
32473
-3163
-12456
27781
-15878
-25784
-5132
28166
-12419
-4497
-27569
-8443
-21277
4748
-6396
829
16120
-1046
-11847
-8203
-25250
-4810
26686
-22092
-30206
11946
-30695
-10291
-7636
15291
17003
3381
-15951
30853
-31639
-24719
-23936
29844
-20574
24510
-5593
5881
8533
-14597
-6322
-13513
-19766
-10731
16583
-14237
2910
11706
13496
-21521
-22095
-15361
-6536
-20550
-26158
5906
-21791
-23135
15173
10884
-28423
-14466
-31155
11188
-20458
19959
7740
3445
2616
13144
-22145
-18563
-3365
-12928
9259
20587
493
31395
-27098
-2758
12095
32151
-25094
30839
-6589
19526
12738
-31952
28678
-22278
-4464
-2693
10929
31380
-11086
5435
27557
-21164
20036
7720
7632
12511
2075
11069
-22034
-27583
-6452
18438
-19785
-23594
-16976
25680
-25273
21631
10708
-8879
-24202
30499
26187
14073
-17479
7424
6369
21705
13664
-19457
6120
-11773
-25514
15767
-10583
313
5082
19782
-14434
-12301
-26330
6260
-5923
27203
-11643
-7873
31083
28383
-20893
-28084
8685
-10025
-8130
-5878
6303
-3021
-3829
19156
6460
-1881
-14145
-706
-4546
26818
-22584
-15315
12532
26080
-28525
-16705
-1241
11757
24314
1771
-10555
3082
-9211
5074
1577
6586
-7441
31900
7797
357
24800
28177
-28215
20695
9361
-18336
22856
-23486
-12881
17883
10696
11823
28623
15607
-7833
-3874
29890
25421
-2530
-4849
-11227
32653
15837
-9449
12484
5064
13961
-9243
-11724
10632
2173
12220
-2781
-20737
-30373
-23315
30340
13871
24015
17006
4213
-8017
-10033
-4509
9219
-31593
-19168
-6773
29353
189
-25178
31566
-3716
-23385
-19197
17621
27530
-22669
-6276
-5220
6066
-16790
19608
-6718
8311
28603
32449
-4401
30925
-11481
20942
-23452
-1798
2785
10295
-14499
5211
13766
-28308
25259
24422
-6658
-30244
15839
-16040
6928
-24391
5807
-21253
23027
-5124
-28747
-19011
-2990
-21125
25388
-12686
-24522
-18325
2956
22519
30419
14633
2025
-16624
-16596
-1927
-9938
-23541
-5713
-26859
-3415
-10939
-27133
-26720
25632
6857
-20314
24181
14640
-9024
-14221
3709
-31600
-17220
-31713
1293
-19753
26750
30786
-1666
-26253
-26011
13763
3449
2094
-30923
-9497
-22869
32133
-25155
-26909
3261
12140
2747
-12622
23579
-18084
14833
-9292
-19486
24145
23844
-23134
-56
-18041
-23961
26605
-22152
1817
-30727
9042
-20431
-32369
-30430
5515
20480
18418
-19526
-24398
21428
-24047
9786
1889
-18662
-22337
-21335
-23120
-12661
7622
-11615
-10473
21925
13533
5048
-5822
-1694
-4076
-30186
-30886
-28908
28197
17212
-32509
-1686
-27577
2399
-19367
-9103
-28059
-2737
9375
-9273
19687
-21016
7427
-28046
-5976
25663
12241
11146
-31186
32278
-29294
-6061
-15065
25422
-22304
-20349
-17687
-15582
-32659
-15106
16858
1921
-8024
-841
-17300
4661
28258
-6370
-3262
-11143
-19041
-7268
-9761
-12037
27360
-1170
15145
3322
2172
22757
-5349
-18411
-13011
26371
14120
4926
-20877
13493
16136
9663
-2768
6760
-20832
-7199
-14794
28079
6478
27505
29995
22197
25515
-9640
5105
-31932
16939
11385
25156
-24653
21551
6620
-23001
-30359
-10588
-29584
9100
-22072
-2906
25602
6244
18096
25988
24334
16921
-8338
12121
6475
18409
-13844
17835
-5901
6615
2124
-19277
29391
3881
22965
20376
5355
-20657
1258
19437
27755
10753
1827
-27503
-31163
12838
-12864
8755
1444
2142
14093
15084
-6130
-10551
-13735
1862
-395
-22432
-18820
18274
5288
-4240
-14397
22185
-14564
12670
19473
23107
-3518
-12007
-15969
-32673
7451
23244
12850
-19188
-7617
15153
16046
-30131
-17885
28831
-2467
23834
-11646
11426
29187
-165
-16663
14412
19042
4248
17409
2737
-3195
-25335
28521
-9900
-29078
22168
-15634
117
31097
-5609
7115
-23293
26743
6352
23481
26765
-27686
-10906
-23430
32274
2529
19574
-32477
-15775
7495
10231
13551
20713
26297
4502
3825
-13258
10719
-6958
26267
-13950
-5291
-8553
-25396
26539
14176
-15632
-25477
-1979
-2304
-20251
7884
5915
18003
-31641
-25219
8218
-9509
18364
-1642
10604
23239
-21592
31491
-14503
-12943
10344
26645
25801
13395
2954
-23338
30897
-23282
28798
-1553
-9633
28587
-3421
17859
-30789
20890
26339
-11937
28230
10617
-18496
5034
-25787
-32665
9552
-30900
30486
3056
16056
-13429
19147
151
-16478
777
13778
-25677
-28652
10351
-29992
31987
-27472
8972
-29518
18959
30527
28198
7880
3913
23981
-21610
20639
28400
23638
21095
-17120
5238
9017
2321
28399
25367
-16447
27877
-27641
31021
-2134
8265
-23463
-2188
-5641
23602
-29483
11814
25466
29291
-23590
-12746
-26472
-23657
11192
10911
29504
-7
18320
-1235
-30099
-26979
-2071
-13463
-22881
22341
-28190
6310
-25638
2677
2337
-1725
-8093
15761
-31326
-25077
26942
-30869
-4910
4129
-11011
-9865
-31032
-31831
6090
-31109
-7592
-21650
7781
12245
-21041
8464
-31239
-22344
21544
-21204
13511
-25525
5894
25125
14881
-21874
7913
-32013
31093
-28638
-27412
-17883
-6277
32729
-28779
-8610
-13819
12871
9208
-5816
15329
5481
15159
16935
-2340
-6543
13183
-289
-20976
1248
16562
-21510
-8938
-30198
24375
19082
-12302
-30008
20452
20045
1418
-4388
-21569
12596
21103
-14381
6224
19012
-1768
17610
31548
11012
16833
21815
24085
5634
-31469
-18928
-5711
-1358
-15873
-21562
-28737
16637
-29878
-5275
16807
1448
16747
18780
3104
15082
27040
-3342
12209
14821
-20604
9474
11585
-9150
-328
24527
31003
-18461
18930
977
-23919
-7086
-25995
-19876
27857
-16034
-14026
-32429
-1208
4911
-4742
31633
24576
25611
6720
31419
14696
6901
9879
17115
-32277
1837
-16849
-31074
-4110
13303
12889
-263
6334
-26693
-27509
-8040
2218
-26586
30695
-2861
26235
29001
19627
11966
3751
19801
-10685
758
-16845
19092
8957
5039
2989
31690
21166
17995
15790
1675
7159
12334
-31066
-432
32065
-19165
-25555
29544
-26225
21385
27345
-14382
-1108
-7504
-17243
26861
26712
-820
-25119
16294
32594
-21533
2646
10276
-16667
-186
-25726
6996
23999
27709
3491
-30091
-31500
2641
-20428
-21014
6075
-8326
-30216
30056
17612
14544
-21221
-1942
-13313
9222
22265
-24281
22113
3173
-14173
23056
-2741
6154
9260
-19260
23566
7035
3849
29186
20541
-23583
406
1580
18010
-25281
-1022
21032
-25918
-24081
-4973
-23943
-6665
5411
10386
10112
9884
-27118
-20004
29035
-16416
-27599
-18265
-6470
15741
-31235
18032
1075
21988
-30256
13097
6392
-28486
1757
328
19070
31962
27125
5910
-12882
22345
17376
-15143
-10952
-29450
18038
-23378
9826
-20563
25516
24396
31153
-925
-3293
-17460
5056
17737
5731
-8779
-30684
9242
32288
-10102
3097
-18360
-16888
-8639
30669
-17198
18004
-6613
4626
-30572
-19617
-24649
1478
31184
23116
-9362
21107
27860
-10174
31829
5904
25894
8731
3772
1306
-31044
13507
19254
-23853
29885
14326
14830
-14566
11058
-20593
20906
-3833
28655
-29668
-27068
13041
-21479
25548
-16534
-20448
-7087
21100
-11152
-2561
331
-10598
28022
-28595
1208
-5202
-2779
-6450
-1673
32144
17437
14529
-6995
17940
14507
11844
23522
29776
6520
-15375
11655
-7825
22202
-5606
8496
-22249
-28412
-1363
467
32226
-779
-21457
14307
20322
13268
27409
8591
-19593
26787
16846
24432
24190
-4518
16338
-23409
8565
17645
-13462
12768
-27964
-14760
14809
15218
22819
-685
-16927
4031
21118
22774
14125
-6081
17192
30240
-10383
12377
-18427
-32493
2578
23754
-30553
-32194
586
2364
14247
27945
18701
23866
-9676
-21072
-5622
-7733
-2998
26505
-7907
8703
26325
22217
9848
20816
-32414
1065
-6810
2826
-26727
17140
-13019
-27413
-31590
32629
-2937
27455
11945
-5840
20835
-7182
30684
5371
8520
14474
-27468
-14769
2485
-7359
-26218
-30448
32159
19518
19020
-32635
22238
-2205
-17964
25945
-26796
-30707
-12775
18516
8746
23389
30847
-5243
-16603
21883
-4761
20640
4903
16627
-4352
-31963
-19162
-5869
14112
-261
24482
-26006
9612
11070
404
-22174
-5240
15976
7080
17849
7743
-4266
26168
-26402
6623
-14830
-2437
-32275
1400
-21090
20531
9038
209
-16635
27080
-7063
-22483
6637
-15664
15927
-7436
-3380
27515
21549
-25871
-8478
4915
-11404
-5248
23278
19363
21965
13865
-30167
10127
22786
13357
29074
620
-19646
-502
4242
14623
12420
24889
11159
-17778
27560
-17488
-16254
14273
-29615
24975
-3490
3963
-20287
-18889
29442
4081
28237
-19863
11779
-7101
-338
8760
9936
11616
12234
-19468
11736
-2494
-24245
6426
19022
-669
-1817
-11147
6312
18729
7294
5165
-14625
20595
881
31985
20023
-16365
6145
25453
-2862
30192
-17477
-25435
21131
-6710
9940
4376
-25753
16480
18763
7655
6770
26315
12715
17864
-15186
17016
26956
-3579
-13282
-23391
-145
-24577
5524
4111
26035
15034
12474
-20036
2091
-8794
-3120
15525
-29907
-17308
15217
-5020
30828
-10810
-18721
-23512
-21018
-1910
12676
15563
30179
-2196
27908
-23341
-24371
-15710
2735
18295
-29531
-3743
-23222
31849
29709
-17576
10480
28037
-482
-7630
1876
9617
11989
29930
10371
29977
8389
30679
-19004
-12523
-17398
-28152
-12261
153
-3472
-3759
-11529
15610
19999
26599
-16340
24233
5138
-21643
-15257
781
845
23087
-24150
-3040
21513
-1680
2938
-6142
8076
-2640
-17577
5987
-30391
-9824
17223
1936
1039
-8817
-7578
-18953
-5694
-11130
-6479
2775
-14994
-16950
-3572
-14086
-26492
-14755
22399
-808
14099
17797
-465
-12687
3588
18969
10190
-5250
12122
-11805
7634
-1399
25420
382
-17729
29587
320
2019
32748
-25603
25452
-8744
21341
-19523
-31567
19872
7428
21270
4665
31617
-8388
27762
21727
7972
-21956
31154
-26746
-2184
-5358
-27671
8517
-20174
-22385
-30533
18690
19131
-1343
21442
-30070
8505
-21392
-4475
-28392
-24022
13150
31295
9895
7491
-1089
-15745
18391
-7469
21658
-6732
30329
20933
4193
-18682
-19668
17953
5660
22761
25997
4722
11197
10422
28769
4106
-16767
32679
17655
-27275
-5340
-17273
-806
-32332
-17831
15244
7745
21055
21333
-11265
-3198
10071
-26496
29761
-22907
-7950
-12389
-15732
18614
-29152
-19301
-14603
2068
-13774
-16264
28471
-29275
13532
2037
-7535
-25016
-21395
11899
-9454
4666
1920
30219
-2355
-5204
-23987
-5436
32383
20319
-4417
-198
2139
5142
-12738
17927
10255
16152
-22995
30082
6955
27498
30101
7514
-10754
-13554
6445
21467
-1578
-2813
-26434
-20978
-14590
-4794
-1922
-7600
8732
6588
-11549
-17611
1512
-6268
11592
-10012
11271
-9660
20770
3556
13446
13108
-26238
-5422
4020
-14323
7285
27224
-21349
-12859
-17522
21272
-9222
-8919
26241
8424
12262
-914
27604
-12168
-8633
-22850
-29562
8982
-4270
6595
6277
-28408
-6204
-22774
12339
-9028
28059
28755
2098
-10790
-21529
375
-10485
-13640
14585
-23927
-20500
17298
-4968
15852
-21759
16625
-20409
6838
24457
-3285
-2529
-14455
-27243
4274
22522
-18198
-21952
-26242
-4156
-2439
-3905
6680
-13786
-10277
14704
-7044
-161
-20705
6036
20656
16009
-29285
-18100
16360
-12619
11587
-17630
30878
3303
-18030
-30626
-19945
-1566
10685
17044
-8449
28921
11727
-15301
-28480
-16282
7277
-15157
12036
-716
4880
-2552
-14614
9832
-3677
-27351
-20365
11835
-27004
-4928
23620
9204
-21657
28505
2471
23397
23705
19888
-23627
-31637
29721
-3950
19298
25921
20094
-12295
-24627
25871
-27495
9287
30388
-15380
-17613
3813
-9903
10691
26326
10538
29872
24599
-25682
30050
-5738
27470
7284
17759
-11569
16491
-15701
-20724
4224
23477
-22128
23675
-10357
28470
31525
-28496
-22608
-8509
-6740
30968
23261
1869
-20075
25462
-9836
16244
17150
-2936
-7684
22939
27769
-10703
27141
12822
-718
-30450
20369
18460
-6129
-30072
20239
20553
-15962
19618
21161
22301
16263
13006
-27853
-25207
-26629
9904
-2346
16943
-16495
24262
-6999
-13368
-16089
14156
-12049
16159
-16182
-5310
15820
8436
12570
11361
-14303
26060
-25153
8891
-5894
-3648
-22790
-14869
-224
17899
16109
-31090
-10736
23322
-28877
-9635
-7383
11283
-7614
14873
-13842
-3373
20467
-12947
-21690
-29398
27921
4843
18459
-2014
4038
-22041
20473
28135
-5347
9916
945
-26559
3051
5909
-24063
10615
19060
-30712
23410
6127
-10131
10729
20960
-22627
16617
-26497
-19478
27907
-21304
-17524
29795
-5028
21504
29529
-11038
4162
4105
-22572
-11550
1912
-23005
10957
19008
26890
18507
-10623
-11237
-27228
1254
23401
11121
-4344
-14541
19724
13248
24828
20710
9194
31096
26087
1068
27270
16719
30097
3348
4091
-23596
-6422
-30358
-30726
21689
-374
21168
25993
11749
14867
225
-29962
-12642
27447
-1198
-20008
1776
-26530
-17989
6609
28858
-19053
10667
3792
16712
18885
19176
-5252
28065
-13284
8981
-28108
22670
-21226
-9806
-20648
4384
8028
-2611
-24767
-8488
-673
7274
14811
27582
10628
-10523
-2664
7099
-26293
-29042
-15864
-8767
-9544
-12833
-14273
-17707
27445
-14811
7453
-15784
27606
4058
12298
-26270
-10860
10842
31550
11417
13596
1213
-25977
-15591
26596
26676
-7302
15680
27899
24986
4960
2421
22445
-16288
14149
27064
-10956
23708
-32313
-5409
28460
26887
1409
17452
23077
17920
16424
21305
1044
28616
-13694
-29963
-11994
30788
20372
-30026
-7260
-4478
14785
2817
-29953
20255
15136
3592
6415
19195
-24814
-13470
-23985
17097
-16411
-30593
15981
-39
-24374
-30446
26221
22675
-6333
584
18720
-19441
-25775
-4754
28857
18184
-12050
21752
-23725
-30214
-17735
28729
9976
10831
-22640
-28890
15443
-25030
14089
-5331
12142
16872
-1995
8619
-8966
-15438
18965
-6827
-1464
-3476
-16488
32612
17546
-986
27369
-6696
3427
-21830
4579
-24204
-8591
-1664
-24642
22509
-14396
-24885
3608
-10215
-28927
-31380
-6940
-5343
22095
18900
-6438
10363
-28681
20140
1716
-24100
26091
18393
-24971
12825
-31132
-22664
-1081
-26493
22686
28892
-19065
-24661
-10107
-6700
-26665
24129
-26487
-23615
-14489
22551
3862
-29357
27934
27344
3101
27248
-13200
13323
29208
17513
-27852
-15497
-14548
10203
-29492
29360
2789
9454
28970
13576
-9249
-1837
18328
27840
-16419
-14345
1131
14378
-6345
12628
-26900
-9530
-29879
32710
-262
31755
-17874
21884
18490
6491
-22469
-11380
-25006
-22794
3711
-30994
24033
-4255
-13491
27806
-4441
-23127
18371
31518
27844
17189
15633
-15164
-19219
-25886
-25469
-6469
-31174
-30466
-14556
6860
-3095
3801
-13419
10731
15843
-20589
-26954
19390
24107
-11213
-14589
-26342
18839
-11211
-5610
-6663
-29934
-21981
8778
-1952
5254
-20955
1596
-13748
-9722
5740
1847
6446
4017
6706
24690
19072
13794
-26851
-23886
-1582
23341
-6652
-15068
-31616
-29911
-366
-15378
-114
-26058
11225
5307
-14940
9364
-19769
-27048
19849
6374
-13261
27659
28106
22038
22167
23548
29940
26014
29661
6904
-2399
-8603
-16299
20061
-21609
8015
8782
4591
-18673
-10655
-1754
-14934
31196
19350
-14758
-10142
-148
22219
-10165
29572
29264
-18600
26864
3162
-22112
-31879
8149
-28058
-16987
-26901
418
-12107
-30913
19737
32131
-14801
-19970
4471
15480
-16176
19793
11255
-31621
-17810
5924
29124
-29235
-16837
20406
-31215
18702
16826
7557
4074
-8232
-9991
14293
13838
-9620
-29030
1322
15340
18898
-19872
12492
-31219
-19635
-853
-19657
-9746
27700
15019
-13054
7573
5743
-19575
20610
19349
-4966
30308
-7077
-5176
-21928
-23900
27699
-23410
-28738
-13709
19258
5500
-9877
13341
23349
-21379
-28406
-29841
-5859
2760
-10666
-8798
5709
-11408
13083
-26169
30943
-3234
-32343
-21660
18407
-22476
-16271
27719
-26907
6751
-9881
-9404
-8464
22190
10607
3265
9668
11154
-24238
30946
16661
2793
-26648
-16876
-839
18
27923
-4980
1410
-1651
-9512
15442
-28660
29316
-25366
23078
23425
-3194
-30891
16849
15243
-14847
-2316
-27784
7212
1032
-2801
23407
-2240
-6497
-2690
15420
-29851
-22442
25888
-20594
-28228
2708
21780
15764
-10341
25366
17418
-29611
5194
-11665
-9156
-3173
-27153
-4508
18030
-3788
-10059
30468
-1977
21664
32259
-16977
-11274
-698
25535
-32521
20397
-10536
17534
-22782
-1844
7186
-2512
-13126
-21769
2792
-15961
11624
-30165
11920
10682
-3003
-2120
-23618
5075
-26168
32023
27479
30668
-16953
15738
4044
12943
-13568
25007
-17602
-16715
5678
-30581
-18176
4082
16972
-22673
8048
-22460
-27974
4429
15774
-3491
1259
22260
8764
-24804
9070
-3671
-6560
-4584
-25164
1604
9929
-23252
-27177
15174
28093
27793
-26543
-19427
26775
-3339
-177
22131
26349
-4541
9755
26039
21420
13574
8026
3170
-22184
-30929
3062
-32295
14752
-30037
14111
-22466
-23257
2834
9631
30136
2469
13487
28122
-22890
-31605
-17421
27088
28125
-15482
14325
10120
4668
-3627
3731
-20360
-13395
-21955
10230
7005
31508
6849
14482
23577
278
-5478
-19389
-4304
-7953
19770
22069
3354
-18019
-18312
-22681
-12181
27534
4587
-10336
-184
-5261
-16916
20384
42
-26926
31840
3070
1745
20763
-2558
-18727
-32448
12274
-23682
32332
22956
-19991
-4194
-17568
-23407
-30511
32636
-32220
-29830
10405
25487
2750
-11411
20520
-2237
4485
-7387
-6699
4112
21623
-31432
20579
-16881
6235
-12905
-18509
-28850
-4333
24998
-27398
-6580
32556
5361
32388
-26573
19486
-4597
-2600
5412
-28220
8401
-9365
27576
25493
15300
21121
22918
-7826
-32039
27468
24919
-7435
647
-12767
24152
-7321
-18259
22054
-8410
6428
5982
31635
10451
-23350
4449
-20378
28765
5838
-14711
-17973
6541
-7072
-25179
14397
-2404
-32318
-22675
3578
13060
-9371
-26725
8545
21960
-14624
-32731
24007
-32661
-12584
19939
21029
1083
-4420
-1900
-4267
-27719
14400
27609
-7995
26959
-24930
2774
-20731
20854
-10433
25003
25584
-12102
2993
-16831
-16728
5183
-8577
-12633
-23902
-14069
32335
-22156
1971
-9627
-27391
-21073
-525
4235
950
-21251
-9890
-9412
-26207
-14050
-7857
-30311
28969
-16016
-31546
4359
20375
28736
-5413
8239
-18145
29134
-11448
-23358
29679
-23458
16012
4066
-3189
10043
-22274
-14052
-14131
-7749
-960
-31875
4865
19039
-11733
10177
-18061
-1439
8936
3534
-15640
18847
-25486
25589
-32543
-21511
-9322
-25224
27089
-8719
-15120
10635
-13323
3245
2563
-1904
11570
-1528
-2023
-26144
19243
-18997
3925
-27072
24851
20855
25523
27833
7835
-15923
-27396
-13082
-15093
16834
-19570
22125
7409
-609
-12557
8509
-1150
-26764
13897
-5531
-17716
11656
-28797
924
-4299
31194
12248
20898
-5070
-9889
2541
5433
-7666
-5171
-29434
-1719
-26008
-5157
-31078
16727
21345
-17685
817
-32650
29559
-633
-10029
25808
-18907
-29823
-4109
14986
31748
1373
-23212
-28001
-3278
-1996
28807
-15293
32505
-28040
29248
29774
1959
-12828
-17543
20706
31726
16006
-5918
-19476
-28068
31882
-654
5261
-12739
21083
-18326
-25089
13978
25038
-24503
-2823
-8317
21212
-7097
6043
28742
-11812
21030
14801
18279
7629
-20816
27263
-11329
-3036
8117
-27031
7256
-22988
3418
-12348
27821
32656
29788
30026
31262
-12796
-10539
-29111
-3662
6343
10811
30877
32292
24845
18055
20922
24526
9198
9135
17517
-30275
28607
11781
-23345
-29882
-6616
27204
-24519
-1413
-24357
24511
-20354
16185
9640
-11530
-22898
-14089
-30607
-24707
14296
-2863
19936
-27747
-10189
25223
-3943
-16075
-24943
-22293
-20274
-29757
-24158
28797
6931
6691
12349
11913
-23074
327
26423
9127
15160
8282
-2167
-8041
-13173
-1646
5295
26883
23931
1072
31965
-29018
-30911
3028
18243
28701
-10648
13315
-4483
1196
-25585
18303
18155
-1330
-8588
-23519
-29153
8741
-27809
9339
-17688
19651
12645
26659
-32485
32528
19183
13250
5563
-16493
-10444
-21905
-4649
-10950
15940
31776
-5884
14485
-15374
5084
-28607
-16957
-17588
25556
-15533
-6004
-29996
12244
26828
8072
23252
-24880
-8460
12272
16336
-9248
-3170
-2116
-18821
-31294
-29255
11458
-10014
-23819
28982
20684
20490
-28778
17714
20840
-21115
-17699
-7741
16319
-12777
-11105
-1762
31646
-21902
5428
23212
-24056
2320
19628
-29538
-58
9292
32248
-18070
11685
-9254
-15089
11940
-14265
-16341
-30453
28310
21388
25381
-24263
6451
2106
7857
-9744
-7026
-30653
17825
-9354
-2048
-16218
28585
-23620
14403
125
12686
18102
7595
-6179
-29488
-13132
-6808
28005
-11635
31714
16381
-24837
-5026
26990
-8564
-8948
-32340
-14953
5959
23740
864
-13176
-7190
985
-7701
-19980
-28943
-20096
-18075
15787
-10765
-15608
-21239
9376
-19102
-31526
-28822
-17388
18446
2205
-15488
-12704
-9133
15847
-18485
-16928
-613
-26672
21328
733
13857
2506
7087
-4521
17490
27638
31853
13550
14858
-435
-7787
-11087
-21910
22284
-4424
-14255
14251
-10628
5013
31638
-30936
-32677
31914
-26803
-32574
-22194
-20283
-13722
-8558
-12475
23627
-6746
16203
6025
9724
-4865
344
4395
29923
-10974
-16773
-24939
29983
17624
542
-8597
12278
-2476
-27674
-6621
29987
29152
-18086
2943
-31339
-30497
-18730
-7007
-12091
-9852
-30982
-1972
-21160
22309
31034
-16327
-7586
27055
13270
-23398
12770
-27286
-30341
-11443
2525
-32604
-24142
-13505
1733
32070
20352
-3355
30270
14612
26774
24223
2955
2040
-8544
-8352
-16814
-19979
6067
16536
-23277
13799
31911
3924
-6541
19979
19248
10272
26859
25517
-32149
-13608
2944
11412
30425
17585
11904
-29296
-22295
-18601
11354
1040
-3246
-25340
-25279
-23069
19036
-20124
-8115
18284
-6899
7519
13234
-7633
-1085
-10389
-30508
27184
29498
1605
-31060
18001
-8345
24224
-11104
-24807
20572
20299
-21611
18347
1923
30163
12519
-334
2977
-3451
-26412
32740
202
26357
-27141
592
-3041
20814
-4288
14283
-20468
2278
12125
3606
11231
-28685
5977
-21651
-20001
-16409
18329
-32715
22581
-12347
-5053
-18838
11006
-13090
-28791
-3465
-5461
12962
92
-29369
-15774
-28413
-13773
-5578
-5707
11436
26395
17103
-12529
-10167
-18827
14897
9098
29927
21246
19137
19827
-23034
-9576
25893
-12072
-18709
17731
-1266
12606
2189
3210
-15601
-11699
-31547
30170
-26027
-4709
22266
-1781
23534
5016
27437
-19265
-20303
28277
-30518
-24134
8354
-15237
-1588
20611
-20794
7030
-24154
-32209
-13926
-19722
-4528
-29741
9410
-17967
9551
-7017
21235
4466
346
6678
-29568
-4596
-22521
-29269
31098
32142
10783
-31627
25522
-32709
30079
-20225
29344
32301
-18817
-12878
-9087
-7353
1926
-12818
1602
-23471
-7908
22880
21386
4421
564
-1819
-9312
10923
411
10707
-25788
26473
-12356
-6023
28993
-23732
5001
24485
-21671
4694
16268
-10586
4225
-16240
-5472
22358
24068
12258
-20734
7758
30857
25300
-7105
11130
-30735
-14640
12008
-23320
-15287
13349
-1559
-32487
25670
17317
-8662
13485
24230
-9448
23057
19633
-32357
20711
-16535
16449
10293
-31458
-5019
14382
3178
7899
-16438
9035
29055
-29923
23794
-3729
30630
-17409
-25470
-30179
-29393
-22101
7890
3928
-428
-14033
-8956
30366
-31204
-29564
-3987
27790
21367
-26793
-16151
-19115
21116
18937
-28735
20267
16358
-2309
-2673
-19881
-17711
-7180
-16086
-20903
8915
-26735
-18143
-20742
-30419
-15667
-12989
28304
23938
-18407
19566
25724
6954
28568
-28338
26683
285
13647
-11727
-13184
-3567
21837
-14620
-32347
-10580
-371
10175
-20481
-8985
15958
25243
-31119
-2412
13354
1302
10264
16439
-32531
28025
-5426
32451
-18875
-7345
21048
12866
-17357
-24785
18120
-28743
-10362
-3982
16198
31049
-21751
-20674
-2902
-19235
28413
-11366
-17303
6983
-29607
5154
-21190
-17431
15937
-29438
15802
28594
-29215
-5807
28893
-9952
-24400
22706
-25214
-27501
1363
16043
-17941
-24424
19186
-14317
16248
-21605
13911
-11021
-5837
5445
-32353
-24295
27348
24535
-16469
-32756
25773
16985
6735
19126
-9631
17914
14635
-2632
-25670
27303
9308
-29435
-8322
-8244
17233
-26821
9973
10583
-1921
12165
11822
-4835
18600
-3038
24248
-28276
22369
26094
9559
20661
-8560
3687
26965
29738
5757
-23361
24924
32221
1239
5685
-30204
-29656
17392
-31554
13352
17326
-28380
18220
-22771
-11991
22008
-13802
17344
-5564
-20850
-12251
28464
-2190
28583
5390
26597
-14835
-3565
12932
-13492
4309
-26178
12852
-30271
-20414
-28605
-7971
-6437
5701
29809
-3330
3996
-12621
14679
388
28158
4298
6883
17736
26432
32010
-3484
1603
25273
1708
8383
-3834
19297
19100
-17564
24475
14316
-21362
17855
810
11133
-8667
-6858
-21583
-11403
-16965
-5785
8562
-5747
-10709
16911
13708
-3720
-4485
-13770
8601
-23112
27924
18515
-31985
-29106
9588
8403
-31130
-7895
6808
7838
-7043
24100
-19793
-29201
-1792
-28555
-15893
26703
840
27904
-14206
-3319
28923
10441
-18570
-30861
-19705
4184
16161
9453
-20475
32438
15838
-7430
-30332
28094
3725
-4513
-23560
13941
25609
15450
-19143
17754
-32710
25409
31310
-22447
6683
-6763
-86
6650
29892
-27249
-11070
22151
32097
27782
13284
32756
5381
867
-26983
-472
-5876
8091
6660
-12625
23271
-2910
-2429
32230
21742
-22009
24874
29685
-8254
-21448
-15541
32557
-11563
14782
-11073
-11345
22933
-23176
1521
-5796
23490
26522
9757
20394
-32575
8809
-434
-11571
29337
-20592
14516
17652
20622
-20944
-20728
5230
-5045
-3805
22135
-28777
26635
19567
13776
13167
-19821
25187
9923
-31823
18977
-538
-9911
-11598
3320
-822
22316
24959
29804
-3738
-20260
20689
964
-20241
10025
6633
-1101
-11517
16483
8768
26907
14852
12151
-3181
17627
28454
3683
25426
8824
-8134
17574
-2933
-21416
-15403
-24005
-19839
20320
-28618
28861
2267
-4544
26018
25494
24744
-25144
67
22230
-26689
7623
-17113
30496
-17798
-14403
-12096
23467
-21904
-24194
-5700
-6687
2952
-8507
15870
8869
25656
-27147
-15955
-7655
-17333
2814
22653
-473
19882
14483
-15173
-32073
16577
-31818
14211
5047
27611
145
29664
10129
-24818
-3180
17408
-19679
31740
-8218
26274
-14046
-5847
25539
25385
-6634
-205
10824
-19345
27457
-32377
10471
29117
-28971
16252
-30753
-30794
-16310
27799
21498
-537
-2679
3521
19394
-6991
31967
20873
15394
-13307
-6312
-19879
26563
1081
21897
19554
12809
9626
-18533
14891
-19521
-19183
-30326
-20906
-23046
-7580
1365
7767
-17302
20687
-4739
688
-8273
-24564
26083
-32436
-12606
23870
-13373
-1641
27525
20517
29116
26710
-4854
9187
-13424
17417
-25729
-9718
-9933
-4243
20668
-2603
13063
-18017
15722
18756
9471
3276
-11165
6841
11031
-11905
26312
-13197
7023
29604
16702
-2472
27776
13972
9813
505
-3073
2244
22143
-21049
21907
6281
-20209
-1759
30525
-10268
27267
-971
-20682
1879
12525
-26022
-9723
26860
18322
-27007
-17963
-24257
-6996
3783
16111
-15024
-22058
-25909
-20146
26498
-14884
-18500
32197
-2308
10866
4314
646
26090
-9220
2953
20870
-4349
-17102
24417
21219
-16425
-32649
-15043
-12632
-30184
-16267
-12114
-20273
1989
-13641
3604
-22065
17567
32433
8406
23659
10133
-17150
-30865
-9502
-3124
-12211
28885
11985
30529
-16106
3483
7746
15463
12964
-31201
-5972
-18323
18244
20006
-14218
-27513
-30226
26352
8336
-16399
-18361
19271
4787
-4367
-9015
-5988
23673
8759
-15954
-15289
-24848
20440
-23276
15576
-32490
-22748
30938
7070
2699
22401
11397
-30064
7231
6802
28270
24263
7907
1027
19359
-4431
21862
19102
-26016
25028
8457
24829
5077
-26426
-3744
21783
23297
-17934
-7779
-10730
-24336
4734
24463
2454
-17456
814
14053
-16354
-32083
-13222
-13609
-17591
-30418
-32165
22179
-2115
14720
15523
27721
-29925
11767
3113
21956
-12569
13170
23699
-6038
-14514
18428
-5565
14155
32200
-32018
-3921
-25062
-16059
7504
8443
5667
20115
32013
29380
-30061
23295
16484
6814
7727
5841
22964
-3803
-12890
29822
6174
10419
-28132
-28831
-17930
14019
-27763
-22435
-8073
-6234
-10582
-5097
-765
-28251
20055
-20907
20315
-15519
-28444
-30203
26779
-16372
-14304
24551
32585
20043
-22305
-8933
15220
-4410
-3106
-2378
21299
-20603
17770
12573
19563
20292
31521
-10959
-10380
-4669
9269
-18282
-26116
-25000
-8440
5650
-28187
-9142
-5232
11457
20470
-29853
9521
15110
-19921
25667
5765
-6559
-8977
-19997
14497
-31592
-604
-11017
8156
-12318
-13253
-20758
16645
-4981
-7277
-31989
26756
-10785
24455
22352
-24373
-30251
-2214
-10726
-1024
-5415
-3136
-26370
17973
-20683
-1261
12909
13164
12452
-13857
18082
25571
-28166
-5301
23564
32496
-12103
13353
-18535
-24826
-22629
16374
-19384
19212
31459
9968
-31054
5228
-12603
-3063
-31739
14216
2658
16044
12664
-6359
28529
23031
11599
-29315
10546
12527
-29541
-21821
-7122
27959
-9648
-21977
-5896
4011
-4018
11598
-19584
-4180
27321
-26709
32713
-10302
-22838
26093
30934
22523
8512
26073
1664
32287
-10016
-4354
-22401
-5773
15483
29336
3373
-893
9722
-7892
-28998
8410
1903
-30872
1228
834
32615
20307
5599
29554
-24101
28677
-32613
-29937
11460
14469
18108
5851
1608
-12923
16723
10449
22992
-3457
-13227
12287
24410
-8844
-8280
-29281
2504
-15124
22492
-8470
8237
32044
-11587
-25231
12077
-7648
-21705
-15108
-7474
24452
23882
7610
-25193
8178
-26810
17117
-27279
-19569
-8112
-1503
-1778
12742
-11788
-12966
11175
-30103
-32692
-30011
26865
-10000
29771
-21280
-27331
-23136
-22554
-20446
6657
16813
-31560
-776
-8513
32191
9056
-23815
-8095
4300
30835
6985
12031
-23765
-11656
20992
5674
30686
27081
19107
-6986
-4720
-25346
-29293
-26222
-28184
2085
22749
-29708
-25574
15305
-15924
6010
-31471
-7846
-12794
3443
3787
-27162
16762
7833
1559
23208
-13889
-20973
-6388
-10867
-25763
-10119
7111
2614
-4646
5009
-15445
2950
30578
17378
21772
-11176
26224
-22900
21295
-1812
-26750
-10187
-31005
-24141
6439
-21663
-15292
24860
28112
-20394
-166
29904
-23652
1006
-10870
12488
20068
27960
21015
1355
29914
-24094
24802
28832
-15521
11775
-21215
-2144
268
29651
-24533
29574
23029
1849
-3313
27377
25881
-11830
21448
30859
16979
29973
-30515
-6765
-22903
5943
5363
16123
11153
-17947
-12520
31241
-25616
18870
-7092
-14440
25634
4413
13286
-3731
-11292
26415
21200
13198
19320
7537
8664
21989
7951
-22518
6884
-5917
-12887
-16113
-30927
-9770
25560
11032
-32752
25734
-12085
-25907
-3127
-6563
-5953
-13816
27689
13368
21560
8203
29051
11794
-23929
-6063
-22480
17265
-790
-11055
31255
-31523
24313
7109
-15377
14655
26363
24353
-31830
14139
25431
27472
8348
4446
31227
3185
18245
-24465
-10275
-18124
20769
29746
9988
-9681
-9309
22499
15710
-26437
-13805
-14379
7671
-13587
-26631
14839
19991
30886
23574
-7178
-8
9634
32334
32560
32000
752
1940
2840
15281
-9781
17316
-9734
26979
-29002
-32707
-22689
31886
-8516
-30933
10226
2951
12867
-13223
-15467
17912
27770
-24721
10997
11114
29230
-19038
19719
-31232
-21654
17614
-12235
-26716
24827
-4805
-26931
16540
13771
-14118
3134
28358
440
-32753
-29442
-25274
25000
26070
-21386
18437
-4215
-4624
11048
-6723
-2536
-20583
10966
13497
-10811
-12513
-794
32035
-15881
-576
1313
17619
21206
15542
-4111
-16627
-18990
13513
-30083
-29095
9742
16497
-8004
19780
-27854
8188
27365
-3676
-27984
-14160
-23436
-9937
-816
32156
-3981
19150
-8383
-2185
16873
-18882
-21818
30838
-9832
13229
21942
-10212
20147
20790
17259
28717
26586
16600
-422
10270
8205
19281
4123
24865
-29221
3428
-30268
6930
-3609
-18810
-16791
-7803
-32184
26685
-17396
1824
-25553
-5106
-29364
13925
30199
16320
-29499
-24020
-23296
31282
371
-6555
6534
-20408
26182
6923
15654
32295
-25371
9036
-12851
-20362
3299
7443
-12648
10273
6763
12158
-444
9143
10818
19487
-27656
18475
3622
-16933
32124
31038
22302
-15605
19087
3325
3339
-10884
25925
17406
-27260
24349
24831
-31927
-15236
-26976
31806
28415
14361
-690
-26350
-26198
4352
-4530
29432
-2537
-7208
-17124
-4586
-25550
11888
31015
13618
24962
-25930
28896
15288
-25804
11910
-5848
-5383
-21249
9781
27711
-20971
-32603
-14933
-22529
24996
-11286
24582
-8523
-13781
-20723
-3598
-15890
1286
-29110
18264
12682
7458
-1192
-13681
31407
-17913
-21258
-4799
-13247
-28111
-9849
-31678
-2443
-26538
3127
-24305
-27610
22526
-4451
15203
8969
-9000
9315
19934
22281
-12461
-4100
-9216
390
-26298
-13724
-18554
-6419
-31814
26871
17802
31072
155
-11337
2451
32525
14796
-4081
-27849
-15028
8556
-25448
-15209
-25472
-30971
19753
-28886
-30942
11356
4406
12819
4353
5207
26516
22604
14177
18711
25291
2894
23352
-1196
-26215
-27658
-19972
-5514
11641
-20246
-21000
-24841
24854
-1835
-14538
-16087
-16296
11961
20312
-26382
-25742
-11450
-10626
-4680
12618
22817
4120
16952
-9525
13153
-30915
14984
9893
31209
9678
16032
11841
-26092
-31362
12378
-23198
-21106
11390
-25951
-18151
20355
3829
20518
-31481
18868
5843
28217
9498
5657
-19307
-28417
-22785
5917
30860
30249
30993
12017
21003
-9809
9383
-27900
-7764
27642
16759
-4860
9824
-16621
-18557
-6857
17586
12609
-31583
31514
28430
31939
6008
-6838
-29620
4772
27485
27399
-527
-13482
-11141
17548
12300
17747
1487
22159
-21875
12585
24124
27059
32121
3361
-5580
-29238
-3128
-16188
7034
-29085
-10205
-19401
31872
1116
25676
18235
1399
-24683
8500
-22747
-14123
21892
32038
27828
-32525
26023
-5720
20019
21398
10074
-25559
-32169
21972
-10198
-24247
25771
29410
5425
10178
-1888
-12581
13456
17456
-31553
4459
-23782
23135
-16159
-14841
22835
27820
11854
2838
31017
-15487
-22436
5130
1481
23893
14371
7150
15729
-8742
7352
25163
9930
24791
-6679
5864
14534
22768
-1285
-5550
-6045
-349
-17609
-299
-840
-27372
-18865
27920
22023
-13010
-5005
-6323
4827
-1319
-18482
14734
-1037
12133
23032
21950
-27045
17133
15933
11909
-14324
-18307
13280
15048
-26123
32205
6599
12690
19521
-12759
21849
-9359
4785
7570
18692
10898
12218
23376
23225
-6671
-30333
26697
-2667
-21410
-13666
-14106
-6292
7302
-25748
21057
-15535
-2335
-25728
-3746
27583
30577
-19546
-19973
11975
-6566
-18584
20886
-2384
4236
7267
-28646
-16751
-26082
-20123
14292
13257
7272
8066
-8582
-30643
-4405
-30599
28540
7009
-15696
-16729
-30127
-18806
-28404
-15603
-9434
-31045
-11562
-26081
7660
-27745
18643
-21153
918
7894
-29799
1480
-15475
10561
15360
7363
23736
-8826
8477
-11776
2975
10637
-9568
-26228
29887
-19262
10944
22555
-18711
7564
28290
2911
15708
-11232
4208
8014
-29195
-27532
2389
-29721
-11842
12674
26006
-16480
22348
5567
-30801
28817
18225
31292
-6685
-18350
10994
-10043
19553
-27292
-16900
-4953
17341
-4996
-10314
27884
-7705
-20627
-26205
21090
18017
-1308
8988
4753
-31495
-9236
12843
-12078
25726
12911
28503
15296
2651
15508
-522
-201
-29769
8583
12459
-16665
29413
14588
-8579
28214
-25817
16361
-17448
-26481
18185
-12901
16380
-287
12635
-9715
-9794
-23545
-17056
-30654
6542
-4153
-15840
13313
16634
32445
5094
8923
-32419
15237
8639
31440
-13864
-2103
9033
9006
24222
-23931
-1807
-16350
-2854
-30032
-30420
15205
22370
-1499
7082
115
17543
25343
31114
21999
463
21115
-27543
369
-13752
-30955
-11424
13528
22762
-6348
465
9739
13291
22500
8212
3706
-8949
-4721
-15836
14118
18910
26358
21757
-17545
28626
4170
2804
-28089
23553
-3458
22569
18040
1505
-5345
-5852
24119
5703
30452
-32418
-16792
-2169
-20342
-27716
27964
-22043
32685
-6647
3234
-4010
26275
15125
-14008
17564
-21975
15477
-11914
1496
20304
-2995
7831
14278
2424
30899
24057
7128
16094
-11972
-21898
14095
5727
-31525
22885
24130
-3882
-11510
4142
-1387
2889
27980
-2723
-20507
26328
25982
-20954
659
13603
3446
-7155
19225
1753
31731
27503
-22207
28881
-3963
-13962
4148
-27504
3954
5579
25624
-3956
-2769
2007
-24145
-7331
7701
-24742
-32359
-3750
5490
7229
9393
5799
26458
-1233
-14102
23001
13372
25612
-8099
-27662
4393
-9164
-32327
3817
-23584
-13436
22807
14152
-1591
-11501
-5015
-14057
28502
-14030
17196
26926
-13381
-16821
8669
-22692
-7767
19585
32393
27661
15479
24976
-12239
-27619
-8125
25430
24691
4551
-32736
4804
-11936
-17487
27590
-6716
-19022
9438
24014
-19368
14707
-25168
16261
15349
-19101
9028
28816
11136
-30696
12711
6315
14850
-26250
-19450
-11099
16429
-17865
24650
7160
6405
19911
-7967
692
1747
4929
-3486
-26083
29627
-5072
11322
14774
-21330
-16556
-24312
13161
-15792
-29619
22436
25627
9715
-23016
-21579
-27473
8378
28097
14705
-658
-30236
25160
24301
-23870
-26423
32645
19886
-24711
-24881
-9020
-8863
-18080
-14571
-23140
27507
27619
5773
-16217
20067
10575
-7258
16557
-16133
-19319
-7692
-19729
20171
1504
-5621
-27218
-26249
-14707
-19714
-25019
6863
-10282
-26114
-17816
-12620
-28230
20521
-30648
-23384
-18830
16370
107
-7157
-29101
-29341
-6308
20954
27622
10006
-5955
26821
4603
32317
25903
-22984
-13974
16187
30657
-24239
11703
17208
13263
-29906
-7709
8171
-16456
-2360
-9485
-629
9743
-32131
26734
3494
1948
2288
-25196
24061
-15980
29153
13685
8576
-2140
-31419
-13970
-23517
-12425
-8374
-17859
21258
-32055
-22943
-23810
-7573
-23128
6646
1472
-2446
18305
-16471
-13066
-8811
-13626
-5762
10914
-373
15841
-11249
7711
31431
-19063
25625
20368
14841
28971
18495
-5393
-14115
-23114
-31755
-12432
19617
1028
18473
-20767
-19218
-13546
-8394
19826
-32374
-15396
-28260
31640
20356
-14573
-18802
-28864
21732
-16892
13129
4621
-417
-13152
14410
7106
6294
-22258
-12033
-15741
-16818
14539
2149
23215
-8361
-4925
-4683
-30940
30738
-22172
8364
-29897
-15337
20416
26663
12545
13326
-24198
26749
-21587
-11971
15439
-26387
-6226
17202
-21119
-31091
-10196
-9189
8447
8139
-3443
332
13500
28524
-12815
31803
-11814
19788
-27467
10345
-22450
-6667
7922
19544
-9429
-22780
-8406
-11797
25884
-15116
18808
-27755
-9696
6638
20768
-6876
-30668
-29847
-22386
27180
-24004
-28179
16699
13683
-31346
-15074
-32453
-4196
19133
-21670
-29999
-9376
-31712
-19447
-1722
-10738
-10347
26835
-28763
-16232
22753
-26038
32468
-1706
-16823
4757
23373
28305
14220
-13670
4015
-29510
9096
7446
-4061
21082
-17096
22887
-23117
8889
21992
-3527
5618
21784
9506
-22028
-29695
6522
-27301
12350
-14053
32212
22596
-32528
-15441
26895
30006
13421
-16012
26808
15397
-24803
-23426
-17213
28268
13862
11202
30613
-4698
-22313
6642
-3777
28777
-2375
5935
-3020
29946
-29914
-1541
-25296
27588
1402
-30591
-5522
-23161
-7056
21582
10675
11107
-23891
-13297
23050
-22054
30568
-26597
23596
28194
18233
-16524
8396
-20099
16760
5181
-24368
4211
20643
-16986
-6856
-17365
31929
-21481
-28100
25969
16831
1555
26525
-12658
-25765
-31628
1513
-16836
-29842
32529
21832
-9056
28271
14446
-10471
-2086
-2294
-32042
-13186
29104
21380
24719
-29625
-8347
-29228
26255
5892
96
3155
18924
30484
19229
12956
-28443
24946
-15296
-96
-7501
-6747
10047
-1044
-1870
-30370
32155
15848
28466
7450
-25253
-30510
7235
4392
10763
-28159
22971
5491
7741
-10213
25119
-25709
-24131
-21799
-18648
-5581
28808
26763
-6131
3342
9565
3551
30703
-2420
12403
30653
23793
-4507
15419
-14813
24365
30138
12859
14866
-15612
19932
23709
-4198
-18257
32183
-4408
24195
27249
-22778
727
-2393
8513
23137
-10497
18354
9119
17571
-19633
27736
14076
10026
17673
-31956
-22941
8811
-25206
17983
17286
8327
11102
18886
2992
-32624
15522
-761
29826
26549
-30677
-9457
18270
-429
28445
-10965
7562
-11713
-3800
3432
-27597
14289
2768
-28619
-18244
32478
25364
-17281
9871
-28557
12919
-2802
-14420
-3753
11242
5022
28342
15601
4863
14732
-24974
-4006
14592
-17523
31047
-29070
5117
-31121
1436
-27364
-28401
1234
-25294
4834
4708
-3968
22090
-3822
28474
-19849
7400
3250
26445
-19800
-4030
18629
16832
-21027
-17981
-30962
18997
-22001
22408
17949
-20865
-21449
8478
32302
24641
-31702
20660
-24282
-22486
-22470
-19359
21904
25717
-490
20038
-19966
-20870
-11482
16210
3776
30917
-23575
24737
32220
-8178
-30628
28090
-18545
-31972
-11674
23173
13817
-28265
-31459
10410
23131
-11649
-29533
15200
1842
-14252
15921
17156
-16931
-17418
-2528
-6532
-13501
31199
15041
-32622
-1136
8326
25810
-13201
22930
-2638
931
-30901
-2258
-23334
-25120
-16311
-831
-21881
-11577
-15013
29948
-16489
3328
-10927
6908
935
9212
-30797
15202
-23011
-32239
23658
31183
-2701
29484
-22270
7460
-20512
20565
12969
-4168
12665
21512
-4626
-21568
-21162
502
30334
21877
27752
2443
17332
-5877
9008
1048
13954
-23794
-1470
-26447
-27448
-26432
7063
-1993
-29739
15322
897
-11136
-52
-8709
11350
-4398
-27019
24564
-10892
-17020
11210
8064
-4002
-22942
7967
2597
3786
23670
-12630
-23036
17218
31270
6021
24261
-20138
-7652
10533
18103
-13006
-25392
-30606
28581
-3042
-2466
-30254
30417
28156
17695
-17858
-31487
-7045
6390
4349
17704
-5633
4281
-10760
-9233
-19848
14259
11774
-27236
-7584
26624
7475
-1784
31294
-14907
16708
-1393
-16209
-11058
16850
2933
7809
30413
-6738
5498
1101
-7160
6634
-13969
-6224
23169
-10569
31246
-22516
9761
-23019
-3670
-2940
30426
-17170
-7508
-17074
15315
-535
21694
26229
7935
17004
1651
-5342
1724
4278
6555
-21034
16415
32476
18979
-19377
-10951
5344
-28961
15433
14639
16905
-10512
19275
-20084
2912
28754
-17171
-10457
18998
-23464
-23617
31389
22715
-31867
-23736
-151
-19561
6379
-5433
31275
-32439
-9387
-27850
28247
-29549
-2588
-8909
20280
31599
-14816
21767
20111
6079
7037
24348
-24050
-13274
-28980
-14430
-11317
17750
11035
27648
14681
5553
13079
26855
-9427
6455
-15096
-20403
31356
2818
-10038
-8763
-15034
-2226
-29820
-4562
24428
-10393
16538
19905
19109
22000
28041
-22575
22713
-24733
-25454
15204
20286
27629
-6384
9296
-19343
-20751
2493
3331
-16714
-4502
-15621
30515
2258
-23035
23549
-14010
32206
5145
-22622
-19477
-11688
2479
-8931
-5648
-5858
-29135
-26738
29558
27832
5988
-24099
8083
-25502
-26733
32737
-24035
12981
-12112
-1054
17294
24786
-13517
22076
32331
20917
-8420
-710
2832
15634
25563
28202
-2717
13320
-28138
14653
11518
-14320
32089
3282
30043
30292
25872
-21527
-31395
-25852
-28509
-8371
-12429
28314
50
5946
-1335
23527
-12205
-29268
-5635
-22737
-19968
26816
12684
-163
20252
8657
-5776
-23939
26289
27092
-3098
-958
276
21136
9681
-31850
-14400
-4418
6089
-7233
22580
1538
-11031
-2984
24617
29743
-30781
-22228
17061
14700
364
14515
-29758
-19200
-22080
-14795
25150
-20596
14964
-17847
-5159
-13345
13037
5025
31290
-5226
21994
3158
-11989
12320
3492
27859
24547
-30082
4951
-22842
-31633
-13621
-22352
-32467
25791
-12206
-22784
-21471
-28941
3680
-22230
16559
-8430
-31365
1942
8911
22881
-19294
-1820
2609
16102
645
25340
30373
1839
-20739
25238
17287
-2432
28967
940
-21944
-4797
24579
15592
29212
28656
-15343
-20564
9244
-2247
13061
-11744
-13348
-2579
-419
-26080
8266
236
11147
30742
17734
-30828
-2692
-19677
23093
-19622
9254
-15903
20120
-4035
17137
13886
-23661
-12488
-12048
-10162
15071
-22846
24399
18612
-8958
-25522
-9121
4548
16957
25140
-24475
-19492
-15606
-13529
-21750
-12378
-16610
-12346
32273
5298
-10145
-21491
11193
-10552
4388
-32558
21188
-7822
8434
-30112
-28775
21486
432
25342
27528
31758
-13935
-32551
-20463
3129
-20116
-7750
13981
-5563
-30454
15616
-12907
10518
10689
22041
5523
-17206
26316
-18203
-7859
18131
-7819
-14299
-12110
-32449
22198
22313
-8994
12990
633
29118
29453
-566
10387
-21440
12283
26439
9337
16216
-30440
-4819
19786
12510
-12823
19161
19925
6805
-24297
14528
-10946
24216
-22923
-1786
-27232
25568
-15409
17613
-22197
-3152
14116
-22654
23625
3999
-22745
9512
-24579
10986
-72
648
-4975
-21718
-6097
17869
9366
-14993
-1306
28391
-28275
-22196
28871
-30820
23033
10799
11896
24284
-21344
-24959
4747
-8688
27307
-9595
-9621
-28633
-10464
30815
32630
1227
-22603
31432
8570
-29122
-10503
31092
7359
25132
-14731
2884
28081
2644
-22953
21158
-21292
28906
7821
-12075
-21068
-13570
-6377
30730
-17654
4243
27504
18075
-30799
27386
29020
-20700
23363
-31604
-29929
21487
15615
31655
30168
-7031
-32749
19398
482
4465
-32000
-30521
25425
-25851
-31931
31257
-22396
-21004
-7275
3112
-16297
26796
1937
1528
21391
-32250
17717
-30698
32651
567
-28839
-18625
-22910
2042
30756
30541
-3895
19076
28961
21855
-7858
10080
-19746
28555
-15340
-25605
-7046
-26422
-25163
-4984
30592
-21838
-3227
14472
-19985
17377
22763
-17841
-11342
5823
29575
-10123
29913
24793
-10957
8883
1249
14373
-22050
-32283
26117
-29254
-11977
18389
25029
-10293
-19393
-2698
545
-15752
-18527
-6280
-27065
-1374
14736
-23118
-12126
21390
3591
23532
7712
-13998
9504
28925
-12561
29168
-32747
23957
-13145
-10492
24580
15946
29262
-9993
-19267
12482
10700
16334
-13350
-17513
13715
-1544
14573
-17350
-4600
-30468
19648
-5997
22498
-25518
7065
-23284
-3727
-3315
-681
9676
9276
21133
-16193
-19689
-29223
-83
-2363
4886
31693
1756
23706
-6310
-2244
-1978
31715
-32664
10653
-24113
-5496
10836
7403
20073
10171
27489
12933
-22509
26518
-8174
-14851
-6189
-14071
23117
-327
-15614
-11084
7283
-25329
-1813
-9227
8825
-25833
-23695
28972
-15645
26329
-27500
2477
-15426
24753
23567
21006
-12577
29394
4676
31778
16132
-8986
6510
-7390
10927
20830
-4867
-8142
-20837
-13220
-16851
-3257
-14508
-9560
11815
-6853
-10445
8169
-11243
-21669
27019
10086
20642
-29946
19339
-23202
-17076
28264
-14232
-20914
3053
21016
-18718
-3187
17974
28930
3188
-22146
23106
11213
-6278
-13913
-16099
13988
8949
-13619
21622
16907
5812
1790
3882
27516
10227
-10924
4027
-31387
-19573
18803
-7698
-31034
-13394
-24773
32641
-17538
-8621
27066
5318
2057
-23729
13955
-4612
-25097
13013
26615
-12366
-30496
4862
-18616
10981
-25301
-5603
29313
-3085
14991
-17833
25341
-24626
-23214
29259
-13946
-18863
21779
-30406
13942
-18483
-14966
-11898
-23719
28434
27336
31285
8110
-14710
-19121
22818
-28072
30164
30485
27804
17248
-22686
-5811
-22160
-15308
-5561
-10332
-31777
12555
-24284
-32744
26631
32279
-5541
8993
-1691
-18762
19569
7270
-28862
27374
-28385
-3411
-30194
22418
1785
-18697
17245
-28297
32671
-28231
-22633
-30495
-31717
30092
8618
27000
23698
-15314
-4944
11140
26845
-3344
4071
-13216
22804
-27975
-32161
-10269
30962
-15133
11729
21092
29030
1340
-22368
30585
24716
-25716
30774
-4088
28573
-15700
19876
7343
-18122
8860
32239
2538
8142
23543
-2571
8948
22449
-30576
13276
7305
-16806
-16704
-3176
-7670
32477
-3575
22714
31805
29764
-19649
-21490
-25170
3890
-7922
-8247
-6027
-21836
-12253
-12987
-14967
5161
-32155
26317
21465
-1861
9121
17858
18106
-19323
-30995
21787
-19806
-29662
28753
-31298
2423
-5709
-21030
-16417
-30417
-992
-16243
10909
6775
-21488
25399
29486
19918
-13421
30510
11578
15213
-1423
-18016
-11519
-4715
28724
-18839
-667
15589
4821
20475
16022
-1047
-17830
12656
8772
28743
26101
12043
-14877
-26134
-23852
14164
-26867
-11229
-23932
-25374
28083
136
-31422
-22924
-28604
-5809
9053
-11377
2559
24346
25985
13208
14142
13379
19332
-30715
-6472
-8055
18967
15578
-32336
-22919
8593
-3639
-25455
-24905
10346
24409
-1823
-8723
9664
-14665
-3010
10820
-15317
31064
-10777
29115
25231
8088
-29646
-12382
-29175
11614
9706
17557
-15546
-5062
-10701
-15019
12847
-28544
-32501
8323
-7428
-22544
8912
-518
-12167
-12473
11905
20102
-12011
9436
17545
9673
13048
5277
-2263
28123
-137
29603
-21936
9023
-31110
-11459
2841
-28393
-22676
9629
-1414
-27802
-8145
19668
30509
3044
-14105
13148
18638
8791
-4465
-23892
-4164
8895
30433
11443
-8002
-12880
15020
-15920
-28844
-15699
26722
29460
26971
-12565
-7681
-1761
-12300
-9152
21624
21865
-11703
-6650
-32266
-9451
2145
3543
28745
24162
-5792
-22906
22153
23281
-23791
13382
-5039
26403
-22888
-25404
6280
-19588
-11196
26283
12906
5859
14372
4371
31918
-7804
-19305
-24226
556
28999
-31897
21317
-25515
5913
16674
-4189
31281
8687
32199
-20573
1030
7418
25080
-5937
-17789
6170
-12939
-28657
29488
8479
14666
-27749
11019
6053
28450
22746
24052
-12822
27580
-14662
-5619
26173
-22872
11800
176
2888
6190
-19464
-21356
-26258
17402
23453
-1992
-15555
-26546
12721
-3064
-29927
21931
470
-23643
-16566
-12097
1427
-15759
-9706
-15895
-21615
-32612
-8782
-28582
-18494
8881
-21325
24633
-11240
-20509
5638
7227
25737
16240
-14690
28105
-4125
12775
-4439
1219
32682
7936
-29807
-13483
7518
214
-8390
9354
-28169
-3191
-14155
9753
21508
29662
16948
3291
-17330
-17597
26049
-4099
-9957
-30827
12021
13738
19824
15968
12820
25931
-5037
-22203
14636
-6392
-649
-18014
1586
24906
-3902
13370
13678
-14823
-648
17622
-3026
-27476
-28026
-8275
28200
-31957
29957
-22620
-1482
17182
27422
-21076
573
27927
8270
-1901
5087
22378
-20425
22277
-7815
29511
32435
-28310
30638
-8807
-8393
-20411
-5083
6324
6731
10900
12201
-18561
-29818
31809
20178
-23468
-31595
-16993
-13556
21433
22777
-5934
20428
-5262
-5935
29355
24209
-29444
-13264
-1036
26868
-7360
-15421
-20647
28853
23989
-26706
-16521
18280
-22190
-19394
24951
231
10517
13294
19545
3558
11381
-13655
20087
30188
-28539
-24657
29127
21706
1318
23575
-5227
14506
-329
-8302
602
28386
7464
21447
14096
7806
-21139
-16041
11830
20567
22374
23171
-11118
-22536
-7446
-31750
-29616
-7291
10827
20266
12365
-31911
6957
-1115
-28005
-6435
1200
30280
-26582
-21248
21195
-28411
-18401
-16700
4382
-12744
-30624
-14122
-30767
-17484
1076
-10772
15347
-9753
-15823
24303
8987
26524
-16174
5963
21685
2373
13646
22812
28457
28145
-28985
-28549
-11140
-30240
1503
-13927
-22834
18596
-14635
24598
1588
3212
-23459
-14898
11950
-10846
17651
18709
-14103
5317
-20710
32680
8078
21138
-5532
-4226
11047
14455
-20043
22917
14298
11559
30797
-11223
-20444
11680
-31332
20956
-11986
3940
6233
-6160
-3530
16479
1962
17956
15496
22413
-32085
29256
4861
-15230
-31614
-28532
-22215
20947
6486
-27202
30454
8488
30823
18784
-11399
14039
17862
-26526
-11226
17213
21940
-25673
32690
8249
4630
-16757
19383
10160
-1270
-7924
-23149
22105
-5303
1548
-10930
-3898
1928
4458
-10702
8391
-11025
23474
-18585
26852
-4498
-21091
-661
-26724
31131
26055
24254
-8778
-23205
-8981
13609
-26664
30518
-7009
-2212
31789
-18370
6700
-4131
-60
2979
-16709
-20363
24810
25025
-8800
7739
14721
-5812
-8592
-23953
-30361
4379
-20016
-7675
-21156
28544
-19098
30165
27925
-26236
-7403
13214
9131
-27238
-10233
-6068
-22496
-25878
3434
500
11530
-24746
-29211
-22289
28644
25958
-14928
21770
11498
-24083
16791
21405
-16261
27237
-22111
-19860
-31171
-4341
30393
20181
13867
-16991
3473
14815
2370
-31194
10992
7313
18509
-16842
30389
-17205
3679
-3906
10066
-25921
-4123
14656
17304
26592
-8035
94
23088
22530
-1452
12526
-12589
-12883
17290
-12516
-10032
-23435
-31858
8283
-17953
-24007
-17501
13329
-29098
2821
22087
-8166
9659
-23216
-4449
17668
-21755
15902
30590
5030
-30266
7981
15367
-14129
27564
13419
-19360
8491
18897
-1175
1240
-24550
25277
31433
-7682
6411
-6918
-29880
7268
-18569
27511
7547
-24406
-31984
-29556
24478
4912
-22239
24416
9561
5380
-6416
-20307
14461
22242
-15393
-2347
-7012
-14329
20116
30495
-10805
-29289
-1176
24531
-25081
24863
-28367
19095
-3730
-5216
-1790
12342
18114
27223
-18137
19002
-18752
-21146
-1104
16416
-10065
-23664
22142
9532
-23763
2962
-29409
-28798
-10513
18107
7834
-22038
16335
29937
-13884
14915
-31409
-24718
-28637
-21777
2846
18238
32664
-19566
-8069
-26571
-27092
20676
-1946
13825
-682
14698
-7711
-4229
-29377
-358
-4202
31964
-24941
19454
-25806
15366
-22706
-15459
-8969
2828
-19047
-365
-18515
29748
30680
-6078
29550
13913
-5337
-7694
8382
-31683
-23153
-6822
12778
-20560
-18303
17959
8737
19157
-4543
22020
7994
-9338
-17620
-30944
-28758
16173
-2626
20578
28991
10601
-4782
29894
20552
-17470
-7718
31948
-11958
7934
-7602
2044
-13989
3518
7787
-12518
30780
-26354
-17901
-22682
27575
-12172
-24783
-7626
29044
-11427
-9600
-30690
30013
-10565
-16505
-18480
15325
-12707
18554
19562
-19859
-19717
8485
-6378
19215
29920
21599
-133
-6324
-11415
-2038
-10833
-25848
9262
14769
4389
-24981
6703
5957
-13957
-11582
6050
-6820
-927
-12865
1726
-15440
14121
-680
20049
7540
8700
-29143
27836
-32017
-29942
4295
12947
-18005
-31991
15461
-21815
-21185
22629
-24537
-27213
-11709
30117
9112
22824
23860
-32473
-18852
4939
-10005
-20213
29049
16860
-25017
14368
-766
8356
-14959
496
29063
-7243
-5492
32500
25639
29936
5759
-24399
40
27178
29657
29797
-23879
31040
-501
2356
13053
1178
6558
-21964
9004
1501
-23395
2439
23140
18556
12385
340
4391
-7550
-29861
-23331
-26018
11556
-7817
-6198
-28099
-30985
27815
-29004
-18932
-9668
21776
-984
16478
-14682
12430
18109
-32584
22692
17832
30255
4572
-24076
20530
-22578
19061
-20434
12666
18826
25846
-2525
-28050
23874
18485
2514
23613
-21954
16778
31571
-3554
-20908
9589
17205
26772
-13329
26714
-715
-20050
16232
-6557
-23041
2734
28619
-16768
17030
-18160
20708
-14559
-26891
7826
-17548
9443
-12179
-182
17474
-12127
-16270
11848
-16660
-14080
15663
-31696
31474
31532
-10705
26490
18416
-15917
-15753
30361
-24349
17626
9758
-2538
28879
21985
852
24322
-14406
-2483
-30057
14607
32457
23191
23076
4641
-12898
-23600
9415
15788
-27231
14110
-17511
7071
-26154
-704
-26127
-28419
1012
30707
-21565
-5660
-16653
5584
15659
23156
-26230
28375
31355
21648
-1153
-19290
6054
15035
-26649
-24458
4675
-3991
4839
-32625
-12594
22910
30051
21536
5675
4511
12056
-10804
15188
-7264
10383
-6018
-5690
21673
-5366
31308
-615
-7326
19584
2909
24841
6013
2224
-16422
13830
-29213
-30549
-1003
28275
3377
499
536
-15264
-10197
24673
-29116
24568
8483
13950
-8260
15683
-4781
32765
-1352
-20923
27816
20474
22350
701
30543
22112
-17132
4088
28698
-6182
29806
25083
-25495
-23406
28353
-19508
4473
13160
9154
-2616
-21093
-7902
-29064
7122
3901
-24046
-1713
-16126
-4888
5395
4261
-30680
23414
4155
-14949
-17582
-4772
15059
-25513
4259
30405
4648
-19292
-21844
-9573
-237
25526
27684
-12968
-29157
-11449
10695
-4086
-26992
-1019
14453
-15244
21816
2480
32475
10916
-30874
1863
-2645
-25334
-10090
-28921
-23055
4012
-20696
-26489
-7308
20323
-15341
-4183
13434
-31221
19870
22984
-24527
-14228
25518
25802
12653
-13225
-20663
-1829
-3595
23030
20011
9485
-12459
-23743
5144
2991
-27251
-10762
-30535
6941
-10308
17823
-28445
4266
-22549
-12455
18046
-25054
16886
-6893
-14642
-11832
-29390
2354
9080
-32011
410
18592
1643
6728
19236
3617
20213
12293
-10397
22970
30265
-16745
32601
19538
15705
-31165
15855
-31284
-5120
18159
19128
-19856
-3801
-1041
-595
30970
28182
-13271
-17956
13290
-19228
6864
11065
-22210
15681
