10000
-2679
-18824
-26319
9681
-6381
-19921
2702
-2136
-16693
20513
-8061
-16317
20653
-31181
4749
-24948
20856
14092
19123
-27928
-10493
18810
20327
-9959
-18022
27287
-32551
-577
-24866
32326
-22002
7213
-18276
21839
-17358
-17875
15522
32733
-4930
7939
26646
12289
24541
-16557
-21312
-11309
-7341
30567
-30818
20921
-10952
3562
-24835
10081
32711
10133
21613
-32709
-23622
-10985
5679
-11240
4709
-15371
-13467
15794
-23626
-18246
26441
23150
17053
-7046
-32146
-7501
-4875
-5341
23830
2529
-26307
22274
-4151
3746
-14588
-6093
-25755
5996
-3437
31164
-6574
12287
-9939
-30322
-7965
-13950
-19823
-22834
-25437
-7665
9605
18792
-12834
-16579
5598
-25889
8936
-17221
-15943
27534
-5998
1577
32272
30597
18997
-10503
18944
-27909
-7388
5529
-9372
22377
18054
-1038
-13338
17710
-12617
-13390
2786
-9448
20813
21694
11131
30317
22045
-19013
-8980
14680
-3369
-9937
13311
27528
-21573
-12243
4144
-6046
7209
-29886
9155
29570
-31471
30091
28531
-3806
-20120
-22840
-29475
-4514
28551
13380
10329
2686
29444
-24373
3262
-19819
-32187
23827
15520
25123
9786
-20970
7536
676
26486
2380
6212
10673
-9031
-3276
25686
-12625
-13543
-19076
-24963
-334
-4983
-19344
717
19895
1146
31377
18649
-25951
-24152
31275
-19570
4187
23261
-2951
-22788
-32392
31159
-1233
-5921
17923
29435
-22459
-18176
-29102
14753
10233
2809
8114
-3587
-29123
16907
12280
-8290
-16470
-29270
687
17249
29811
-17313
18121
11912
-6878
-2517
-22653
-20675
21217
24448
12231
-13024
17607
-20563
24291
-27157
10337
5028
8406
6775
23428
22253
-30693
-2436
-2184
-6219
-23580
16538
-23755
-4352
-31177
-16253
-20268
-12273
-32766
-16085
-30352
-9257
32530
685
28769
30548
22304
-15606
-22282
14405
13958
-2
-18556
13681
-10344
-16650
31917
-18289
-13099
27304
27667
11140
-1786
32605
1581
-28170
-15429
-19468
-30715
25866
-8765
10878
-641
15021
-7513
-21468
24903
-1985
5587
-17208
16604
-32311
-30252
-10244
17743
-9125
14756
26777
-8372
7109
-2755
-13489
14757
-756
29139
-10221
25022
22708
-4963
31824
7200
-31275
-32454
19651
29679
11425
-3218
-26511
-25300
-14342
19745
12518
-18300
4457
-1811
5466
27671
-5506
17866
3172
-7386
-21290
-30701
-10974
-20093
-26077
7654
17801
21693
-24639
2148
9097
-10459
-18068
-9945
16612
-16412
-6470
26109
-8454
-29255
-28515
-7753
12608
-28714
8476
-4733
15172
-18965
583
-32283
-26539
-1629
11486
-13289
-20591
18395
23422
19571
9074
1131
21482
25735
21749
-19309
24965
-27575
25121
-7239
-24539
-730
-9090
19680
21784
-27276
12166
-39
7311
425
-19715
11402
-8501
21462
-30126
-12928
10275
14328
26789
-767
-11032
32443
-19686
22022
17141
12556
-25558
28949
8767
24223
19387
-32176
-8096
31850
-21057
28640
20582
21288
-22265
-31922
-13058
32215
15830
-8373
-27018
-30779
29102
-13952
1080
-15705
-30399
7466
-23530
30204
-3367
-28368
-31904
14131
25451
18195
8192
-20689
-22769
-6551
14293
-11244
20613
6278
-2188
-14687
-4824
-11019
21430
-28744
16637
-29655
4744
23690
-22250
26527
16478
15692
15869
-29595
13620
13176
-28532
13320
-4139
61
-9972
15016
-12810
21390
9475
-25917
18363
10912
398
-17426
25802
-15984
3683
4210
11753
571
-18872
-13102
-4975
12804
-24739
-23323
7124
-28945
16799
9106
15926
30830
16142
19183
-19671
-21865
16817
-30994
-28573
-14356
2865
5601
11921
-20935
2202
-12228
3168
17307
13531
-29223
12509
-7408
-2887
11260
9085
27112
-2583
26167
-5594
-20969
-17638
-2639
-15920
17951
1843
-6340
16867
16375
1763
-28563
12279
-4005
9916
8387
-2967
15008
-18667
-22749
-26255
27169
12671
21867
3025
-27047
-30955
-27520
-14836
-13686
-3720
-7728
28080
-6419
-19217
-17683
15459
-24009
-4901
-17094
16015
2344
-2505
19307
-2650
11137
-21219
15140
-15885
15979
-26048
-31899
-6806
4928
-28559
-32637
11782
-20897
17891
-16122
3603
-1518
-26933
22599
-8854
-16335
-5984
-12573
14
-16558
28195
11832
21020
-14906
7587
-31192
22021
-7398
10982
-23107
25908
-30312
16985
-6208
-4021
-24635
-6731
-30110
-18106
32285
25968
13227
-5914
3217
21854
-10685
29645
-32605
11539
-27565
4209
-12301
25454
-87
19401
-7279
-21937
-10268
10808
-13590
-2566
-13152
24650
15319
-503
-26892
27948
-12879
-7411
-32012
-17711
-22619
-2768
-5842
3145
15005
20036
26577
24724
20734
20331
-20996
13517
11559
-32324
-7781
15062
14598
1332
17270
24116
1360
-2945
15291
20113
-10233
-2008
-27709
6716
-10941
-8904
-6921
-22692
-2459
10565
-30127
25825
16725
3878
10180
10283
-28145
423
352
29793
31034
-2535
11681
-28291
-22848
-16235
-31014
-2360
24276
2713
-10388
-3913
5133
30526
-24341
-15908
-10950
-5897
-5332
28762
-31517
29710
7554
-22561
-4598
-4932
-16084
18899
20342
1799
-22275
-5741
-5512
-4502
-4939
30224
-1628
22422
13932
644
21218
8846
28460
-16816
-6483
13160
16083
16420
-21417
-9462
28589
15247
-22050
-24171
7052
-23881
-24001
-5598
-16963
1226
-11981
25291
28716
-8753
17232
-24722
-29859
8382
2458
-24821
-10377
24920
-12987
11934
-17602
-17672
4364
24471
18615
18300
1702
-14288
-28885
-10629
-1001
7069
-15628
-11161
-5623
4661
-1872
-22610
-1335
22580
-10780
-24301
-979
537
14058
32204
27706
-11977
-15548
31989
-3998
-18955
7830
14480
-5239
24330
-31234
-15213
-25854
-31446
7563
27003
11699
-7906
3906
14930
-27607
-17288
9020
938
-3059
27265
-8721
21474
6224
-16749
32607
-23675
30588
21585
-8261
27802
15051
-20500
-12777
31625
-31956
-21761
4082
17206
20464
22856
-15119
-27314
15550
7037
24430
16563
-20642
9495
27461
-1555
-15425
23794
13645
18511
-518
10701
-13122
19465
-13473
-9421
-16485
1927
-17795
23545
29689
-11569
25443
9404
1993
-17943
-26812
32358
-20129
-23656
23116
1195
15057
13820
-30102
-29218
-29869
7884
-20321
-12999
-271
-17268
568
-1658
30675
-7096
-27880
-13182
-19034
-25852
-261
-18682
6664
-11466
-8548
29051
-7879
27472
-4258
21872
7553
-11743
-28572
3501
28329
-20846
-19445
9706
5299
19733
16020
-12097
-25240
-6691
-25266
12883
-23239
-10641
21410
11110
23609
32400
-12888
-6486
-6547
-20504
7807
21034
6690
-26851
2471
-11504
3670
-9710
10692
2105
-2631
-1278
-31661
24728
20526
-17177
21918
30502
-10984
-2825
-2487
-2049
22646
-13276
6267
-4296
-1151
3943
29522
10017
21196
18622
-20231
-24372
31179
-21181
1610
-16941
-27918
26243
3119
-21694
6089
4594
28333
-11674
10071
-22064
-26913
7163
26038
22057
-1736
24093
9222
-5386
-21832
26561
13581
-10024
14507
30646
9366
26195
17188
29070
-28530
30362
25209
-31046
-23194
-10286
-24953
28979
9231
14890
4347
4561
-12569
-27911
28246
17468
-15555
-9510
23016
3253
-5722
7498
-23952
1316
-28658
10522
-819
26512
-15585
-1956
-15162
10408
-8258
17877
21266
-27507
12546
-31659
19910
11415
-22882
-24570
-3803
9362
-19320
3514
-16407
-28687
-24736
-8645
-16652
17343
-24437
19458
-8743
-5225
-31737
-16794
10974
5688
17591
-1627
-1643
7997
6458
-5942
16974
-6634
-12435
-9409
23753
1943
12248
23989
-25443
-4864
-20639
-18801
8550
-12997
-6023
-12918
-24161
-23529
-6832
8425
11430
-17492
-22590
-25876
18381
13649
-7385
12773
-815
-28177
-31280
-18286
18540
5670
-19826
-11619
9701
16392
21971
-32160
27971
31635
23309
-16032
25071
-30855
25564
-19974
30615
14599
-31873
23320
-8368
-21531
3392
28991
-11502
18479
-16610
4745
14285
-23953
-31540
25127
9996
6390
-24454
-24303
-14636
-15862
26413
11738
-9205
-24971
29831
-17138
-3222
-27360
-17335
22000
28250
-12841
-4559
-20355
7935
20545
17754
13185
29200
28178
20356
1413
22782
24967
22175
18286
21915
-13329
-28834
2013
-31903
-14629
28069
-186
2086
13500
-12903
17839
31280
-4561
-683
-20257
-10471
-7247
19041
-16446
-5761
165
29895
5686
8615
-3480
-2966
-12904
21529
21202
16211
-22974
17208
-14149
-24828
31808
-15569
-29350
32380
32638
11111
-3223
32241
14969
18185
-28315
-3579
-4567
25225
-4890
-5438
-608
-18943
-22496
6371
15235
12613
-24731
-13079
-18898
12920
2400
6537
20866
-23677
-26919
13296
22764
-20858
25674
17027
-8974
30041
20234
-5247
-6667
11337
8203
-20133
18855
10556
-13011
-16826
-27084
-19561
-6734
-20741
-30984
4556
845
26836
-26380
4001
-9986
1271
-20270
-1261
-19845
18243
17128
-30709
24659
7696
9303
25797
-3274
-31420
-4285
-30382
-6182
23295
28601
-31399
20788
-5672
21830
-193
-1869
-12260
-4205
-24298
6367
6918
21388
19319
26587
-2562
11719
-24480
28724
-14708
10627
-10751
28260
-19095
31467
-20757
5607
11727
15983
-17862
22461
-7456
-18240
1496
-14572
9908
-32213
28279
18264
-20072
-7860
18553
-5376
-10106
-27137
-20341
31039
-2123
-23223
-17411
31696
-8035
-17552
20669
7440
-30988
-26413
2880
16513
-15829
8338
-15018
10056
273
12197
11810
31408
-8022
1714
-9041
26277
-11518
11754
-17466
29865
13791
-2309
21540
-1465
-14858
-6129
-2364
21205
-29509
8797
25345
-24679
-23121
-16391
-22547
798
-23122
11822
20665
-11884
-4942
-9751
-12637
21257
-11441
-17292
29962
19822
14284
-31576
22517
-25691
8785
8652
-4593
22354
14553
317
8441
-32025
14687
131
-9130
-29244
-30146
22908
17350
22409
-1606
24455
-12467
3091
-22026
-10745
-29230
949
-22253
-6600
4344
-10139
18716
16240
24527
25240
26377
27110
-28245
21093
-21799
16966
-6000
23068
18544
9804
12235
17598
15584
4825
17494
30639
-15351
-7796
26818
13621
13115
-966
-5638
28413
-23220
-15389
-6365
10389
-11119
-10731
4165
-27123
26108
21316
-31746
16876
-10479
11363
-23321
22718
-5986
29221
23125
-4743
-3954
-5260
-4805
16844
-28862
-12606
22588
-29419
7684
6096
-4553
-3106
843
18012
9724
-26512
-24318
27554
-27621
-1354
29081
-688
20950
24209
-16724
30852
19099
-20087
-29465
27228
13938
-22560
-19479
14301
-27418
16464
-65
-17805
-2649
6129
4300
-20313
26742
-22161
15029
-19216
703
1250
30009
23269
1541
30520
91
-20465
-25883
6158
865
15535
-32602
-17026
-15191
-6014
-11476
14731
27938
22605
25322
12815
-9028
11973
20687
-23099
-19181
11504
-23856
-22312
783
16957
5086
15414
27389
-410
-24655
-6535
9453
14334
-22556
6785
26749
4832
-5508
-13392
-9515
-22205
8680
25697
13532
9622
-28749
32488
7766
21871
-26589
3420
-26566
-22225
15606
31035
11081
25306
-23861
3880
27623
28253
-15590
-24511
24058
-16371
32560
8812
-20159
8002
-24229
-23176
1692
5594
8778
-53
32696
14347
4613
13207
-15452
879
-18723
9048
24949
-19805
6355
-803
24854
-16759
31400
4649
-13556
28701
-4891
-12703
-10473
27895
17415
-2877
-13682
-32111
-20267
18369
27185
-22324
2220
21866
-26731
28345
6544
15998
28042
-21940
-21060
4037
28060
10655
-3351
-20235
-15827
-4666
-8381
-417
20227
-20488
25293
-17117
30760
23245
-14914
27286
-20701
4118
-16894
-17320
7141
-29105
31554
21110
-16806
29745
4152
11107
23209
23915
-9834
-22872
-18972
13052
16712
21569
-26704
14529
13477
1936
-15675
32604
10042
-26809
19191
-694
-9506
7604
-26689
-22648
16988
11002
28304
-19789
-25752
-25258
-22963
4412
28550
8952
13269
-10451
32081
-24115
2738
-24740
-6150
-4045
24137
-10658
-12597
-30427
-12123
-7076
-14451
24726
2022
-16857
-732
-6099
-7047
15490
-26288
-5906
-4620
-14608
25269
28799
-30683
16424
-9655
-12849
31937
-14577
-20771
4611
-22125
-24473
9098
-27667
-13043
19409
13090
20805
15178
-1868
-9662
-9678
-13379
26608
20329
-17396
24133
-29814
-7359
-15647
-6410
-18901
24408
4743
-551
-29119
-1396
2423
-2603
27182
19939
12347
21192
2912
17368
-25762
26963
-5720
16748
-27267
4421
21341
-538
-4661
7869
-16505
-17730
28437
24827
20475
-167
7683
14070
-8944
-7141
-19392
26154
-11300
-12428
-12868
20266
-3270
-9583
3986
18666
20651
28630
10571
-14168
-27349
8207
24587
14572
28289
-27716
-27729
-8995
-32273
-13028
-4354
18686
-17802
18721
24037
1303
-22899
-549
7734
21011
11986
16808
196
25473
-1512
-24684
-3838
11814
779
1077
-17120
17834
-24190
5128
6445
1376
-1223
26222
-24850
-27472
-10807
20886
-27510
-26780
10775
-29720
-31908
-7407
-8789
25677
-11980
-19700
7682
-11988
-25730
-26844
-20437
-25873
19261
8925
-23718
15273
28121
-5550
-13811
-22293
-31499
1118
-29659
-17430
29239
-8748
24982
26339
22133
-9672
-13551
14567
-9614
31806
-19553
23922
-30286
-5057
12458
-5176
32519
-5670
9037
-15312
-11277
13158
15633
-25654
17976
31776
-7297
-29002
10597
-19477
9322
-19791
2805
17578
19039
-11116
20556
-22377
-30008
-23086
30035
-24704
-27535
-9733
759
-20800
-21058
19395
-5544
27295
15092
-31520
29659
1975
-17036
-26936
13448
30789
16308
29450
30124
-27436
-347
-8905
-26863
-7475
-21586
-19297
-24122
-20020
-17338
2431
-13913
25367
13251
-30766
1471
-15580
-32353
-14847
17537
23877
-17516
3975
6360
-1369
-30
-32223
12707
25570
10135
-1314
12515
21486
24412
26355
9789
-11090
15572
6523
6434
6346
8016
-9483
-5178
29166
-6963
-8319
-22969
-24404
14668
-23307
-31617
4852
26122
-32440
27688
-32636
-28537
2633
6705
15623
11386
9572
20145
-17587
-21459
-1530
50
23110
10349
28482
15518
-13320
-5077
-8247
-3014
28998
-20670
-21016
25052
8400
-9597
-18150
8696
-22395
11916
26601
12438
-22175
-14599
29740
-5654
-17049
11570
-16124
-12603
26954
-2289
32365
31149
-6294
27215
10709
21111
-1255
-10744
26703
27785
16296
-1470
-3897
14647
-15818
-23320
-12470
-27832
-28226
-29086
14893
-4265
-24712
-21902
8904
-9864
31514
-16970
-10742
-23097
16887
-7384
-17539
-11557
25114
-15764
-3883
-20146
3520
-16249
2967
-28350
14940
22695
7546
29466
27184
-11893
11751
28288
-11971
-4000
14968
19533
-22367
5829
-3017
-15106
-12179
23786
31738
-9927
-19889
-15350
-19761
-17379
29009
-10565
29132
28629
-6741
-31487
15554
-29547
3360
9413
25748
-25198
27563
-9330
16107
-28859
-16814
25732
-4912
-29200
23014
-9883
22801
1172
-32254
1794
31557
-28156
23062
28858
24730
-8432
-13746
10461
-28962
22975
16297
-31939
6653
26456
17380
15564
21173
9189
14138
-4970
-9587
-6011
-934
-2737
-21588
28594
31851
2307
14781
8990
-23985
-17605
8248
14741
-7939
-23796
-15026
21970
21820
31296
-11347
10224
4431
29204
-8476
-19989
30349
30856
-22258
9822
-3308
22106
25984
22217
-875
-21357
31925
-32698
-30345
-13124
-32377
-18124
13707
25891
16305
-32572
17551
8717
-8690
-19429
3009
-11264
-26673
89
15415
-1471
15427
11819
21803
-4433
16741
19317
-32378
16000
14007
29478
18779
31333
31700
-2228
14557
-10577
-31055
-19619
26083
-16191
-32515
-19713
-30847
-6748
-32131
10222
-28870
-13400
32003
28748
-2477
-14568
26591
-19522
19346
-11332
25874
-9146
11955
-8617
-17087
24290
-19892
-472
-28844
-13487
-10269
-24981
-2754
-2389
29913
26665
29583
-23760
1209
17889
-32452
-18783
13551
-14989
11191
4612
-29075
11266
28642
16645
18466
19609
-4450
-22126
-2554
20909
-4473
-1676
32479
14881
-9997
2163
10105
9431
-18726
-29818
-4052
18804
12986
12766
5045
32454
31122
26604
-24633
32660
23590
28470
23739
-27766
26843
-31318
-2484
19115
-22492
-21454
-24224
28307
18841
4223
4224
30261
5442
-21042
26711
21434
-10064
6674
10672
-26608
-28669
11056
2327
-11464
25032
31998
-12955
-28633
32754
-24659
7386
-32003
25967
-214
-6188
26949
22381
28097
10574
28999
-5587
12853
-30054
-11356
-903
24918
2495
-31513
14037
31949
-30277
30171
-23534
-27463
-30731
27455
-10084
-32500
-13254
28328
-22704
-3080
-79
30397
19628
-3902
-16677
-3048
-8218
-25680
-20712
1752
25115
3200
-31711
24319
-22200
-1299
-2675
-2325
18781
11728
-23474
-26003
-28504
-16261
4045
-16185
-23135
-21122
17051
22921
31495
29980
22036
3913
-13134
-21036
19670
261
26509
13475
-21387
-2199
19618
8416
-9989
-2254
-13592
-10882
29928
-31225
16247
-8293
-20655
19218
25424
18165
18733
-31367
-21400
12756
8219
-28878
7529
-16360
-23699
-9952
-639
-18908
28055
23737
25534
24736
23688
-24538
15274
-4015
25031
-10477
-30882
7352
24201
2261
-18322
11057
-4908
-8659
11187
-26384
-1090
-24062
10441
811
-5215
5518
19389
10907
-26977
-10158
18663
-26899
-11641
-30551
-28973
29544
25468
-2215
-27637
-17726
17714
19636
-25612
6335
-24331
-15449
27168
-23829
14999
22196
-26439
15603
6412
-12200
8055
15811
-3676
-17419
15004
18619
7098
5701
29147
-8469
-8433
6598
29836
-28566
-22004
-22295
10356
10536
16376
-11812
-9691
10585
-8186
-14524
11789
23770
28983
15634
12763
-30642
12351
26650
21833
24241
-18622
29731
10189
-26432
-8430
-7250
-3536
9901
-27027
4231
-30520
21770
-11350
16552
13326
11183
-7744
-17181
3839
-21429
-579
19282
30686
25724
7090
12345
15904
12484
709
-23391
11289
7444
-13424
19928
-2944
-29732
19894
748
4555
-13269
-13464
20899
5931
1776
794
-1316
10519
6049
28101
-30526
-30923
-29175
14886
15075
-22979
30310
-17741
-22183
-20548
23620
-6735
3909
-17487
16922
18875
23333
-11081
20393
11148
3019
3583
-5653
-28054
16935
-31658
4466
15750
-25364
-28794
29463
-16328
5415
-14925
-110
-15959
31958
-844
11777
-1014
-28732
25375
430
32350
19413
9008
-24884
6730
837
-32046
-17589
-2557
7120
27020
-31035
7097
14049
32256
-29487
-8265
-11396
-23556
-24952
-13804
-12120
-11530
10392
15486
-24891
-21756
15746
32573
-22642
-638
29257
-22815
-20878
-16378
27906
-20467
29140
-21968
31252
23628
1898
7270
5640
18431
23517
25252
2059
7337
5788
25719
-3184
8742
-12154
20815
3885
-27931
-28976
-25248
30297
-32110
-3033
-612
31924
27849
14197
-408
7199
-11546
-26214
24250
2079
-22294
2038
7250
14431
2225
23247
-10086
-21415
20353
-19972
-18422
15351
17852
10708
-18018
-6434
-16931
23040
-5873
-7973
6993
29272
8044
24103
1123
-24540
-24036
13741
20987
23859
-11050
-22046
20667
-32038
-6485
-4933
11214
17699
25152
18130
-25439
22459
-26121
-17112
-21279
-12068
14740
21584
18627
26552
-17670
21909
10884
-6772
29258
20711
11678
18298
-13032
7377
20623
-27080
-3362
12003
-926
-4907
-26751
-27932
13619
27059
10191
10696
27393
18846
31301
1721
5724
30703
24059
-3010
24256
16621
12905
19773
-31816
9890
-23282
8838
8760
-8029
29016
-27774
31092
-25649
-2114
-27657
-11014
-20340
-32189
-10384
31387
-19264
23992
26240
-28935
20469
-21639
-11720
-5821
-29365
-12641
24671
-15960
999
-30946
-24764
15797
-1930
-18525
-32598
-654
17467
-11841
12064
11172
25279
-32109
4766
26478
13888
-23402
-31900
-10280
5070
7877
6413
-8782
17629
21903
10117
2500
-23515
17856
-18227
-11327
-578
18969
-30913
8686
-17506
-11796
-24160
-16083
3930
-4449
30680
-6224
6566
13403
13639
17131
25205
-25002
-13648
-6105
21075
-10730
-32391
19275
32758
8832
-25187
21364
-29752
1041
-4032
3854
1174
-22792
-13662
-31701
15381
13407
-32009
24018
-9897
12784
-24415
-20347
-24082
23634
-4966
6406
-28030
-22268
-19482
-4104
-29893
-7229
5968
-31236
30334
-23660
2305
29633
9893
-9312
-5580
-8137
3354
5110
-32113
25836
14368
-9359
-17751
-15546
32655
-17159
-25823
13999
12156
-10137
8556
-30113
-15848
-23256
5542
-9425
21235
-16726
858
-3972
13359
8056
-17657
20037
13411
29190
-31888
-25125
-7509
29483
5797
25814
26444
-30317
-25568
-5456
-31221
-22995
13201
-17996
-3808
-31851
32296
-23754
-9214
-8123
-24204
32298
14198
8835
-4249
-15261
-7575
-6495
9658
30328
-15172
2639
32000
-30525
5661
-26875
-30550
19400
8490
12934
29581
-30829
12619
16055
-3731
-11576
-21743
-21999
-889
30427
16205
3599
-10298
-29705
26045
-28736
47
31740
23101
-10090
24217
-21744
13807
16062
6427
31398
5017
28717
19004
-29922
6691
750
-9194
15853
5917
14844
-20978
14611
-10551
-21142
-14630
31431
-4797
-31430
-5882
3142
26553
1317
-22503
-3795
-5269
14342
-25674
20143
-28830
-5676
11711
-13800
-15167
9978
24521
11850
26515
3143
-6491
-17469
25917
-27199
-15359
-4716
22760
2409
24021
28943
-30089
-5472
28741
-3520
3736
32354
-28281
-3584
20115
-25551
7136
-16818
-32121
3757
-21165
26013
-22352
-31783
-25173
-30191
29344
30730
32277
-4277
14069
-18247
15210
26724
-25440
-25204
-8343
-18003
9462
16458
-17187
7487
15696
-12328
30296
11206
14602
-17551
-2500
12012
13893
19876
-6076
9368
-25522
-25556
-7704
421
-18793
8857
-29563
-12175
-14872
-8624
-15655
-19523
-30164
31362
-3141
22931
30434
16718
-27495
-11632
-7320
2287
-48
17291
-12570
-26022
-5717
4976
-18359
1004
32134
-2565
25067
4184
7319
9513
-8207
21080
-12688
11635
-4290
4634
15058
-2924
27861
7657
14290
14175
21764
11190
-25475
-26096
4724
-23420
-14558
-8121
-3427
-12872
15383
2217
-23798
-171
-19299
22751
934
498
7905
-6713
-19269
-18318
-5253
-25435
4235
11508
17515
-30250
-21909
-23374
-28241
-25697
-11780
-1297
32703
339
7468
-26426
17703
-11699
28695
11122
-31276
30160
-6663
8066
26959
-7778
17514
-3630
-25102
-351
-16305
12865
29786
28438
11985
8485
-12653
24182
-15001
4568
3508
-11475
-21677
13790
16336
-1746
-22495
20383
-13925
-12605
-6215
1254
32412
9091
20926
16740
15009
-12851
9828
-10539
10278
-18821
-11547
6963
-14047
14289
-4106
-17369
-12036
-2070
15131
-16219
26578
-27764
6780
19549
3594
14514
26914
3687
-31345
-27833
-3905
24676
-6222
-20247
4309
-14117
23535
-6013
-3101
5084
18724
-10561
-18459
-1698
2498
24029
21269
-16625
-5153
-12567
14378
24991
-4918
6766
22544
-13595
5146
-18990
17739
-15653
-23726
12263
-38
-15879
13778
18314
25479
-10392
-21858
-12696
-13189
28620
-24697
23470
15877
-11198
-7629
1926
-24665
12376
24002
11320
-8770
-28747
-3980
4291
16833
6604
-22190
13157
27016
31378
26796
692
-17809
9493
-24827
28354
1906
8345
4595
30114
32485
9123
5966
18926
29767
17022
30894
-2370
4890
11705
23572
-703
-18537
3465
22989
8157
-30713
-28489
26341
10168
-15090
21164
-11483
27349
-27113
19938
13415
151
26710
31008
-14434
25509
14100
-5406
72
8297
5858
-16793
-19133
-5010
15076
-17363
18437
-14482
2850
-23822
-9354
-2081
30472
-12564
9050
26296
-22500
-15538
18598
8983
25452
-5188
-1216
-11829
25084
19502
27257
-15933
-22273
-30926
11618
11935
9855
-22669
23528
-4796
-12814
-1352
-13048
-13457
-311
-11222
-30491
13830
-17959
-6354
10947
1543
2097
-14107
-194
26373
24138
-7762
24273
-1398
-12640
-28683
7761
16307
19693
-18287
13715
13731
1514
-4705
23740
-31200
30728
-23337
2386
-3860
-9278
-23411
-31581
-13965
24391
-24270
-13290
6844
-20513
13613
2487
-32400
-13673
16312
-20412
-22227
16797
24071
12360
-31668
-18278
-25833
-29070
-20242
-14009
25106
24311
4242
11617
19096
18255
15963
7115
-6998
-24389
2971
28552
22378
-13292
-26370
-19917
5815
11581
24054
-9316
-8338
-17308
-9215
11611
-29485
-26181
-27401
-32459
-19631
22271
16347
21670
22945
16271
31583
14372
7663
-31807
-23841
-28223
22376
4698
13779
-30261
-28735
-14001
6152
397
25626
21380
769
-26061
-491
-28185
31785
23390
-6787
-28621
7375
-14085
-8642
11398
-8453
9832
-19339
17955
660
-8655
14658
-12919
3432
23775
5570
-7527
-14295
15602
29636
18061
-8098
1713
-25259
28417
-26411
19377
29724
32176
25841
-18485
-974
-7323
-21496
-22638
-24715
10694
-25451
-3539
22652
-7610
20758
7583
-7091
515
5099
-24401
-11939
-30643
5761
23338
27811
-19934
400
26803
-6766
10268
-5750
-23860
2214
13579
6581
19005
-29898
19827
19489
-25418
-3966
-26742
-17129
15313
31895
32347
13677
19000
15394
22323
-17286
-26040
16251
14824
-20302
-30862
8775
-20565
-2686
-17209
-12785
9276
9684
7514
-11304
-20926
-6031
28726
-3423
-18917
29173
16696
28492
9499
18894
19564
-30569
1455
-11494
-21878
2647
-10382
8663
20981
-20649
24604
17373
27821
1953
-29876
-2856
4638
-30027
16159
14133
-14693
-12843
-21377
-28006
1642
4710
-31635
8784
-1265
-9979
-28502
11692
-12689
5260
-31568
-29709
-542
986
-11302
-21896
25276
-16678
912
-21
-29224
-27162
-23949
-2225
3652
-29860
20607
12765
-20117
32120
-28592
-16925
3781
9869
7626
-27258
-2339
1436
28509
-15617
-286
8869
7516
-32206
1641
1952
-17618
5227
22769
-3529
-17108
4101
20936
1349
23049
11702
10830
-17381
-30897
3797
9568
23119
-5525
-18809
-15048
-14250
-7037
26678
8228
3308
26879
9149
13165
19494
-19171
-24150
827
22571
-11598
-14788
11768
-32299
-31247
20551
12718
27561
6673
-21891
-10517
12987
17470
-17940
32151
27072
-16699
-21048
-23637
1081
4316
-435
463
-25702
-646
-27529
-9729
27962
30589
29625
8517
15060
-30155
8610
3831
25716
-30655
-13065
-5112
-30465
-14956
-24212
-13612
-32644
-7208
-9808
15868
-9643
2829
14892
-22087
891
-27260
27559
32206
-7828
-10871
615
-21210
12479
-8889
-8589
12456
-30758
21442
-9878
-23351
-18549
27779
-14774
-14119
-22681
-8792
24868
15978
31579
12703
11956
-26429
-10698
-13539
12885
-27164
-20826
-32309
-3999
-20556
-22114
-11690
18506
4691
9886
-22490
-5813
18042
-15459
-22625
-24402
28052
-3172
-2163
31276
30010
-16643
15775
32490
488
-917
18438
27860
7103
1956
-11776
-1721
-20760
-2286
-27273
-19659
5497
-17063
-8558
-13370
25097
17574
-13726
30727
3407
30121
24796
-14968
-5308
-20407
-1644
-23029
-13063
-5181
11287
2958
-20138
-11914
28841
-1394
-30822
9810
-14713
-31163
8748
-1483
8092
29553
31253
-7048
4215
3090
23018
-14216
-12238
11886
29681
5929
-22549
17233
10195
-28582
30688
24213
28012
-28127
-23657
23085
30946
-6913
12942
-15085
28325
3
-5106
30860
-7466
16381
-9596
-4134
-9065
29357
-17878
-9915
-10079
-3829
19439
-15278
-7309
-25946
21881
27462
-6776
-10887
-9580
16689
17191
-4737
-6908
14760
-30608
1464
6812
10380
7156
-2259
10472
-22630
27950
25817
2076
22095
-20627
-30296
-10853
25788
12050
-24607
-7752
19640
-8920
-5019
27096
5354
-24400
27273
-7818
-21044
-23607
30781
-2656
-23333
30879
-3433
-17550
-11904
-3264
9839
-9526
-4476
-9728
11659
-21505
-9689
16484
24856
-13444
-2456
-29790
864
-1351
-2173
19674
-24474
-7221
-24785
31589
-15553
18718
-14817
-687
23571
-18486
10877
-28944
1940
-17556
-20345
11009
12425
-27316
29232
17823
-7677
2806
28971
-11072
19485
3007
-29581
-5731
-28113
11869
13004
24253
-6941
-25407
-20375
-19697
17362
-20415
-29125
-15521
-19718
-22715
-13300
26213
-30160
-31267
7127
-21929
-2101
9002
9848
23308
-1619
5834
4604
-8579
-10352
30648
-31355
-15086
-11153
16202
28436
-610
-22378
4849
-6994
-8400
-17784
-18721
29389
32766
-20274
5382
8323
15326
-22825
29956
32336
-29126
8011
-20252
27894
-20973
-18831
2759
32315
8728
-17536
-8024
11259
-16783
-15108
1440
-25888
-16493
8437
6013
30344
31291
601
15675
3593
23022
21323
12465
30752
28921
-23236
14085
-9891
8120
-9929
-20136
-7322
-6771
28355
21330
-17520
-22512
-24768
-27772
21109
2044
19441
3045
14174
-6633
23340
-31761
-8896
-21259
24426
32453
-5528
-30011
-10826
-31629
1222
30036
-30861
-15926
-2957
16824
27800
17748
11797
-6348
11242
28535
6867
24588
-25210
26535
-4383
-16282
22220
22519
20122
17410
23643
-24162
-2125
16706
24610
-8953
4510
-14262
3017
21484
-7374
15920
10
19949
4707
25177
8411
17831
-1380
-1527
25003
10720
32275
-31068
11499
-23397
25643
1485
-6463
13194
5457
-4580
12390
-8049
-7672
27414
-26495
-26879
-4863
13008
20490
-22369
-15480
-10796
-11499
-13545
22264
-10498
15176
5095
-26596
-11738
12944
29941
14087
-4842
7609
-11734
18628
-7378
-19744
19140
-3097
-15228
-259
26364
-5929
-24342
7174
-29501
-8632
-18069
26033
-3148
-4016
24109
-23791
-24946
2974
-6801
-11004
-12598
-22491
-17353
-12474
18379
-10034
3248
-24705
3288
11813
-19136
29866
-3706
29888
5978
10896
-5619
14160
2325
-8744
13545
-21533
14110
-29220
-3554
24826
25107
8083
-12884
-27335
13408
18760
-24734
-5079
23542
13284
-24930
-8394
-5500
17035
-19973
-2901
28114
19646
27710
-6931
29469
31468
-6385
3332
2913
11336
15846
12846
28872
21832
-9289
-22041
-19487
-28199
-13649
-24410
29027
-5625
-1000
-16396
-27200
22289
1010
8688
4931
-11271
-12643
-1207
-19182
-24004
32231
29525
-11338
-29857
32331
12989
27356
3489
31430
-14468
-17045
19190
29458
-25260
29547
32111
-22025
-15238
26876
24375
-12660
6541
-12923
-8300
-7658
16042
-22499
-10572
-25773
21541
-13610
15141
12428
11785
-32673
-20525
-13747
19801
-19457
20701
29041
29408
639
4085
15737
16111
1774
22775
-21092
841
3753
23084
-16509
16941
-22935
4786
-11952
6492
-26254
58
12759
25660
13603
-12266
22868
-3669
30250
-2638
-2834
11735
31295
13783
31228
11794
-12353
-2391
-2555
-13265
-3719
4893
5806
-27608
5250
-11969
-24039
-14590
-21063
-18284
2183
-13364
-6458
-12959
22805
-32043
6051
10718
-13882
6362
-11054
-12594
17732
-24572
-17258
3495
5285
-32143
21578
-19407
-22129
32086
-22695
22078
10979
27225
-25788
7180
-31448
-32096
-18600
-18262
-25170
-23419
17135
-957
10999
25725
17145
21733
22160
15250
-31991
-14730
25427
-1385
29472
9592
24864
20881
27152
9103
-9926
-11267
26236
16169
-876
3610
24642
-10236
-277
-5038
-13822
-26021
-20632
-4721
-12577
-31833
19756
20395
3733
-31056
-7866
27555
29160
9604
10004
-12199
4044
-1074
-29805
5256
-26773
24927
-17371
22809
4798
28753
10420
5477
-31250
18126
-20916
-21194
-7153
21878
3068
-723
5632
4474
-20335
15755
10647
30695
14966
5535
-1999
5036
2173
17120
28700
-6262
-23748
-7779
-7024
852
-9444
-10825
-14659
17041
24959
9492
26281
18422
-1951
9415
23965
30542
17073
-11045
-689
-15247
-10839
26286
-3053
-11124
30319
-737
28148
28127
-14304
30554
3857
-28161
-31342
13530
27282
20597
19410
22957
-26406
30668
25794
-29167
-20941
13460
-9681
21420
-30060
-29426
-15688
-2170
-22860
11661
-31764
-29108
-15007
25619
18168
32504
8628
28569
9386
-14030
-5029
-16865
-10863
-12285
12191
10674
27229
14447
25634
32290
-26012
23090
2959
16688
3214
10648
26630
3154
-19795
31694
-2940
12627
-10525
14500
389
-15552
-4204
12567
25659
2872
8989
18384
32079
22560
9777
942
25501
4667
10103
-20982
26501
19951
10113
-18638
26989
20421
-30759
-31171
16445
9963
11010
-21572
12258
-22450
6181
28619
5648
-17305
22557
-16751
4127
19934
18588
-20586
-13477
18634
360
-17710
-2969
-24063
13835
-19675
-18538
-24808
9772
18063
28698
8337
16441
25855
-15175
4281
31177
29384
-28528
26398
-16513
4054
25584
163
-6466
29775
-27038
16166
21814
1672
-28655
3791
13614
7040
26018
23778
-28419
29515
23686
20514
15802
15002
5610
17180
21923
-27836
-2599
1330
-22877
14002
2461
24214
-26659
25093
-8827
29452
-21559
11248
7395
29891
21051
-26422
8859
-9390
15286
21146
-18827
12547
24981
-32612
11842
-28327
-18403
7794
24858
-23072
-21989
21360
13853
-27159
14657
15541
30477
-17928
-3662
-11764
6482
13417
10161
-22817
-17850
5235
-5519
14759
9703
-30544
-5379
-12764
24548
-27753
12731
-13274
-18337
16426
-15496
16385
20849
-645
-1504
29555
5261
7534
-10333
-9879
23952
31581
-25404
7063
20730
-15824
-1247
15585
-7598
966
25931
27562
-16243
-16452
28843
24166
-20854
8403
-16843
3922
-1024
19614
-15082
-11991
-32731
6329
-28275
-5120
-30841
3029
9842
12797
18035
17489
-32051
-18030
-28004
-941
-26948
27990
25199
10512
-3063
-25500
25270
15299
4067
-22925
-23012
1460
-5987
21848
22692
15860
15126
9617
-6952
17210
-6237
25519
-8099
-26206
-28641
1678
-19663
17630
21514
1262
13148
26504
-2034
7598
14365
-11681
-21479
-5516
-24467
23400
-5339
-25781
27983
8343
17239
-16331
-27076
10463
31907
8818
16091
-10283
30518
15393
-24196
11185
-27683
-24923
22458
-5145
-25386
239
25284
-10675
7280
-30915
-18710
-23877
-31304
3832
1551
15809
2391
-16738
12340
27650
-8355
-31796
8386
-26449
1140
-32029
16473
-352
9831
-18963
-5561
-8793
16057
11015
-7920
21776
-28444
-24641
-14211
-12846
32392
6508
-17788
20736
18358
22552
12262
-29177
14246
25145
-25938
-14638
23578
-17574
-29269
30936
536
-26011
-10248
-3030
25708
-10040
-21127
16425
-27172
6656
32626
-29970
16218
-21615
29575
-16462
-23572
-30118
27850
-20145
23259
31811
-16592
-26971
16068
31991
27344
-11821
9670
7800
10274
11856
-23357
-16381
21188
-7340
-31337
-12227
19416
3186
-8429
29066
30244
-16275
-5401
16529
-1350
9600
-7350
-16556
-10374
29002
-29614
-23848
28305
-29923
29907
2138
-9579
32610
-249
2748
-16985
-24900
-9592
-23914
4198
-3814
5288
28386
21262
8825
23130
4451
11969
30859
9904
-6384
30700
29671
13941
-13888
12426
14295
6693
18700
-13075
19643
-28440
-8166
-14197
15086
13753
29449
16603
28656
8326
-10712
6836
932
-32638
21849
10034
-31442
5799
-15029
-15821
6565
-1160
28089
6591
17965
-14512
-22662
-31454
-31277
-9255
-2149
18704
-32277
9952
18146
-27517
3585
-6880
-26822
16013
-23208
22824
-17902
13785
32352
-9938
18653
523
-26191
-9180
19166
32715
21860
13219
-6945
20678
-7089
-20419
28986
-25131
-20714
-5793
28577
817
-7914
-27107
-13872
-2959
-7215
-7410
1192
-4610
-13183
-13003
11439
12283
-5828
-26158
6810
29213
4059
26356
4647
-9569
-12482
10474
18057
-16259
3627
24416
-3848
-31662
-5035
18245
-22965
7751
19363
32310
-2837
-3798
16421
-3114
-29432
3230
-30598
5103
16327
-30799
14036
-465
3037
-30531
-19267
-20537
-29262
1628
-27426
4357
1263
16139
-15465
-25305
-26744
1219
7984
3994
26371
11133
-15091
-4753
11831
-27483
-30597
30064
13861
-25581
24359
11694
23103
-27703
8738
11769
-26614
-2823
14523
-18632
3692
-10660
-17236
-28990
27577
26091
17616
-5027
-18526
-28107
-375
-9004
-1617
-16672
21925
-32717
-28981
-20515
-15244
-25627
2703
-30188
-18517
3970
-5688
-26156
-7829
-15952
3317
-6851
-17800
8633
4416
-7630
6839
29338
26471
-32645
28957
-9436
-29611
7973
-11440
-15535
12655
11197
-19719
-11771
5927
-29606
30233
-27259
17303
-10534
-13279
-12029
-13066
-19438
-11417
17590
-29009
-1876
12105
958
31954
-21045
25999
-28210
7813
-8553
-10122
11394
-6575
23858
-32115
-13840
20790
18596
-21488
-30145
-26658
-2069
-8973
23807
-23587
4000
-20667
23093
12296
-8612
9036
-9801
23874
-17400
-30802
-2942
-23779
-20828
-29093
-4326
-25775
-502
-3788
-8470
-22186
-20679
-18294
30027
23872
19610
24782
22980
740
4557
4023
19132
-30372
-8431
-31266
18097
7158
29199
23783
-3375
2881
1530
19426
-11789
10015
20351
12272
-20014
-27461
27060
-23446
11988
9663
-9276
9517
-20720
15595
17509
11583
-8002
27428
18034
3066
19575
-6525
-1281
25076
30399
6314
8053
-23202
15951
-27527
-6261
-16098
-27615
8592
-6002
10028
-16742
-18437
-24438
-15735
-18166
30725
-7095
24888
-1374
-669
21929
-9218
15357
25101
15703
1491
-26758
-31397
-6808
-22061
26514
31588
-31705
1819
-23845
-3673
9056
-26562
3385
32144
-30091
-10737
-14185
3582
7644
30488
23668
2430
11906
31006
-30342
-17580
-29163
9970
21746
25325
19202
22189
29264
-12093
6597
13521
28496
18937
-22577
23834
-3599
3615
-4677
23660
-27518
28947
24961
-22859
-11086
17694
-17257
-7777
22134
3049
6
-13564
-18865
22790
8293
3981
-13309
-17511
-29973
17451
9501
27877
11437
22286
11288
2747
31300
5396
-4616
19447
-32319
25936
4455
-16437
-4072
-6140
4665
16574
-8544
-16597
21652
14410
-5199
23693
5030
23657
29654
-16438
-6737
-24533
-7113
-13492
24923
11124
-3233
-8349
-32134
2973
-31255
499
21887
9601
9956
17255
-19724
12726
22726
-25292
-892
-12421
-29704
-26544
-17864
-10176
-1525
27332
-6960
18842
-19294
20575
-21430
-30505
18200
4857
-9889
21227
26748
-7600
-25406
-16870
-14022
-9235
17639
-20278
31265
-28044
-19538
25546
-32314
-7074
-27246
16220
9696
-15506
-4941
5073
21012
7573
29186
31302
-14620
-27431
-5857
8410
-12066
-15571
1811
-1804
2211
11258
-20489
5825
-30623
-15268
22004
26303
-25116
-25336
-12875
-3379
-18595
10181
-8777
555
-15550
18685
1389
4637
-26496
-31028
-27640
-24671
8189
10533
13682
-4557
-25133
-16166
-30374
12495
-8865
11854
19807
7982
-1079
30862
-20325
-16278
-29054
176
-14409
-18164
20433
-10211
19384
14169
23246
-30653
-22754
-6779
-13017
-9396
-20733
-19508
-31639
8356
-28095
-21760
2675
-15692
-26599
21635
9500
-15796
31745
-20485
15929
2412
6373
-11491
-15345
-26582
12091
-26931
-16968
28353
-9270
15538
-14321
13179
30890
30691
645
24922
5010
-8845
-6399
-24631
-7308
-10810
-9790
2798
26200
8377
15239
-30176
-26973
-2716
4864
17777
-20004
-15803
-25142
5258
-2010
20399
15512
-27415
32466
-5208
-17546
-19202
-11352
29971
-9814
32385
9110
-9727
-18038
-15
8123
15549
16868
30093
7864
-6066
25378
-16000
17726
4644
-30900
32403
-15685
-22208
-15267
-14354
-9350
-16917
17916
-30320
-2816
-21783
-6479
-2241
375
14237
-13617
19520
14320
19170
-1739
11319
-19464
-12808
20834
26713
-1681
-4780
-20778
5860
-22645
-2418
1217
15566
-6755
-26402
18679
-15870
17583
31309
2539
-22664
32522
26921
-26752
17763
25385
31760
22750
-19179
9029
30719
-20717
24415
2328
1757
-23396
20968
-15648
16289
15488
3586
11631
-30624
-31818
-24130
23443
-27760
14763
-14936
909
764
-25465
4788
22949
17792
19760
-16285
-10583
5206
23275
20253
-16898
4826
27630
-17283
10603
-28141
21788
-25058
24121
12915
-27522
4239
10871
-7882
-17831
-1557
-640
-9161
1415
2406
-29284
12018
-29010
28580
12661
-16096
-25967
10600
-28206
30416
10247
-32562
-3593
-2340
10123
17383
-12769
-18733
-5965
-22319
16690
18274
-14481
-10504
13795
-8294
-26819
-3102
26599
5304
23892
23170
-17106
13722
17054
-15433
4192
914
-20060
-19979
-21228
-7404
-25134
-22374
-12282
31798
-15895
-27310
-18114
-17150
32106
28242
11047
-17712
19168
-26836
-20416
28381
20106
30021
20780
-12950
2198
22107
20684
19925
-16624
-4937
23413
4399
-13953
-12043
-30262
21553
28592
19138
-27451
-13185
-22211
-27617
31884
-4643
21790
-13204
5791
7901
29940
17315
20228
-31524
-25634
-31853
-2529
-24780
-29737
-19593
17290
4049
-21491
-21721
10447
-8100
-1674
-10666
-23665
-24211
-1886
3424
-2507
-7989
-25434
3043
7816
-32574
28995
-21077
-21196
14042
28183
11169
6502
4336
-14840
-10872
31810
11371
31508
-30282
-28948
-28664
7787
-15634
-14014
14979
27488
31314
-26054
12735
-17979
19855
-31444
-679
24784
-28984
-26091
17972
24355
-28002
29332
31513
30568
-20836
-1349
17795
26712
-21530
4800
5778
-24901
-2328
13224
7317
-11830
9441
-14748
30516
-13565
19677
-3650
-13490
27095
-6594
-7178
13358
2687
14664
-30785
144
-21993
-17798
-12818
15292
3596
10543
31447
8772
1917
-29901
20945
-29356
-22605
-16588
24150
12925
-6378
9414
20059
-6836
-30023
-29682
16331
29082
32075
-19062
-26236
-14497
2575
29328
-6185
-16548
27714
-11128
11126
-7465
26835
29120
22070
-27599
-17367
-8031
14629
15236
-11007
-4660
-25128
-21080
9717
10276
32585
-14244
10179
9624
-31030
-8834
29018
-11261
-7617
30800
1036
-16451
-23134
23346
-9233
-1704
-18572
-27397
-11978
-16093
-18316
-27240
-20061
10142
-24093
-17921
-10798
-20213
-28396
11218
-31611
-6409
-1280
13053
-14865
-17684
-10858
-3853
-22241
-29844
32156
-19219
30337
-14796
13294
-24613
13890
-11292
-23513
8635
18754
4294
5838
-26421
20058
2799
-2109
-27613
-18718
-29024
-31425
-22280
-20676
-17983
24806
21739
-21313
-26649
-4736
-1498
19532
-22023
-32008
-18877
-24458
-28503
22063
17938
29235
-16944
-27659
-4846
-14585
-1205
-7901
-21396
-14926
-494
10985
1904
-23017
27718
-3833
18246
-16398
727
16930
-31777
-13816
-32214
21247
19199
17820
-19786
28704
-32165
14327
-15115
-13089
926
-18919
17399
-8390
24240
-24173
9076
-2954
-17018
-20690
-5555
-11237
-31952
6160
23730
10598
-4803
6635
6980
-73
16858
8215
-32238
9770
11795
2513
18746
26542
12329
13097
976
-8191
-27678
10003
-20251
28880
-24929
16890
4902
-147
28557
24686
3552
-25955
27611
29796
27319
-13733
-6770
4126
10715
14908
-7401
17110
9826
-31062
17513
-9443
18744
-20696
-24537
-11426
16449
-9743
28107
15200
14821
13215
-24329
12595
18416
21169
-22274
22005
-16912
29042
-22085
-22470
-14426
6545
-22920
-30150
-1733
11689
4449
4782
19781
-14113
30525
5971
4175
-28562
-842
-11864
18593
31866
-26437
6915
6301
22277
2310
-16059
10158
8932
29801
-29719
-26535
5796
2791
26590
-27596
-30976
11725
-16197
4447
-3985
-14097
-26811
-26483
-7788
-3092
18852
-15370
-8515
-1375
17602
-11621
-7969
19273
30240
-28907
31154
-21997
-26543
-14603
961
15283
8155
-12193
6031
-18649
17025
-16442
26035
28918
5369
26016
-18606
15238
31654
-20544
25955
28041
9356
-26446
-28058
24581
4565
-10048
29311
-26242
-13391
4177
18209
-17804
-5611
-9471
29427
-14645
-5183
30861
-13389
2960
11013
19842
4844
15159
-20122
-17449
622
-12743
22144
-6415
-5335
-2654
-30685
-15631
20473
8546
-23743
-13135
-32255
24284
-20813
-8087
-6009
-20653
-31820
-11364
-15689
5734
26266
-24668
23625
15551
-947
21483
-8506
12150
-15931
28607
11072
32714
-29302
-15179
-20065
15104
26121
-20706
-16465
24615
14217
2619
31024
-1201
-25747
3932
20289
-31844
28096
-32410
13438
-12809
-17674
4813
-22057
-28755
533
7570
-15324
11159
-4056
31950
3547
27539
26066
25525
-43
8246
30745
-24319
-3303
31955
-15757
-3458
-17503
-22991
16627
-5107
15303
-4208
6818
-15694
19488
31479
-5663
12624
-11207
6637
-26979
31361
624
-25496
-18312
23826
32164
-26586
8098
27682
2934
-1412
30556
-21220
-30180
29219
31772
17464
14040
16826
-29053
-4176
30482
3176
2457
-6956
25503
-22705
-30738
30322
25683
18572
27629
-31300
-22296
-6154
-11852
25777
27947
5209
-3979
-32732
-31533
12818
31887
-31723
7291
29853
31690
12261
-6529
20199
20057
-5206
-30380
18111
-1856
23266
-30723
-22184
21329
5484
15992
20237
-22892
-5442
18109
-15150
28615
-23349
28429
-7032
-11800
21556
-9713
-8954
-16709
1788
12516
-12463
27415
-7107
-13621
-1368
27505
-4719
-31478
-15006
-16950
19209
-19326
-5517
5582
8254
24553
-26900
-10664
4577
-2182
-25778
-32615
28321
18972
-26595
29290
-19576
6513
13490
31014
580
-6660
4351
8563
-22970
27298
-4663
4953
-29640
-1087
29191
270
-17303
-9373
542
-16104
-12188
9477
9723
15706
9447
7182
29151
17341
16012
24176
18770
-716
27686
-3487
14118
10319
32219
-23635
23504
-16169
-14732
27824
-9432
-741
9090
23558
29396
5870
17960
27742
28522
-30628
-16770
26897
26205
27143
922
1876
6022
-5566
8779
-17631
28516
-21556
-4948
-7792
29080
-24282
22086
-13159
-28375
-25059
-19111
26172
-31023
-8412
-29219
-16280
10772
25902
-8270
32208
-2110
-15985
-21908
-17651
22394
23789
-27389
-31534
23584
-5955
-31183
15221
8955
-30232
23866
9674
-5815
20019
-19535
23465
-470
18890
-23900
21996
-24397
9971
-8638
-17615
29256
8435
15895
777
1086
-11748
16973
20662
6275
-22540
30165
29693
27314
322
29899
-16708
26614
26273
19678
-2431
6137
-13857
18872
24842
4475
-29937
24569
-12952
-3246
-27252
-4565
16315
-31003
8928
18859
21744
-9762
-31539
31303
-22480
21160
-24041
20111
-21291
28210
-12196
4394
12245
-19721
-25825
4069
-5969
-28991
24354
-15668
-29282
11380
12926
10209
-11373
-26923
-29903
8809
2209
-12163
7205
16050
-32133
-11907
-6094
7047
3651
30284
8695
-13709
-5531
30886
916
-11850
4984
29403
-7851
30125
11090
-455
31103
-18942
21987
-7318
32250
-2322
5251
14899
19136
7850
-20781
7590
-13151
-15479
-22854
-10828
12586
14053
24092
8295
-13738
-13085
-1931
26262
-768
14403
-1546
-5186
27866
16500
30089
-3081
-21517
-4700
15170
-30979
6193
-15290
15997
5730
-27974
-1599
31230
-27491
-7544
-24170
5954
-3688
6965
15136
15690
-20400
24616
26395
21176
-31070
12461
-2811
6779
4543
-19771
1071
30598
23761
-3624
3564
-9665
25149
-31000
21994
-10674
-31676
28324
17032
9637
12014
-31335
-23878
6184
-24536
-6532
-19787
10893
4961
4381
25057
-3947
16852
-21725
11507
-14689
11670
28738
-4251
-20228
-2685
-12859
10492
-20434
23683
-32688
-16733
-28304
2341
-6270
14586
11525
-14076
8068
8787
5737
-21748
15478
-23006
-20409
5034
-12644
-14853
-26009
-6063
5041
-14204
26495
-8442
2839
26102
28384
-19255
22506
26988
-10369
23138
5890
-18042
18157
-26203
-30780
-19684
-16627
3428
1273
-4622
8230
13991
-30365
31618
25774
7441
22894
-22831
-6121
-21826
-4387
-18048
-16684
-22424
-19695
-17454
-26272
-31717
7523
2572
-17722
16840
-8840
-7531
-19491
16204
-31929
-11957
6011
7522
7477
23706
-1147
3008
-31970
5413
-29296
-27936
-25936
18273
-27082
-13954
-25715
-27103
-22177
-32168
20258
-4404
21294
-6040
21401
-5753
-589
-18206
7160
19913
31234
-31560
-19655
-15857
7656
-19295
-16662
18916
-29206
-2202
22238
-27427
12110
-12466
8390
-15886
26388
6739
29259
-26450
11495
-28295
4191
31308
-26622
20299
13806
23097
-28310
-26050
-32294
27839
-19567
23727
13049
23653
-27390
-11166
-27414
-24446
-28220
-15120
-21666
-4681
11917
16701
5248
23577
-18431
20216
3377
-16633
354
22281
-12290
-12344
-10695
9488
24225
4389
-21489
23278
11731
11143
6791
18184
-4504
18327
-27717
30607
-3342
-13715
-1601
18710
-8513
-16226
-11345
-27751
19623
11883
-8868
-16602
27568
14141
-5600
-22137
-29665
-15752
-2454
25987
8196
21510
14846
-32066
15685
26473
-22889
-16294
-7786
-13161
-6562
-20825
29946
-27098
5171
-4044
-15156
4469
-28322
32187
-17074
-2455
-3131
27078
10256
-29890
19596
6510
13083
23015
-11506
-27884
2020
-18244
11555
16860
22442
4624
-3026
2415
-1221
648
-26797
1279
-11629
-28640
13712
-7730
14718
-14800
-20726
12404
-12472
-32533
-28802
-18291
-27966
7034
28065
24088
-2741
-22962
-20477
6135
-21034
90
5573
16059
-16831
-30029
-105
-12278
138
-32745
23034
-27285
-25254
18701
-25895
13815
200
13923
-449
29255
-28769
11301
-13868
8790
-13714
7929
-32451
-20956
-20258
-27539
-28359
-15203
11217
-666
-26700
1622
1124
-16530
-32245
19721
-15473
-15582
-14621
11157
4714
-21924
-26087
12727
-12725
2321
-9907
-21659
20293
3341
-24047
-3609
-18978
-14821
-12117
28863
8792
12557
28901
32633
29754
-18200
24768
-32464
18977
17231
-10340
17660
-22842
-7557
23540
4194
20345
-31945
11915
5287
9394
-6904
8407
10995
-30221
32641
32434
20212
30135
-3830
-31292
-13503
14935
-19276
26813
-412
31017
-13318
24100
-12958
27643
-7495
25316
28930
-14548
8905
-21741
4496
6110
32404
-241
21215
-1845
-31465
-28196
-1120
-14737
-32125
-26984
-14966
-17626
-15039
8136
-30037
11331
24989
13754
-17398
26325
6917
4689
27418
9876
-24072
-5920
22397
23091
7640
-30786
-1338
12195
-20704
16048
-13622
11008
23589
14980
-27794
2826
-2374
-31245
20369
-16486
8511
16747
-2154
17693
25420
-8866
593
-28405
988
-15804
-29466
-21558
14822
-16102
18589
-9002
-12980
-3149
-6896
-22875
12249
-19564
-1248
4368
-6178
-2251
11958
-16737
12616
17485
-31105
7960
16105
27386
27602
-17906
-30807
9224
-3309
-9861
29539
-2348
-8451
10818
-2590
-17197
7678
-924
238
-25171
4335
26493
8876
-28996
2736
9888
18135
-3180
-23554
-15375
8313
18441
6940
14558
18123
30460
-5861
24144
22452
14374
3064
1356
-25621
27496
13833
-3214
12704
-32018
9451
19355
-25838
11929
-12601
-5114
-24950
18864
-29170
26787
-1253
30706
18068
21293
9510
-16581
15027
-19648
15281
-2854
-10728
-10982
5254
-32020
-11229
9652
20914
-2327
21264
27214
17322
4627
-13334
20799
-30226
32386
-29489
-6351
-21240
1845
29969
-5062
-19014
-15542
-659
-29458
-24960
-12718
11438
-96
26799
-14187
-22554
-5950
28895
2143
15321
6050
-21154
670
28587
-26721
17548
29283
-2712
-2489
437
27787
-20843
14280
-14616
30001
-7443
14268
-19888
5376
30687
22556
32348
-20173
22729
12617
-7637
32688
19786
-13377
4225
2363
-27348
-19699
20053
-15394
-26817
22147
24990
-23309
-3550
-20685
29162
7388
20530
-16980
-23240
19186
-26994
-19914
-22013
-20025
1820
-30271
16722
15385
-9142
25644
-26356
17419
754
-13156
12486
-3607
22126
-28225
1033
13069
-20808
-27085
12063
19785
-448
-20310
5833
24747
19388
27377
30897
12569
29511
-2546
15840
-10491
-14094
-26998
-23880
-20413
31458
-13529
-20028
20561
569
-5184
-2802
-4010
15020
-8968
-21314
-5754
-26229
24060
-30613
30468
31709
28083
-13988
-10063
30586
-12531
-32371
-26245
31427
-1513
22411
628
-19187
-11428
-23417
526
-20361
-14743
-15181
-24551
6171
22044
21690
-9778
-7403
-12773
17688
10406
-5648
19432
7941
2547
29930
-24653
-20946
29516
-1844
7814
-630
-6338
-32691
-18187
10362
-7546
23623
-21055
-21310
18998
21376
13995
9177
-30950
-13554
13568
27336
1781
6748
-3577
4013
16912
-12259
-18393
3021
13994
-30349
-1250
29842
-3707
5831
5642
32509
5275
18414
10636
8808
21373
-16849
-18073
26440
-28936
-18531
27980
32351
1169
-4497
-11837
-425
7572
-824
-31333
-26743
-3553
9187
-26141
2082
-27834
21513
-8257
-3202
20500
-14372
-21668
30983
-6117
-30934
-511
-7751
10757
3181
-28886
-31069
-24557
24343
24790
27852
30822
-12908
-12548
-30872
4939
29280
-30716
28876
-27393
-26480
22733
13047
-28609
-5980
20689
25436
-6069
-8325
2448
2070
-15088
4705
20907
-20162
2632
-17098
19644
-18173
9939
1423
-12455
-14208
-19560
-15004
-335
25608
-724
24860
-14369
6768
22470
19770
27566
-20183
20818
-11943
2604
10782
-28783
-10008
17273
28870
17926
18351
-2223
-5357
25729
-17937
24758
12877
-28807
-4373
-21420
23023
-327
22199
-22098
-15193
3659
-18540
29468
-2004
-18791
-26665
-26253
-3009
18687
12581
-11197
8949
27495
32514
19567
9827
-31421
13127
-25550
-11234
14136
11607
-8669
5050
-23423
10487
-29341
-3502
-7146
-9281
5629
-30026
-11155
-23840
25621
26640
-30928
-17540
12005
-15902
-29718
7886
16631
31721
28322
-5293
6111
-857
-24461
-11788
32562
6658
28678
9535
-29786
14792
-1136
16658
27579
-18264
8568
25428
-11599
6863
-31238
16104
-29403
12008
23669
14875
-10300
-4900
-5982
22121
-2963
15642
21145
31374
20713
21699
7633
5743
20343
30681
-21011
-31610
-13541
-25940
26342
6232
28275
24479
15530
-29986
-23913
14614
14404
25840
-15561
8205
27590
22212
27482
-11318
9421
-27173
-30478
26375
-28000
-4697
-20048
6966
5866
-25896
13868
16190
-7355
-29909
29661
5767
-25933
-3104
4759
15077
25929
1030
-19505
29137
29226
17702
-22326
30507
-832
3382
-23443
14267
24449
16153
-736
11297
-26928
13153
-2462
-5278
10780
3710
-4279
-14980
-24357
-25921
14025
12782
16229
-7111
-15495
22363
-10755
11562
15897
-23067
-14021
-25223
-19734
-24338
-27185
-12805
25903
25766
2077
-25209
21671
23893
-13676
26782
-26419
-880
7952
-12709
22235
-5668
8664
25625
-13105
20233
5623
24536
8427
22639
11683
14577
9647
-15073
27881
5779
30841
-14429
-11515
-7561
14888
-31943
-24147
-27170
18940
30515
24995
-9109
-20954
-12697
10654
-13114
28391
-25427
24958
-7951
-24591
-5025
9087
-29750
-17535
-19496
16226
-16757
-27179
-23407
4331
-8629
11338
-10081
26211
25045
4047
-30486
29330
-23563
-24811
-27094
-5175
-29936
-21965
27511
12268
-11721
-10993
-21841
27341
23969
16567
25537
1310
-28615
-31912
-21699
12878
-8730
-1515
20423
-13452
-30826
9942
13724
-22978
-30760
-28610
-8924
-3958
6016
-24577
-9839
9661
12526
5934
-17852
32308
27627
-31108
4077
-18162
-6758
-23666
-24069
-14042
10784
16681
-16393
10881
3767
23270
-30144
22206
1506
-26312
-4338
-30230
-30688
-6041
-23722
-3907
10304
-28674
24666
17034
21107
-14388
29638
-29265
-846
-21438
-2033
-32505
-28914
20163
-20923
26472
3464
20608
9849
-32622
-2102
-17763
13253
18442
-22582
9743
-14766
30163
-23479
25186
9690
5286
13936
15578
-22453
20544
-19230
24301
9928
-514
18932
11074
8032
9246
-1153
-22557
10753
-27742
-17935
29094
25010
15443
4189
30866
17859
20178
15852
11385
11145
1237
-7765
25820
-16377
12208
21255
19712
18238
-30162
-24354
24143
30144
6878
27865
-5744
4534
-9385
8850
-5824
-18379
-14461
-25860
18103
-15087
-3526
-12222
31706
-21497
-3800
-22849
-16553
11023
8976
-1881
23043
-3145
-5617
18513
5464
-25606
-1430
14550
-21904
18419
1098
15798
29789
14794
11547
28341
19
608
-15743
16401
-29160
-7992
-27207
16299
-2384
-32480
-9799
28000
-14456
-6811
-23602
5190
-12676
20964
11462
-19126
-24681
3782
-6119
-22906
-7926
12906
-2305
-4207
-13052
-18599
9650
549
8750
14093
17446
4562
17332
-5775
-7228
-26152
-22271
-29091
-7585
-19451
19326
518
-4046
-22112
11482
9610
-29661
-31004
-4
18365
-15342
-4674
-8498
-8728
24787
-11646
18708
3057
15757
3816
-30079
21186
-29797
-7165
-28875
-5288
-7523
32283
-2134
-10981
-1240
-21766
-21247
-9311
-31189
-31078
-1964
-20510
11441
-20295
-25540
22481
7559
10391
27210
6838
14251
-32624
30206
-20319
-4539
21736
29574
25066
16417
26910
2095
18836
-30166
16823
18004
24911
-29148
14050
-7480
-8318
22139
14791
-20604
-5101
21122
-27763
10971
21898
-30511
14362
-11202
11880
-28625
10138
27081
13081
-25330
31322
-32536
-3357
-16340
-394
14615
-7857
15528
-8887
-18691
29959
-17391
28611
30083
3978
-9871
-12693
8127
19244
-18967
-10624
-27386
11757
18378
27401
-15076
-13778
-3951
-13249
24433
12341
-11255
-30203
19036
-23136
-14442
-14496
-4977
-16801
-1429
29665
-7532
20397
-7061
-17362
-19740
-6489
-31081
29673
-14556
30394
-26870
28367
30870
15230
-10304
30450
-3726
-3506
19664
-31098
-283
22852
5781
-6643
19496
-978
20372
28376
21932
15485
-706
9165
-14176
955
-5433
-12215
20574
27267
-834
-26536
-18642
24090
18267
1064
8172
-29580
-26123
-23765
-17737
-5147
-643
18979
31951
-16346
-11933
1607
3399
31423
1769
-21336
-4722
-20384
-1531
24974
-10072
-25272
-10989
-5315
-5160
12252
-22533
-4035
12916
-20582
17902
-2088
15618
-8243
1354
1803
13983
29033
-31369
-7494
-2041
-19254
1851
-25079
29222
-28746
17558
257
4380
-30042
-19955
-22923
28214
-26526
11391
-8886
27601
-2621
-16440
13605
1364
-18968
-25968
22528
-19431
-9013
3847
-7319
24285
-430
5674
-12065
-1505
-19900
-8379
-26391
6569
32657
31891
2998
24207
26746
29304
-12006
-9738
-1004
6396
-4454
11997
23554
636
-11987
25826
4895
-5359
25311
-15560
-12402
17391
4776
-15775
2771
5326
13222
21237
24072
-23463
20133
-1469
-16269
-543
-2508
19583
-7108
-1152
-16716
-31944
19296
16470
24598
-534
-1748
-10931
17601
-30893
-23929
26283
3077
-19474
27606
-27456
-26001
-19238
-15570
6901
-10706
-11710
-20807
-3032
-10228
15039
-19586
25226
-23769
28287
28051
-5552
-22697
25227
-19536
18444
-5230
-21349
-5222
24323
28972
9486
-15904
-18219
8885
-13955
-7690
20972
-4715
-1330
-10109
31799
-14366
17385
-27847
7602
4196
-6898
-10082
-3244
-7040
-6924
7129
-24414
-29287
9288
7376
-11961
12962
22237
29325
7920
12239
-11349
13295
-22242
-26798
-17023
24123
-14063
422
-10733
-6039
-12155
-20288
17527
-400
-10095
-13238
-29367
31284
22410
13689
-22725
12246
-23701
-29173
11021
-20393
-23229
-22820
27754
-31494
-816
22523
-8701
2185
7649
9319
-5459
5654
3527
728
-27570
-12512
22009
-9829
28073
-16116
-11754
11018
2094
4270
11660
20247
26943
1920
-27120
16675
27138
-29416
-24748
-17359
-12404
-13433
28965
-26667
-8496
-24254
-300
32599
-27128
29217
-24749
28202
-9983
9695
-32461
18231
19445
-19502
-2157
-12149
-16016
-22888
-32181
-32006
-16010
-24720
-9944
-21654
-29483
10240
-21169
1658
-17927
24934
-22707
8130
20470
11361
-976
-18520
12312
4437
-31762
-26068
8255
22934
7801
-20047
16447
1184
20301
-14660
15471
-8846
-1070
16036
14505
-14975
-4188
-22981
-20626
11567
14813
-29949
25259
28720
8218
11257
-28942
-26481
-8064
5958
22527
-28711
-24815
9958
2152
22518
29421
-23711
-30603
17242
12251
21685
-7154
-7314
-23247
23970
-17628
29170
14534
-14422
-21475
22437
-22570
-18853
-30391
31350
16321
22562
-20172
-117
1823
271
-29817
23991
9216
-20722
2426
17599
-29207
-23406
27498
-15072
27403
5722
-30087
-27939
-1829
9092
3070
-28186
13270
22579
24937
-1594
8503
-18797
16294
-26337
-21952
28697
25601
22184
13184
16427
-29776
20844
-13838
28687
10926
-10864
-31510
2808
30900
-3914
17365
-3558
-27586
8725
12781
4948
483
21191
-18444
23828
6276
21321
-24398
7059
27560
24481
14561
-6720
-26194
-9426
14587
16479
-15005
9463
-24071
-2862
32361
-18396
-14475
2084
7615
-15364
-4885
-3882
12493
25609
13842
-1325
-25829
-203
23127
25245
-14075
-16364
11163
18927
-15914
-23123
-23290
-11803
1583
-17066
-16756
2334
-31212
4715
-8825
24039
28584
-7721
-15607
-9304
18637
-6111
-13962
-13960
-17115
-22878
-10925
21100
-30741
-17206
-7583
5139
12675
-1432
26858
-31941
-19920
-21688
11532
14299
12396
-32284
-11885
27326
7011
4540
9282
18397
7191
28617
23205
-16236
-18009
-9363
31794
344
19926
23145
27871
8022
-14573
-5743
-23898
29694
20435
-29488
-32266
4456
-939
5081
31890
-2900
18235
19038
-19321
390
-6507
30198
29868
-1607
-8139
31739
5348
20747
-4745
20888
-6189
12161
14022
21659
246
25497
-25984
-1689
-29706
2215
23411
11419
30563
16273
-24521
-2476
-27214
6533
8320
14909
-17565
-20261
-23721
22390
-29629
-1442
20139
-18591
21587
18830
3637
16624
-24907
-12283
-20894
32721
-28779
-16875
-1115
21385
12168
28335
-15422
24765
11538
21594
25880
32030
26661
-28539
32445
27603
21447
-13198
-17408
6792
-14946
-21498
-23395
-31822
19757
-11974
-30098
-4827
-25584
16371
12541
23909
-15321
-30602
4076
28779
-29373
2275
-22578
-14171
-32755
23631
1765
-1137
-5981
12089
-16526
20533
30338
-205
19472
-2493
8393
-20520
-11947
32615
12625
30996
3653
-26989
20252
21492
18253
-7430
8646
8948
15084
26619
-4959
-28473
-15932
29923
20520
28848
27396
-8005
6116
25401
8471
25756
9468
-27965
-26714
28816
12381
-14415
24609
13737
4213
10989
-7071
-15154
-27293
17476
23044
6191
19924
-24672
-24763
-11897
21984
-12863
-28164
-23197
17389
20219
-20986
24572
3448
3600
-21724
17370
29606
15887
-19019
-4053
-11583
-14931
11614
-6209
-25149
-21637
2443
21359
-15158
-1655
24470
-17568
8768
-4956
-16430
-14745
-5373
-7135
21912
-32196
4065
-7468
29145
-21973
-23326
-9209
1990
29569
2860
-31677
-10562
-855
23080
-8330
11261
-30453
18776
6059
-27777
-9145
31364
19591
20268
25696
-10316
-14795
-31664
15640
-26964
-9273
7636
211
-14628
31893
3457
-12233
19111
-17960
-26949
26099
3391
-16593
-22929
29291
-28074
-27044
18935
10558
15477
31436
20052
28172
-21067
-28231
-12962
-20154
25593
22380
-15672
-10831
-18973
-19173
-21850
-6241
-7892
-21131
-11147
21771
32700
2849
26318
-21136
-7358
-14417
4207
8258
-2233
-26420
24179
17111
6066
20468
5054
-30607
22992
461
-13143
17577
-28743
-17844
10064
-31391
22288
-24213
2405
-28485
30185
24042
-9384
18956
20392
-25215
8229
-2146
10121
-3457
4589
-30419
23371
8934
-13054
13366
10934
3877
-31093
25547
11060
32675
-28645
31243
-27661
-32447
9560
-7688
27953
-18736
-2875
-29868
28180
-6783
17761
28702
14446
25747
7762
-15033
7405
-29851
23745
17895
-12035
-2719
-23026
-5650
-32616
-28171
20911
17992
2709
20525
-22723
-14154
25471
13118
-25865
9802
-23608
26062
25816
-18887
2311
-25731
-27715
-13208
1115
-20000
-2921
16293
-10277
7919
-12494
26958
-11088
-25413
2144
19516
-5319
31349
5374
29505
-1612
-7190
-28258
18901
30707
9193
31827
30635
13822
31352
-5899
-9250
32217
25862
-25495
-18684
-9957
-13656
-15835
2692
6519
-9562
1328
26549
-11996
-5167
17681
-24121
10206
-16491
4536
-3352
19639
27942
18435
16668
-8585
6269
-30706
-13141
6357
-16913
-24363
22419
-22020
-16774
29561
15087
-32738
-11525
-32073
29251
-20411
-16939
6317
-9419
16215
24080
-17634
10129
-29734
-9619
-12477
1695
-15509
-13344
-9630
19901
15301
-28390
8998
-29357
22141
10712
11742
-14132
-15783
1580
-8626
3993
-2255
5233
6443
-24743
20776
18510
8376
14726
14098
-11874
-14614
7652
23009
-31016
-24990
-2271
5790
-16127
15532
-20665
7834
-11436
22048
8536
-17895
-18389
31200
1732
25050
-16775
6740
-1965
-14223
22704
-18152
20451
19622
-12942
-23166
-19001
3634
9024
26934
23395
-29729
-30957
-19080
17933
19376
-2213
22953
-15616
16168
32458
-28179
26427
17055
19060
6045
-15780
9490
-19099
31124
-28731
1104
1065
-28425
-7847
-7315
16233
19027
-10888
24675
31539
-21201
28558
18492
23867
-15475
25157
-9294
7580
-1062
-1234
12188
-4098
1428
-17997
6710
24641
1167
-10102
6156
20182
-772
17653
8088
-16720
29410
-25689
21567
-13725
20456
218
14535
-1912
-7798
-30506
-24358
12881
-12223
12862
16125
-1980
26073
-30778
21598
-25140
-16587
-24512
3020
10569
-8467
12552
-9673
-28542
11787
11779
24507
-21913
-31843
18409
-4589
9557
32752
26446
4484
-26824
26964
29684
-16908
-21621
-14043
32567
-10206
-30463
18206
-24649
-20512
-24288
-29099
16586
8973
4578
27181
2549
-8689
-13190
-1010
-27922
18360
-4235
-10920
25491
25493
16878
18411
-25072
-7647
-18844
-6842
-20635
-3209
14221
19477
-18849
-21155
16854
17901
-195
-32045
-26448
-3291
3028
-3360
-4074
-13711
-14789
24848
-14275
-3612
-16964
12080
-4028
24443
-20442
-7
-25201
30208
-19775
17386
-10760
-30386
17773
10665
12643
10716
-31007
-25243
-32361
31044
14502
12429
31055
21314
-12629
-28064
-7952
478
-12414
6426
15325
-24724
-9848
10010
-28097
-20163
-18080
1760
25136
19927
7507
7373
10625
-22785
-20348
32451
-19335
-7433
9947
-27109
-17877
-19147
30111
4923
7480
-15251
8938
15054
708
13167
3870
-29643
-8723
-11315
1739
-11832
22840
-24758
27869
3404
17746
-32510
17369
20546
32442
-12979
26259
24329
-22000
16713
-16155
-13625
-27702
26391
1414
-21010
-27097
26221
-22363
13776
-15151
14699
-11035
18339
19437
-8759
17037
-7613
-2258
-16210
19252
16109
-899
-4267
-14416
27874
-19592
25496
13627
31464
-22802
-7345
-18192
13583
-9559
-15703
27395
12714
8800
-7002
8756
28240
-3709
-1358
-15936
-6065
-20860
-11656
14803
-14266
-29318
-9402
-15219
21765
-27969
27400
31804
21423
29563
25981
13000
-11211
14832
-29434
9337
-32728
5064
-26135
22839
-8958
1639
-22488
-968
-11773
-1782
-3750
-4165
-11121
8300
-20891
22573
-30443
-2257
28950
-204
-9803
7409
18443
-31203
-12347
22988
5240
-4689
-938
-25052
-29340
-22091
-18467
-24508
-787
-20883
-18466
30911
-14412
-1867
-19506
14926
-28253
2818
558
-23384
-14359
-14242
2944
-28329
-31385
6216
6270
-31334
7238
20137
12176
29424
19171
9268
-25633
13072
-26462
24580
-14184
-23678
25024
-6424
-3064
6437
-3597
-32671
-1783
26721
-8063
-24982
28497
6514
14418
-5152
27699
32251
-12359
-28160
-21393
11395
27426
-21026
2210
21240
-16172
18963
-27231
-6439
27569
12419
-20999
4933
8067
-27594
8605
3958
14433
25192
12559
-7394
869
-407
3108
21783
-18443
-13508
19229
13892
25150
-18354
9284
21876
3344
22090
22645
27830
1578
10323
-17859
-29032
24288
21181
-27045
-5549
-27498
-25725
26348
3339
-14379
31823
-15945
-21221
-27247
13637
-29186
23050
-18309
2049
-10581
-14976
-2198
-24569
-23661
-26318
-13679
-3175
9562
-20227
16075
2221
2535
6503
18791
8802
-19906
22681
3387
1834
-6855
-12756
-9064
-32034
18676
2637
-31156
-23816
-30924
-368
-25678
10931
-25078
-8065
-15236
-9073
-16788
978
7692
22944
-7782
4138
-32244
-31409
14241
-24887
-8785
3633
-3904
10464
-3290
-18727
-14635
32154
-6295
30679
17611
21273
2035
10506
-14381
-26841
-26430
-9357
14981
18585
-32557
29104
20134
-21722
-22357
28104
7562
26468
18611
-20688
-32706
-8231
-3388
32057
449
20724
17367
1013
-14146
27872
-6958
11829
-5441
27761
-10265
8307
30439
-15173
-6019
-7833
32579
-8609
12051
-15814
-26056
-29597
-19633
31767
21103
6648
8074
-5174
-26755
26524
-31986
-15963
-21578
-19751
193
-28554
-28639
3148
-7120
27911
-14703
-29701
-24054
18484
-7078
16512
7007
-14136
6743
6983
-27577
18526
-23691
-8170
26310
25017
28610
32268
19182
-19949
-21700
-9666
-30243
-16128
-28393
-7073
-22663
-16136
6046
-4079
-3787
32017
-29150
25763
-884
-26241
-27083
-32327
-6447
-23233
4084
-3828
-11365
14258
-7933
8043
-19674
-21574
-13934
-25712
13944
9549
27596
-30968
29722
-24714
2136
-27457
13317
-30213
22014
31672
19844
27291
-7616
10165
-3385
-15199
8604
9320
-19956
-11130
4683
29194
17906
-1307
-12825
27757
14833
2337
-11647
28256
16587
-12182
-10029
-20455
17655
10379
-26679
-28488
-868
-19855
10347
26344
19016
-23187
-25314
18778
-6403
-26547
24560
14128
-23276
13139
-4269
-16549
29457
4610
-3854
30775
30951
20431
-18598
-297
-15046
-18126
18736
11778
20585
-1433
-5385
-12044
15727
1484
5043
20694
29320
-2643
-19123
1688
32497
9780
7481
-7151
19632
-5954
-12303
-25202
-14992
25582
-6030
12903
-21715
-31263
-12484
23780
23036
31718
-31297
-22082
-11247
-12891
-2715
-15245
-26791
10134
-238
-30504
-32116
4790
1011
-27322
4025
-25840
29331
-32456
-23605
-27624
12096
28792
6168
-8937
25800
-26311
-25455
-14899
15180
-30611
24456
-30618
32545
-14709
17998
12612
25239
12813
-25217
5725
4341
24525
-32080
9814
-17444
-25046
6778
-17701
-21002
-6782
-18343
-21581
-2077
-24164
24452
3811
1775
749
18775
-30972
18304
23074
-30242
-20865
300
4754
-313
9235
-21784
1305
-19235
-13305
-31349
-22475
21248
28956
-29658
739
15320
-18238
-22133
-14878
-6366
-20534
3259
6505
-20478
-24582
-23514
8872
14291
-23077
418
24840
12352
-3393
22627
-25631
-27048
21193
-15003
-1093
-16031
16088
9409
22918
20775
3258
-3008
3343
17440
-3523
-18315
-18281
-7503
-22237
32087
-5374
25494
3617
-2589
3192
-16544
5414
12923
-5262
-17999
-30313
-5808
-1045
-25374
32048
-3383
7782
-2695
18909
21436
-22106
-15781
12513
-22759
21443
29187
31566
-30848
16765
-31772
6141
15332
27307
-1371
10540
-20654
29557
23809
6516
31960
9678
-17652
13429
-2312
-20453
-2434
-16666
-12459
80
7490
12226
29813
-4953
-19191
31354
10601
-25083
-7026
-7128
13585
7976
-562
5199
-5248
29044
-9083
15158
-29386
15770
29394
-20359
-248
24962
8999
-13653
15374
7451
15316
83
