10000
-4226
112
-29895
-13524
18119
-10864
1734
18636
-26264
20351
-6838
20456
-16785
-28447
21798
-1067
-23251
26230
17769
-126
-15746
-31436
17429
4906
25415
29713
-24964
-8289
10959
-18260
25686
-5301
-24138
20813
-22509
-26527
18925
8405
10992
11769
25200
20840
-24009
-15492
-31632
30122
-16679
-23140
3726
4575
17532
-927
4271
9841
-21632
15265
22970
19054
18860
-28603
6781
-22023
26304
-27039
25416
-7442
26430
20966
14960
-14729
7660
17034
-17102
-26121
-9046
-26989
-29246
-26709
-5194
-15056
22560
-3024
24666
-13276
29658
11270
10333
11549
-6995
-20259
11503
-15617
29050
-20602
-19692
10846
-27837
6912
-5113
28393
28051
-29646
-22779
-18880
25842
21667
-27806
25057
-2777
-22112
-22479
30897
-9416
-11146
-10818
-11382
23619
10955
-22765
19164
-9555
-26993
-11403
13172
13573
26093
-16410
-18993
2024
16981
3934
-31209
30867
-3811
5468
18138
-26141
9333
-31455
28962
27299
3851
-21750
-10054
-8646
-2123
29556
18604
32554
-512
16239
-14368
-13561
16535
10690
15955
-1441
10635
-31832
522
-19027
-19117
28197
-12466
-2569
-19535
-32024
9102
-7359
-20315
8815
-30427
8598
-5376
6607
-15451
31061
-19761
-9150
20944
-20710
-29987
-22569
18309
-15317
17875
-2270
-22213
-24276
-12926
13331
26721
10810
-30503
1758
11054
-9343
14100
-28602
-14981
-17601
-11089
-16649
-21698
23874
24876
-25484
8645
5608
2231
-6380
-2420
-30396
21322
-20021
6711
-619
-25086
-32342
32634
-24776
17459
9378
-2095
-6472
-1547
16210
-15690
23941
20204
25089
2114
25531
-4098
-22574
27031
-20814
-17082
-22462
16198
-13634
14152
-17271
-6998
4802
-29475
32134
10832
31642
-8068
-18938
-10686
-15036
2026
16710
28339
3775
10393
21187
31811
-29787
19734
22316
10758
-238
16044
13088
23193
-19706
-747
2468
-16926
28325
-10788
32414
-15543
1080
-11758
2395
13582
20129
-24483
22282
6864
-23537
26340
-15678
26925
-16862
20497
15472
-15706
26689
10962
4731
32016
-25497
14481
-23838
-3339
-24455
11005
-19582
6027
-6480
29321
-26017
25302
-27231
7403
-21748
14259
25280
17310
20678
22513
29605
-2656
-3019
-1246
10725
-11700
-14233
5584
-30840
8544
-5934
7840
-4860
16112
-8553
9770
-22580
1074
13196
27855
-19587
25017
21441
17139
-9333
-6490
914
28543
-24375
11442
8814
9823
28954
23454
24619
3845
-32276
-12992
-16255
-23268
-9279
-10753
-10374
27639
-22104
-21258
2879
2872
-17985
-6089
-4623
-12073
-24447
-2291
25660
-21070
-20924
15484
30835
22960
-11079
15392
30531
2908
911
990
-11680
5346
-13740
-4216
-3937
-8663
-10966
32244
-18882
-595
-13548
-13853
26082
-24948
30958
12035
31558
3033
27011
-14711
-29268
17959
20852
-24464
-22233
13192
28207
21289
14980
19495
-6725
27744
-10089
-25525
2028
14361
8831
16359
-2942
-5753
-15906
16118
30200
26987
15505
3614
-32635
21279
-17009
-28703
-16847
-1157
-6473
-5055
17115
7126
-515
-31302
-3887
4876
6001
-28160
-25722
15973
16582
-2239
27668
23268
13337
19030
-1397
11472
-2278
-16159
8380
-11827
23181
13942
-10537
-19805
31440
2364
-32675
15198
-13401
28757
1331
-19087
-7474
-27434
-13703
-23817
31051
13864
20848
25388
-11512
20799
6500
27162
-16240
5731
6141
14906
-27983
24591
31864
1462
-19220
-16317
-1335
-9981
30628
17519
-31296
28481
24262
-20777
-14267
1274
-2981
885
18552
21089
2897
-10718
-4198
-1014
24381
-19061
-1821
5882
32707
-14671
-597
30710
-28316
16132
-4205
-12595
22888
-20274
25318
-10559
-19500
20216
-18661
-29038
29647
27516
-14772
9303
28828
-101
-28481
-21587
-14531
3682
4253
-2561
-2776
-16801
-27774
21189
-28754
-2136
17342
24388
-20493
-14656
-9178
12777
-4296
18965
-20852
23908
19368
5656
-17106
21286
-3764
-13452
10844
-16870
-12119
-24380
4386
1055
-11489
26868
339
-7823
-8966
-17412
-16583
20153
19549
6336
-7031
10596
27650
15871
-18715
15477
-21926
8227
3243
2393
18189
32583
26024
2741
-24987
26869
14055
-27414
23866
-21851
17157
-21227
-32468
20938
10975
-23304
-7900
15161
31768
-3877
-16326
-2240
-20375
92
13451
9757
30726
26541
-22310
24114
16468
-22653
-20249
-21892
-14899
787
26601
5310
7323
-1818
-30621
-9005
12870
-22050
21827
-12609
22577
-9759
-24428
21266
3105
29672
-4779
-19161
2844
-5561
-12313
25459
32748
23986
29652
-23265
16799
-19542
23419
23754
-8714
-21261
-31924
-3319
-19521
9890
27559
-8662
-8645
12672
3833
-4038
-14218
21233
-16276
-28693
-30184
26285
-24834
21811
6204
-15342
-15681
-25100
10691
-4336
-9585
6605
14371
-22900
-27736
-11882
5603
-5438
-28897
-24345
-11502
-13975
-14489
26325
-24853
-6348
6705
31453
649
1708
-30718
-22834
-20581
-20750
-2684
26396
2850
-30025
-15047
24486
5921
-21435
-3360
4637
-12069
30275
-7023
12437
-9941
26310
-8123
11876
15679
5549
-3763
11941
-32592
16936
694
-14941
18398
-13201
-14522
32413
9997
18054
-14872
-12717
14699
-9029
31226
12554
8563
8496
13263
-1178
7976
-16717
14794
8484
26252
14533
-21345
-15059
-1578
2918
11214
-10168
-23949
13857
-20625
21061
9158
27020
-16364
-15314
-32235
-21600
1894
3867
9618
32252
-29257
17088
8026
12513
18468
19396
355
-30004
-6985
18897
6975
-10064
-18668
17740
-22000
16274
17804
1411
25945
-19887
-32129
26533
20782
-24584
-835
-10982
13131
-18502
-26286
-5888
4651
-18898
22402
-12975
19313
-22618
-22498
2612
-3683
26195
32470
-1491
-26218
17265
-19146
20565
-21908
-2864
1036
19847
-32530
-9039
-12113
8377
25018
19023
4145
-17216
-8837
13816
15270
10996
-26386
16853
14993
179
16418
-11699
-15413
26332
9242
27686
-22714
-20436
-31109
-260
-25515
-25733
-12687
-28648
-20089
-31450
-29322
-15025
-6902
7236
21101
-28672
24026
7224
-8528
18877
-20801
-16047
17394
-23442
-30507
28324
7731
20846
19452
1178
3482
-15876
2297
7444
-29648
-31050
-30417
-32538
20771
3835
4795
-28420
-15637
-13230
26501
6793
-603
10112
19215
-28395
15572
10945
-28527
-12297
-22602
22674
-8644
-13540
-3276
6774
4270
25122
-11564
27349
8913
1410
10107
-23894
-23438
-18856
29718
23146
25533
-5051
-11451
-20412
-29005
29344
26722
-9475
-2711
2173
-2917
-6774
29337
-14652
-27141
32594
4982
-26892
-31462
30808
-30962
-19167
6542
22093
23287
16108
22761
14355
-16687
-26056
-22311
32759
-26596
31069
-25130
19961
29200
23488
-16214
-13203
26104
-30318
-23811
-4834
-16296
30405
11407
2344
12142
137
26841
-26954
-26716
28770
-27847
18003
-32457
11868
6592
3567
22224
4197
-20018
-13041
-8911
-19666
-27662
26573
-29162
31963
-28487
26911
-20102
12058
-5207
22562
-27854
2576
-3770
-9530
-26930
32417
-20336
2667
5859
-2707
23423
-5599
24152
-2834
12911
-17507
11211
7983
-17612
11243
28093
6748
31400
-13834
9070
1778
18966
-27259
31590
14507
-23984
-18843
495
28456
-19219
-14060
24472
-2157
22877
-29587
-10164
-17248
-22453
-10459
14041
-4685
964
-688
8545
-32101
52
23077
-12780
-5434
23352
-28655
30684
30021
9476
-26072
22112
-5712
-11916
74
12620
19838
-7137
28973
-29665
-31748
11279
13833
22186
7816
-8588
10060
2815
-12309
-22737
-22087
1451
-27872
6302
-12460
-6911
3260
-8309
-788
-5456
-3492
18204
-2938
-23414
3637
10527
7101
-10063
-14385
-26444
19489
-19514
15102
-30005
-15822
3485
22052
30641
-27984
1376
29651
-13147
5398
-6767
-21339
-8179
-1852
-17329
3704
-11168
28730
-28145
6259
-6967
-2659
-12247
-32174
-14777
-20915
-1604
-19225
-27786
20394
1983
-5221
-30192
-29134
28401
21129
-18328
28711
13608
21056
-25872
17346
15574
-12936
22094
-11567
-3087
29477
-10791
19202
-5902
4892
-2265
16469
-6832
-16184
22146
27461
1783
4232
-26023
11121
31113
-23263
14766
14462
-18479
-2899
22884
2197
-5823
-12663
18147
-6289
30785
-1789
23064
7445
-16316
31211
-31465
-2108
12375
-6047
-23182
5634
28412
-32087
-22853
18827
16602
-2744
19661
-26523
23012
9288
22252
-284
-15183
1524
-19433
3484
-8728
9611
-10514
-5581
-1404
-9536
-6968
-28163
-9598
22060
5422
-185
-10596
30285
10509
20026
31097
-16627
7487
-9550
-28413
-24832
-26933
-25266
4351
-600
-30970
15294
28808
-30563
13115
21899
-11402
-12176
-9161
-17273
-25688
15821
13850
5546
-14888
-28433
32711
-30596
-26008
-28883
6927
24115
22054
1936
-4435
-18212
-26039
-21833
21912
-1675
-6929
-12290
20232
-9695
31841
2116
-29553
-21081
-29110
-24476
-29125
23416
-14211
-20250
-27800
-16768
24865
7634
-17573
21494
-27467
-26463
29514
-24613
24224
21083
-29959
-28573
-549
22248
-17411
-5806
-7616
-5418
25223
-21234
19646
-15307
-30080
31168
-24654
32374
-28417
14010
-20995
-7260
18623
-6720
18006
30386
20116
-14330
-7970
14128
30973
21842
7718
-1684
-22428
10231
-6023
-21277
2998
-9308
-13387
-10001
-21173
23607
17631
-3896
-8359
-27906
9106
4446
19134
32381
10008
13012
-16846
20779
-9480
3824
-23763
-23760
1117
-32137
13160
-32505
24569
18811
-2128
14708
-14621
-30505
17393
-212
-14835
-6894
2053
16331
7207
-3423
-9923
-23956
29755
-7172
-27136
-24515
3846
-22399
-30837
15308
-28322
15289
24125
-6055
27084
24155
81
-5733
-11603
14888
12363
17397
15702
-18935
-26137
-1571
-10328
31086
-19140
20286
-31765
5407
26713
6840
-14476
3581
12392
10150
24190
31711
4742
-17217
3572
-12289
8908
9063
13494
-20565
20763
19669
11751
11203
-8960
-11042
16278
-15803
18402
23988
-15452
28004
24878
-6758
23016
30444
-11637
17998
-29188
-17133
-22376
-10885
26719
-23024
19649
15593
31798
-10107
-844
-25529
7879
-18352
8505
26522
22226
14421
-13843
-5914
25426
21570
13327
-9450
14646
-2449
-8286
-3726
-23475
-21411
-1587
12757
-22558
29563
-16295
21142
-29168
-12640
2101
16680
-32072
7997
-4328
-18790
-29630
31362
-24246
6961
-8089
2219
10104
14258
25923
-965
11927
32407
21439
-29821
5297
25778
-237
-15645
-7798
-9209
-13958
9835
2688
-13586
-21798
-20191
-27660
20007
5452
3062
25980
19879
14813
-12465
8917
-2244
-21152
-25621
-25666
10742
3776
-1961
-6287
-8054
-8013
-11771
-1967
-6596
-10683
8475
3383
6689
-19041
-31006
-25312
4374
9979
-17053
31497
-3307
-4392
-13619
27442
-30769
14573
31235
26242
-26681
28465
559
-18498
31643
30783
28002
11872
-18608
28231
71
-9197
23575
13277
11023
23456
18228
-30328
-8176
31313
-16044
-16628
31137
29054
-18666
7696
29150
-27081
31902
19185
-10218
15735
-20281
-31134
-30472
755
29554
-9090
23809
-10057
18372
-27629
28833
6316
-21741
4755
-26682
241
-23664
30219
12320
-4113
-30484
9809
-4395
-22187
17252
1861
-26424
12416
-9261
810
-26536
-16117
-3842
19751
-30687
29588
27323
13257
-5062
10891
32242
896
-17482
21803
28037
9691
-13418
-19223
17499
-32494
-9058
13199
6739
-26235
-29136
-32151
-22533
-31359
20119
30750
-13526
9852
16954
14550
1293
31220
14693
31415
3157
-3826
8036
-3194
-24638
129
-2218
20255
23228
28978
-27980
-17512
7335
-8602
-29571
11612
8249
5842
-18990
-14533
20725
-4942
-16817
-29495
-4518
-24200
7669
-31887
-13222
-31909
-3011
11542
21661
-28009
27270
8810
25340
27311
-6015
14756
-31279
28005
-32693
23995
-31555
32623
9988
-30252
-7468
-20442
-3557
-2599
-4492
5734
27422
20381
-20205
-5849
-408
-2501
-25401
1915
15072
30618
22081
-1945
20905
-7223
-9731
3144
23561
-6195
30606
-1847
-32236
-11953
15762
3986
-30479
26641
7276
-3485
6847
8982
-25085
32572
-7952
23593
-634
-31576
-26642
16218
28675
-22194
-1540
-7419
1449
1660
-8850
27133
8419
7385
29171
5461
2377
-1840
32196
11899
19225
-15531
18307
-7149
8629
31929
31508
-25002
29219
-7565
12606
30648
21900
-27293
16943
12446
13245
-4899
10228
-12266
28073
-10399
-28930
-28845
-6117
17072
-23546
-17707
12998
27579
-28523
-24792
-1728
29596
6509
31062
-11461
-17069
23314
7252
14257
7876
23054
-12500
5328
-6281
11600
-3631
1448
30954
-8709
15046
-1875
-10384
-32439
-8382
14877
-31214
15318
23969
-6159
23315
12555
-2233
1030
-6612
-2924
-29255
4425
-11429
-1536
18063
-12097
-26429
-17205
29786
17403
26901
-12120
9077
-22186
-7148
29470
-15152
-18979
16966
-30239
-30943
-10080
-5608
-29013
5725
30718
30302
4513
132
12479
-10101
-10822
-7606
-11272
-8129
30572
9304
-13411
-26392
28830
337
7935
1301
-11085
-20111
-30251
32662
-19787
-22914
-13279
26943
3920
-14752
-3123
32757
-20345
30431
-18405
-23395
-13252
16446
11992
-11128
23701
12860
-656
1767
10036
11615
-2230
-18854
-76
15535
-9626
-880
18029
3128
-1708
15500
-28556
-23810
9442
-3198
-30782
-10198
29012
-22912
-7272
-19299
-27942
-19857
-28446
13720
-23832
-11295
13143
-28824
5860
2938
26662
-5502
25522
32526
17764
27642
8623
30574
-26929
29729
19083
-31950
-26223
26856
2555
-31114
25413
-21165
25655
-5277
18333
-10670
27772
7210
-31653
2191
2955
13906
28376
22056
23533
23512
-4980
-29596
-4762
27699
-18228
-5172
30639
418
-26442
30656
-2690
-24359
24526
-1045
-16525
-3848
-15933
-27532
24557
4433
21493
-25472
27108
6735
-26810
-27348
5464
-24854
-32052
-8298
22865
32253
7535
-10669
-1919
-22813
-17241
-10504
-30385
-10453
-18759
17516
-15711
-73
-27761
-15310
31777
-28126
24433
4007
-14390
10687
27849
14195
-17918
-21596
-10586
-26675
-17280
-17637
14061
-27370
-8933
26579
-5805
-803
17659
11616
-2987
-25962
9139
-2059
-3417
15822
3236
-31509
18960
18022
-27525
14598
-14730
28105
9399
-21032
-16232
-3476
-32697
-29450
23982
-12520
8625
13055
30530
-27369
-6122
29340
-8816
-15680
29264
-19006
2921
3738
28150
-2178
26303
12583
12177
-16587
29675
31003
3578
-27072
-4039
25393
27824
3019
22293
19235
9811
-32667
-22774
-12851
1834
-15522
22899
5542
22430
14232
-9208
-21827
30397
20726
28115
10712
-1208
21372
18618
11189
-7526
-684
-9538
-26927
-8895
-14668
25961
3359
-5985
-6120
32525
-5472
-2318
17230
11890
-6485
-2859
-13072
14528
8289
16707
4101
-16003
2156
-31106
8904
7722
-31845
-22331
-21048
-26248
31418
3427
-12791
-22870
27617
-10516
8427
32174
18643
27658
30655
-17042
-20876
-14121
-18275
-12643
21389
-1269
10120
12394
-90
29720
5413
-21843
-21500
-25056
24821
-18348
2943
-11766
13163
11125
30409
-32748
-19302
5746
-24633
23004
-23512
-13198
29164
27793
-27874
9446
32740
21786
29960
-3611
-3015
27466
7088
27345
-20317
-8247
2983
-30002
22294
27836
-21915
7272
-11394
-20471
25250
-2854
-4311
24011
-30386
-15904
-18286
23903
17190
-10895
-28742
-2368
-29870
29312
30132
-19617
-13887
30433
3991
5586
-21767
-29267
-19067
17599
26958
-16484
26461
29495
-13408
-19909
-24954
-26477
-9998
21197
31957
-5754
-30765
-7668
-25780
-19222
-28248
23075
25321
26149
24123
-29296
19310
-31034
23939
-26029
31249
-29755
-15417
-27954
9179
28048
-17674
12824
3006
-6309
-26569
-19391
-29965
-19564
-29675
-20040
-9727
-6616
25354
-26908
29283
-13155
5475
1311
-24201
-21079
-21646
17584
17483
-5870
-32462
-15789
19535
-3132
-32568
19529
28206
19058
-10702
14342
-32449
2176
27506
871
-24703
14434
9174
4202
15799
-18085
-27294
-15136
796
-7700
-25935
-19366
-17586
14944
11321
-11746
26270
469
-16629
-8481
23431
32096
31965
-6802
6939
-786
3984
14281
10378
-28833
3439
-16700
10505
30183
-3618
-15561
-2641
-28512
-23315
4143
-20656
11761
13200
26544
-7963
-32559
29686
-25676
-31756
-25731
17866
32700
16271
32615
-10078
971
8919
4965
-14795
31416
-7585
886
271
-557
-24896
653
30065
10242
20361
9677
-14701
30646
-4015
23171
-23647
-18671
-4389
-27641
-6707
-25986
-7544
-10519
-14870
-22284
-23575
-19914
30811
-25961
17621
-2434
-16632
9534
8811
5555
-31236
5745
9460
23639
-24127
-21164
-1136
11883
-26506
19421
13121
-2669
-18794
6841
-8369
-29413
-31626
-23860
-2922
21721
-21558
9482
-25596
32343
13025
-30266
-9455
-15007
21893
-7339
26356
10048
-23620
-29411
-7247
-31266
-30774
10823
29607
-12680
-9390
-32126
17869
32217
-11854
32593
9432
13024
-16449
-13614
-19107
-10829
23218
-16806
5964
13875
22866
7919
-8119
-9099
-2518
-26979
19465
-19632
-21111
14847
-1581
-15330
-26737
-4325
30802
24003
-5764
23403
17373
-4982
17609
21934
30490
26767
-17470
-26902
-23114
-26651
-21484
-29153
-7328
-13292
-25895
-15414
21461
-8043
-32496
-6276
-23600
15059
-20869
5357
-9305
-27299
8992
-19251
3377
-22463
11476
19965
22428
11057
18679
31576
2819
-10406
24995
-24371
-27603
22770
-28472
9698
507
17544
1752
7836
-12146
15875
-30954
22191
15520
-32664
4229
4400
18113
32081
-19734
30196
-27755
-19271
-14202
28672
-20937
-6129
-8923
9437
18855
-25673
-27416
-32760
-17720
-20674
-13392
-17992
-1535
12782
-1131
29494
28762
24373
-18084
20900
21557
29823
20515
30382
-32269
-9504
2052
-23443
4579
-6097
-7134
-4322
-29534
-20096
9741
21707
11052
-14398
14125
11746
-28030
-27585
-25763
28062
-12423
29155
-26388
-21249
-8225
18667
23641
21160
-797
-9432
-6970
4796
29772
-21896
-12931
7306
28158
10413
-29637
7793
-29801
23545
12623
12549
5195
21280
25968
-25115
4903
-4281
16511
-17836
-3524
-18624
20307
20567
9900
-789
-12745
16860
-17583
-19963
24898
8098
24925
-154
-1826
16178
26511
-3453
-24762
-8671
25876
-17087
22924
14635
26675
-1497
20124
-17174
27281
-14101
-32517
24711
-17738
-12651
7812
-27688
-31070
16379
14568
25136
-22238
-20464
-24697
-30727
1280
7947
8659
8848
-31900
20399
7003
25790
-24851
20237
24665
23544
10374
9647
-13925
-10633
-23854
6300
15288
5770
4586
-23197
-2675
26391
-19642
-19139
27416
-8400
326
17119
5905
-24923
-6997
-30217
-2856
17632
-6486
-24346
27150
23691
14042
28372
-13582
-10008
-11314
28533
27932
-24424
12099
-28490
-23535
-29128
29517
-16788
18371
-30554
-897
-15350
-11353
-2788
-6608
-30967
4469
-21326
-32113
10885
-29024
-7720
-29023
31853
-12134
2594
13017
-1764
7769
-16786
2016
20737
5901
-17649
-23996
-25408
7898
17758
30584
-27137
7709
-3866
11361
26631
9911
-1034
13963
30970
-19085
-9784
-4428
-9189
-518
-12882
26558
15800
-8848
18986
4930
23495
-25883
-12084
-10744
-22090
31900
3339
-7496
23259
-15499
-21485
26716
-20326
9018
-20131
17037
32044
-17400
-12888
483
13138
19160
23178
-29715
-25464
22832
-15176
9778
-2477
-24767
5779
26431
17338
14990
-13065
-30453
10022
-22874
-21059
9395
-1851
-31681
-221
762
13191
-24263
-23800
-25071
18015
-83
-27831
23005
855
29107
-1221
-26032
17868
-14868
16078
3450
32603
18699
1
8434
30991
-3989
496
-29846
-8701
32498
21843
15251
-6082
15771
-25678
4085
13145
7160
-32299
-14615
-21513
19616
-12638
-4963
-12282
-2980
12898
-12099
-7562
2027
-11942
-25405
-19725
10111
-27963
-16088
-14340
-6853
-27114
-5095
-6577
14678
8795
-10807
26967
11665
21750
31836
1822
29147
-12354
-5676
3729
14110
28014
-834
-14625
-23365
19836
20640
28609
13904
2942
-12742
-20487
-14358
32557
24240
-18448
11481
17460
8540
19159
16508
-3714
-15918
-14559
6277
-30922
13934
-13994
-24221
-25346
6855
-4931
-24805
-28106
16053
-8021
14449
5737
20626
-28777
-25212
-7789
-8641
-28372
-6464
25184
-20225
10108
-7635
-29063
23152
-8633
-643
5917
25218
-26458
1016
9064
5066
-5249
-783
-910
-10785
-5343
-8692
3102
-18343
3206
-7769
10576
830
-23150
26610
-10620
1805
18167
6049
-16126
6742
-4773
9695
-5951
-30653
-10237
-19141
-13602
20228
7652
16836
-24319
961
20002
-56
22944
-2626
28776
9312
-9783
-26199
26636
30014
21725
-16853
-3720
-280
5900
4884
-3577
19450
-25125
-21362
19361
-3633
-8683
17870
-25189
721
-31494
-19726
17969
-7554
21145
25102
17514
-10061
-15581
-15218
14299
5821
30155
13297
14248
-19719
342
20516
-22070
-8393
31049
20400
-129
6444
-26563
-18565
-9491
23029
7574
7144
21575
-29526
-28908
-14927
13129
-27864
-9875
-6133
-10535
-16135
7292
-11096
20822
-23029
-1085
-31676
-32302
-15285
-11664
-16294
-19305
-5857
-24786
-2913
-16553
2325
-18821
-3964
-1007
24946
-28879
26442
7204
-30492
-18424
-30560
17300
4028
-17136
-23579
19053
-22015
710
-26648
2372
-24597
-4146
-12986
-25489
-17971
-13992
-23087
18705
-3027
-11741
40
27733
-4543
18822
-13136
30261
-28125
19873
20917
5796
-12707
14471
-7781
-12827
13919
1797
-7569
-5978
-12743
-5484
20239
3555
14448
-13839
-30937
-29820
20568
-22471
396
28593
-4957
-15474
-23274
10320
-25027
31833
6635
11300
29017
8374
-9337
24626
31541
-22590
-23580
8798
32285
-18232
-30741
32373
-30732
24713
-9526
28966
-8260
-2366
-23248
31850
-2662
-26894
-19629
18236
-12399
9003
23524
-2021
14911
8385
29710
20688
28568
-22698
23369
3133
-28071
12900
-24968
-700
-642
13747
23972
23265
-27235
-27036
16343
16326
-10792
-746
-13379
6023
31185
8876
21865
18885
-9397
-28338
-5669
-6028
-32283
-20202
-31438
-29654
11193
10944
-10990
-16755
-12461
3911
5429
9624
-9434
-25720
-31320
-18337
21351
32685
5007
11146
-26942
17960
18712
7284
13198
24458
-30898
-10022
-28233
-30812
-19490
-9354
-8871
-5258
8114
21548
5538
-29155
-30893
-1726
18040
31386
3044
-22679
-32043
-18376
-21549
-31791
-26884
13288
14558
5284
-20236
-32089
17494
8248
-18578
30944
27253
-29393
4520
-21539
24350
-16504
-26534
-26671
-31932
14298
-30629
7154
-15035
-11466
-23813
22210
13322
-21181
-12263
725
-15776
1869
-9140
8134
-3316
11446
-13716
-25879
-28291
-5212
27384
29865
3150
31043
8209
7494
-17497
2710
26198
-11543
3885
-1569
-29442
21550
-30294
-25302
7572
5886
6886
-2892
-28237
-20702
19441
-10299
-15542
18057
-11535
31489
24087
-18593
-27870
-18464
-25600
26151
2941
-20926
-27332
12037
12561
25124
30713
1668
-5188
-26176
-26874
-1494
-28864
-6179
-29029
-28302
3513
14723
-10654
-11555
21601
24121
-11594
27504
30321
18116
18900
-13111
-9383
15595
8345
21826
-21377
770
9376
-6792
-26211
-13775
-22454
-2369
-16247
31436
-23594
12089
31727
441
-20658
6593
-21666
-4888
21220
-27695
-26760
-11952
-4540
-1625
5951
14859
-28697
15134
-27530
-16120
14144
5854
5580
14857
22871
-13821
-30353
30998
-17387
11108
2489
17003
-30463
32124
-14287
28843
3136
5097
-7165
15713
26779
-18023
14889
-31915
14856
13235
12285
2696
5508
-14767
29543
-32090
-15760
28640
-8475
26731
30896
-12784
-23312
-11877
30701
14894
-14079
-25560
19796
-15592
-16823
29301
28313
-30092
-10203
24293
-14102
-2292
12159
11964
9055
-27880
-19907
-22808
-1140
-9081
-1577
30360
30972
-2424
-11547
-6114
13564
14947
11293
27182
25568
-11185
-30583
-22231
-31298
-30488
-6560
-7153
4358
3473
-9294
-14806
5201
-28023
16823
-11651
29198
17674
-27418
-23321
-22636
-9452
12086
2144
-1118
17063
-2257
-8218
-19237
-17715
12358
12699
17718
-19748
-6431
1038
4913
8105
10692
19988
-5504
-14804
-4152
-22879
174
-15261
-28874
-3295
23426
27876
5291
13644
25359
1103
191
24495
30123
1003
-111
13238
-368
-7079
-7208
7730
-702
7127
-8154
-2969
4791
30642
-12666
12933
-1474
22484
30592
-28211
6665
-15549
20329
10501
13818
12624
-5174
22273
14026
3412
29931
-79
-18422
-23314
-23487
29856
23109
24886
-31040
24671
12725
7023
12957
-26357
-7766
-19129
5325
29504
-32605
-5033
11318
32460
12565
-1391
23319
1214
-20687
-14581
6806
-10336
-1314
-4699
20384
-27753
-27727
-3858
-19855
6979
-30951
2284
7395
11025
21956
14879
10870
-22652
21954
17761
12229
-19361
27761
-7538
-22034
-22159
5571
16991
8818
26367
30496
12682
16088
-9098
-30361
2573
32005
-11004
19037
23721
-25773
-15271
25668
29406
-7271
18910
-15431
-28020
-31792
9851
-11010
-29429
-12261
13659
21561
-28209
-27084
23736
-9484
-3942
19409
-11619
-30768
-19423
30698
11980
-30632
-31285
24300
-3537
10312
-2510
25621
-455
26685
-7080
22143
321
-11320
17337
19382
27698
12896
-690
24640
32421
-12572
-23553
2315
17842
4591
-18892
-2202
15060
31716
1911
-507
14971
-22523
-14071
-8127
-1215
12278
-16675
10873
-2009
-19676
-26679
-12098
-15013
25974
27219
13880
-1831
-23765
13306
2299
-17667
-4298
8851
2350
-14445
22251
-5884
26261
21143
6066
-1936
19531
9320
-17402
11164
3161
-18369
21947
26067
-26
18891
29777
20847
7563
-22894
5884
30892
-25039
-1499
14175
6987
19369
-3331
5122
1296
-26117
720
29764
-25200
21540
-21401
4148
17306
-7254
17041
-28592
6107
-23735
31439
12172
-17324
-1676
10447
-6435
24800
-7409
22735
-4502
18179
-32248
-17522
30470
2956
-2807
-28736
28856
21922
-25035
9836
-24869
4010
10504
26108
14649
24198
24599
23779
20942
-31840
-18674
25500
15808
-32013
-1907
-15327
9662
-10637
-23302
-29103
14030
24595
-9331
1294
21017
29716
-997
-20615
10093
7373
-15212
32677
24507
29627
8572
-5498
-22424
-801
9069
-793
-25734
-22521
19996
-18831
-28467
8641
-18206
28039
-30393
25032
20546
2509
-6506
-14838
-13227
6827
7899
-24470
2562
32527
26217
32216
-12531
8971
26032
-10320
-20912
-14931
-23926
-30572
2755
-6436
-13793
-18134
-14484
-30491
-24524
30767
-14280
25982
-19819
31252
13387
26453
13062
-1006
-2517
26379
1891
17355
24543
-6384
-31311
-2268
-10280
-28089
31516
-32247
11572
5371
20254
-29717
-12488
4019
14382
15573
6768
-21185
-11047
5368
13817
31080
-5739
-7907
-503
-2000
14431
-27937
3648
-15749
-1514
-7390
-27247
30709
-8442
-108
9314
9461
-22978
-22205
-17725
-24430
-9464
18277
32487
12864
-29389
-5637
16372
-3697
21281
-31372
-28871
6273
-20347
-5037
-14582
-30084
-17758
-17986
727
-29066
10074
-17958
-10803
-14590
927
-16710
2712
-17654
-25840
10618
-15773
-23723
-13652
27135
-16729
28668
-27797
2547
-12009
490
20162
24282
237
-8987
-15021
20252
27147
31831
2158
9348
-15211
26893
-30686
-28355
-23354
8655
12061
-30187
-19240
-30418
18701
-15604
16105
29653
5179
-17079
31652
8031
15358
-29135
12436
15321
15600
28931
2104
-27756
16607
8411
-28848
15242
11493
-27305
-32061
7436
14671
27169
20510
13860
11757
-26262
13397
-15083
30868
-7555
-15400
219
-21405
7429
-28579
-8533
-31843
11870
-2835
11292
-31176
20595
-19852
27096
-29361
16975
22373
-11925
-5254
-7582
6327
15426
-2483
-307
20449
13618
-41
-19330
-6151
7837
16349
25895
-1934
29472
20808
-7005
-24225
-17721
13286
-2696
-17839
29132
-9399
-6316
-7147
-25249
-29889
-32755
-21963
24804
28556
26922
27530
30627
5701
-22438
26196
20251
7383
9571
-9036
-10757
-12443
-3910
28233
22778
32238
11674
29417
15767
-5202
-13550
-31536
27389
24812
-17556
-12806
-31824
-14599
-17700
30135
-31545
29839
22264
-14961
-22117
6295
-20654
-31946
26627
4564
19881
-17463
-3146
32543
-19600
13718
-18418
3063
24013
-13733
32438
23292
25103
7048
-14808
117
-22728
-29511
-32412
3276
16048
20558
-13516
9996
-31808
-12268
-7475
-14186
-25656
-27604
-22562
-16922
15519
-31726
-4084
-30892
-19527
15216
-19640
12410
-22701
7299
-11719
5713
-26133
-16010
-3719
-10694
421
-12519
23168
-7085
22917
-10210
-17234
-27471
31620
26290
27831
966
29684
1986
-20016
-25177
3291
-30109
4276
1906
9953
26434
31807
-7154
11797
26194
-25184
18638
-30814
-2161
16741
-30045
9161
26277
-24143
14687
8165
-17914
-18320
16338
-24741
13058
12092
-5241
24802
-6225
-13710
-16988
13527
-25855
17251
579
11427
17193
29885
31038
-1738
24176
-4930
-1824
-12980
-14968
-8379
9471
6506
29077
-21430
12516
-29299
-22371
-6755
-3308
-30787
-23386
5353
17214
-12175
-2260
4719
-19765
-5520
-18381
17375
13328
22145
18281
31336
17267
5156
30828
30204
-19431
-15422
-6080
17363
30037
-28438
-18675
-11495
-8591
30202
-16567
13429
24264
-18875
32608
-9858
27158
-10540
-7017
-13908
-16887
-7152
11509
-18633
25397
10164
-30545
-13487
10526
-26275
-7989
17154
-1462
-11034
-9449
-2986
-23847
-5584
-29387
30539
-2423
21135
14982
20651
-23143
27791
22110
-16516
-1802
16069
-30223
-14204
-22369
2658
-30114
-11600
-31897
-27220
18400
17412
2524
29714
24306
-14369
8440
24791
-3818
22324
-7391
-3106
59
-1613
-19493
-564
22657
-15237
-7829
-3496
-13672
-4189
-14992
1825
-3999
-29485
27570
20904
2588
-21071
8487
29829
883
30717
31975
-26112
12319
15895
8730
-32614
-23611
-30291
-9060
-28365
2569
30904
1932
5490
11032
-31634
-32552
-8597
-1855
-18736
-17882
-21733
-24226
-7125
10471
-12245
-17994
-18883
-4537
-20507
-31393
-11205
8286
-24369
16887
-5030
22024
-21176
20363
12687
-4946
-20558
-4067
-17696
-12779
-23211
-13588
-16809
-2416
-7846
-3898
12241
-28730
-21540
4745
-30976
-5104
21930
31582
-18096
-6390
-9573
22975
-22837
925
-4917
-28032
-26622
-2011
15292
-18776
13442
-21450
-9953
-25954
-12472
-27175
16800
-13725
-3283
9201
6260
18866
-14166
20606
8485
30587
-10583
8684
-13314
-293
-12788
-5300
-21842
26162
-3222
-5396
-6396
-17299
16019
-26457
14996
-4737
-29683
-18622
6709
-13530
9857
21091
-29433
-24481
-23627
11210
-8578
-5497
-30243
-31349
12590
-3616
-21222
-12537
-45
-24085
-19773
-27911
-26168
-2302
13039
14834
-11093
26776
-14277
-19272
-9625
7998
-18936
518
-18159
32562
-9806
-16774
-15638
8425
-25062
22097
-12913
-30509
19126
-13190
-12336
15063
-32077
-25376
24866
17974
-18269
-18781
15483
17176
-25147
-13120
2130
-16724
-15712
-29968
27683
23873
22762
6359
-4941
-30268
-12316
7396
24469
-29990
13274
-16970
-11170
8931
21806
27487
-7551
3804
-8134
2621
2332
-1405
25715
-8004
-25292
5816
29611
-18326
-16840
-11393
26632
23450
-29355
-12624
199
-7546
-6645
18083
3146
-30628
26249
-2937
-25238
-19277
29399
-28630
-20201
32273
20182
-31925
4179
-29577
4397
28466
15118
-25988
6550
20539
3724
-2688
-4725
-13848
-25446
-220
5654
24169
15671
2584
6919
-25905
-4386
-1371
17050
1879
-7241
-14182
29992
19031
-12735
7110
-13523
-11255
-25567
-2137
-5356
32091
-28421
6784
-12010
15542
9225
4836
-31145
20674
-8297
-1005
-27625
16187
-14535
-4171
11981
-29537
-29544
-14705
24668
5242
15894
-26115
27726
12224
-2226
-20242
-23978
25782
11783
-18234
27357
-1902
-31637
-6422
19518
-5668
16543
-5796
26286
10302
-3509
26517
-8370
22173
-24439
17406
-275
14974
4265
6512
-15415
29667
-28698
9401
-15164
-27306
25933
-27511
-14685
20694
26111
-11796
-2557
4708
-5495
20024
-4684
6891
-1098
20238
14988
9668
-21884
-12258
17059
-20059
10943
12540
1558
11609
-19211
-519
27375
-23051
-4377
-9363
-22585
5348
-27113
-24212
15493
505
15585
-18971
9654
24827
17505
-22863
31539
15962
-17044
30695
-19931
-18981
10689
1973
-7957
10754
-11698
17361
13231
537
-5333
12052
-27542
25275
4766
-27167
-31530
-4763
3152
-11521
-22411
-25037
2648
24560
-10831
10383
7524
25238
-19779
-4405
968
-11631
10550
8204
29100
-14780
16329
-27675
4137
1975
8169
-23493
10753
32275
-3796
-6662
23182
-5533
16652
-871
30812
32607
11371
-13129
225
19584
-5395
-27301
-25833
-15148
-28837
-24704
-3870
-4692
-12470
20107
-21087
-23026
-17624
-16417
-22715
22059
-16690
-26200
-11991
16182
-29174
13867
22417
9336
-18441
-9132
-2196
-31422
-12523
-24921
10563
-3447
-17535
16177
-19108
-16085
1933
-314
12768
26192
-15936
17915
-29380
-16162
-20136
32003
6723
26313
13113
28000
26866
27528
-32075
19496
-7563
-27365
26520
-25332
20331
16428
30913
-18016
22803
-17131
13769
-7308
-21163
5493
-25752
-29598
7290
863
-24185
-10302
-31087
-28678
-23577
14748
21766
-22677
31838
29877
20676
-13020
-22596
21653
17638
8523
18306
28602
1237
-25507
24789
13252
5186
-3079
16510
-24570
-30110
16767
24257
-4037
-2208
-4726
-30311
-21810
30916
22333
-31549
-25460
15302
-9350
-8339
18784
8235
19945
28606
-15344
27576
-30818
-28310
-28865
2552
15569
-22008
19131
-23161
-22597
2513
-12434
30690
-27391
20308
-32120
28086
11598
15004
26569
-8111
-1096
-19018
-10046
7732
19196
18867
-26582
-21211
-22685
-12318
-13680
3980
-2826
-28566
29792
-20771
-10096
22416
-13377
-19818
28858
-701
26881
-22222
20354
-20144
-21414
-22477
15651
-7583
27247
631
24953
-21964
-22678
-17619
19390
14673
29176
6830
10003
9546
7575
19476
27899
-22616
20504
15320
10206
18719
5702
-17938
17799
3272
-12173
11931
31143
-19839
14464
8083
-12368
25939
-14300
-4219
3809
-19554
-10653
22392
-16552
26815
3750
-2552
15432
26995
6026
-23330
28330
5302
-11194
25809
-26780
10518
-28426
26673
25410
4472
8541
25817
1244
-5905
20100
1567
-7276
-4601
10324
-28029
16440
-31658
11557
-3344
31820
4485
-24149
4634
-4341
1870
1731
-24449
-16711
18859
4436
6221
12696
20648
-28530
-22019
566
-3976
-18419
28903
25479
1044
-8549
24883
30565
15145
486
22135
6040
22162
15089
1951
-11852
19417
3973
18554
13505
-17646
-25083
-28461
-20473
-14919
-8063
-2880
-3266
-10271
30495
7490
4365
-19537
-7490
-22129
-30730
14698
-4436
-29861
-10213
8744
-13330
-31754
-14547
22057
-24607
-25440
-19847
-29194
19167
-14568
31363
-23528
-14554
32693
-1839
-15061
-23413
-4042
12136
16964
-16719
-13429
-4504
5597
-19298
6450
11128
8701
24530
-27931
28269
-11775
14033
24776
30289
-28315
-25691
27057
-10392
2274
-12219
32761
-4276
12133
-23160
-27744
-21058
29656
8016
-12749
15054
-26639
17884
-22838
14360
30948
-23107
20221
13717
-420
-3411
15206
16820
-11947
-2207
-3841
-6173
-10129
20625
26383
24422
-30789
-26845
23978
-8264
-27445
-12408
-4723
2168
-13528
-24700
-28755
-2836
6692
-26277
23538
-794
-20439
29249
-26094
17046
22257
508
2444
-4857
-25732
788
-5505
-14520
-8824
22080
12482
-31990
-7232
-21792
-20160
-16825
-25627
-15062
-9015
-15775
27292
22019
-10186
28842
-22736
-2347
-19482
4747
26551
-22476
5347
2160
-20743
-26632
-28244
-3353
23441
-13394
12828
11768
4868
24007
-2822
-6775
11196
12432
17681
-1920
-21240
7402
-19010
-2199
-27314
9903
-4209
-9561
19447
11775
26400
22395
7867
11563
571
11336
-31663
11123
-5109
24721
-18218
30937
32100
-31652
19620
-24838
-24431
1083
29662
17721
10033
4054
-18114
22505
25758
23367
-3061
14221
9173
26133
16505
-15807
6800
-3372
-3655
-29536
-28197
-3969
28719
4818
29668
-7669
3349
16990
-12534
14343
-14710
-7013
13004
-18332
10066
8431
-23959
-25466
18979
19150
8654
31254
-7376
14252
-31398
28945
-22504
-944
19123
16155
-24080
-4048
-18805
22208
1720
9
30369
-27488
-7994
31844
-3625
-9234
-25465
25306
-1097
12536
26049
16641
-1099
20668
23295
-31796
28510
-18187
-17732
-20497
20248
25365
11846
23804
22511
5648
29151
18074
-31679
6578
6283
-25174
3143
9914
-16878
-30175
-28076
15207
-8012
-22772
-29183
-32272
13158
11916
26441
-25158
11414
22723
-12564
12577
-10485
15948
-25774
-27509
-30982
-17600
-11629
-30781
9360
25370
29482
32535
6429
17465
-4289
-21187
-26748
-31074
6803
27560
-15547
-13572
29263
31550
-31485
23013
-10770
-8723
29802
-2749
30619
-15189
7357
1147
-17998
31081
-8748
-23705
24346
16489
410
-9630
-10680
-3767
-24824
-23931
1165
-11989
8139
-10465
28487
-25022
12744
10075
2326
10525
5609
30352
-5711
347
14706
6274
14732
-12442
-6104
3908
-12011
-10227
-29437
-7853
10070
-18714
2051
17883
-15309
-7708
8812
-9581
21239
3021
-24223
11165
-12356
-31849
30509
-20826
16761
-23554
-1080
-23342
27619
-9533
-30964
28323
-13470
-17468
-7611
-32737
25094
-27448
1232
-27226
-7021
-29315
-13216
9791
-27547
23659
-20804
-4923
24200
-4082
9787
-18812
11093
32165
-11790
19139
-17046
667
-17896
-20527
21060
-28631
-22496
-11667
-11739
7584
12146
-17225
-6656
7165
-13485
-21593
26438
-9030
11936
-21351
19077
-17396
-15878
2989
-18450
-13896
27861
31754
10128
10195
11188
-17610
-31425
26263
-31933
9589
-31967
-8328
24203
31346
-7811
1057
-2538
10285
30428
28815
-16974
-27842
23483
3884
2256
3080
27074
-8285
17708
-8942
22846
30833
-28370
-19195
-32175
-30133
28573
-16573
-24281
12892
-28427
-20373
12919
19198
28535
5583
23081
1849
5733
5618
8236
9977
23909
18105
-5885
-3197
-12970
16587
29919
13347
-11864
-477
-32367
497
-19145
-25126
-13039
-30992
14413
24219
5708
-11920
-29986
29196
16110
15665
-19204
-21787
-21381
29206
26932
22916
-3911
15094
28494
-5025
7727
-19986
-18920
-28759
-21022
-18775
15
2149
31432
29460
19351
11596
1732
-18333
-27772
2004
5646
8140
-858
18055
7301
26493
31730
23604
5230
25617
-1963
20078
16624
2797
-10254
-5131
150
26616
18761
-934
12240
5151
27822
-21021
-7026
-15316
-25393
-8467
819
13707
-6125
-7534
-11311
10301
27295
11739
-870
16869
6697
-12614
-20539
-32261
16145
-19810
30454
-31778
22015
-19751
19266
-26179
23107
3918
-29359
-26486
28749
-1239
22321
-12876
-8243
16260
10655
5976
-8238
-4187
29749
-11187
-12061
15635
-32512
7161
-14524
25679
-12159
10144
-3224
17365
-22625
6197
-8562
1589
9237
-29841
-1530
-2203
31276
-2515
24900
9145
-31199
-30023
-16962
-1152
-23002
-12639
-1904
6163
24752
-21708
1407
14776
9615
-8497
-1072
12341
-28265
-7446
22343
20082
3701
-26214
-17677
-3583
-21678
5361
31951
-2642
-11499
7516
10095
-357
-8556
19339
-1057
13100
-26350
-22707
-11457
28338
31026
-6544
-5959
7386
2791
22643
29435
-27575
-6004
2343
-15710
-24587
16193
4325
-2773
2384
7596
-28563
-28007
27766
8233
-18261
10572
-2162
7763
5519
31933
13416
24943
2915
-16338
11720
-31329
32504
26036
32633
18072
23463
-30309
21158
8588
2459
-21616
7964
19063
4837
13152
21964
25303
-5623
7750
-6988
31983
-18473
3640
-4693
-14917
2103
4300
-13894
-31269
-193
-32417
17824
-23242
16855
15496
14976
58
-11410
24393
12515
28252
24443
21711
-6241
-16446
20780
19804
23003
13
-20503
4979
31042
12827
24424
6797
14962
-29218
-31133
299
6878
28761
31164
912
3216
26335
24561
3241
-892
-23707
20588
-20193
32364
18330
-31401
-13610
-16141
22628
11347
7945
-13770
-15394
-30679
2397
-17611
28584
-29202
15870
1452
-25217
22498
-14794
32049
26749
-3211
-5567
2093
23605
12389
10718
20075
-7869
-29641
-2205
3758
-27950
-16543
18556
-933
16169
-26941
-16830
-13012
-29269
-20897
-8628
29863
-4132
-16547
31594
28064
18681
-25286
8294
-17523
-10381
-26193
25878
20537
-11520
-16761
-28483
2526
-11310
-28495
-13562
2560
2469
-12521
-18686
-2679
26364
-7507
-15997
19017
12742
-30003
21675
14916
21093
-19484
2242
-7702
-29088
-8498
28980
-19638
-30603
-30500
22285
-20056
-30917
20528
6409
15285
-12228
-29909
20395
21761
22488
-16212
-10340
-6601
-1336
26284
-6944
-4686
18685
8205
26931
-21076
26126
-32285
11776
-3990
-27080
-10632
-10145
18990
-18105
-12871
-14052
17002
24722
-17050
-18687
-18458
-18089
11650
23047
20755
-32376
3400
-1914
8109
24092
29172
12982
31046
30423
8151
-13183
27837
3982
24066
-6781
10488
12108
-955
25438
-14269
31824
31018
20062
-4020
-6893
-25884
-8166
-23974
21444
-5322
10220
-21036
17725
-19150
-30441
-644
25001
-5209
-21265
23299
-32318
-17724
-29143
5873
21077
-25240
26563
-28442
16373
4442
-19892
-10140
8671
3286
-846
17512
-29616
16520
-29091
-31152
-2437
-26375
-10282
23333
11532
-27241
20890
6866
23730
2321
9256
-31274
12490
29110
-24100
15276
-3325
7474
1970
11642
-559
18232
15578
22228
736
30743
32391
22660
-889
-29765
21343
-8036
-4274
12094
-21454
22581
-5705
5030
-26754
-8731
-9597
32193
6382
20764
-19347
17913
-27079
-16548
30805
23388
-19338
-13828
-29838
-28187
6388
21230
-26767
-10764
9607
-6139
29357
-297
23564
30501
-19904
-1551
27916
30286
1958
-22144
-3413
25015
18366
-5602
17531
-3721
-9582
-30654
-19285
3742
-23105
-31356
11386
15930
-28862
18640
10973
-17076
32298
23026
-31278
-5247
8094
-7370
12683
-15509
9945
-31235
-20466
2802
-1211
4746
-28360
23830
-17356
-3603
1107
29831
4787
-31125
23885
-24255
-13769
-15389
-25717
-32353
30126
20959
27567
19719
-14942
-32303
-20187
-20949
31344
6363
-15349
-12387
-17772
28055
-16738
23692
4805
-18166
-28191
-30232
19911
32435
8611
4117
24239
-20524
-11390
2254
31543
-10717
-28679
1278
20025
-27518
-25744
-9045
13345
-8928
-8274
-8988
-32326
22025
32247
-98
-1909
16686
24875
-27116
-22751
-21891
-5744
5095
7061
-14248
-6690
20584
12276
-29744
435
15915
11252
4373
6200
-9159
29354
-13546
27694
248
26419
30906
2969
2137
30153
-21300
3329
6952
-22089
-15948
29327
30459
-460
18134
229
-16215
32502
-31253
2427
-30348
-29349
-24241
-3111
11007
29807
-24682
-25654
27285
-31317
-26180
31194
-28692
11867
19306
-27274
-30121
21770
31144
-30593
5987
17391
-1086
-17845
-26650
-12505
-9474
-23711
-9499
-15701
20199
-24084
11906
-5921
-34
-19526
-7083
30172
24023
-7269
-22635
26219
2320
-21253
-7342
-21625
-26335
-9041
-28067
-18353
-23893
19687
30941
-21316
-23080
-29738
-5845
-11367
-7473
16577
-23910
20690
-4847
3095
15683
-16131
-8153
19893
-13305
14002
1146
23710
4922
-11111
24498
29559
1326
25339
-8335
-1921
3385
-18963
20388
10335
-27005
26414
-909
-8600
19712
9545
-20243
-1154
26150
30666
-20754
-2016
-19134
5107
-25069
-2069
858
-22510
27143
4525
27090
-7492
18505
-31701
6079
-7015
18592
-4830
25857
23082
-10875
-21182
-13380
-14161
-23376
-27089
-26905
-31246
15855
-17104
-8197
27895
-10561
-10820
-26009
24594
-23332
2724
-32086
-12821
-25310
2412
-4172
7555
18161
11983
28936
-20614
-23795
-3158
-9459
11837
15398
-31442
21683
-28323
20924
-6394
26862
-27149
599
-12661
-19064
24801
10908
26380
-7016
14060
1458
-20269
9623
21981
-7273
-22820
8136
-28812
22774
23282
-29092
-18868
-9000
-13773
9592
19982
11185
-1666
-18710
-16311
-11962
24680
-30705
-30007
25861
16100
-21667
-13662
11590
-28960
298
-11258
2129
-16078
17625
-8277
13893
-25422
21870
-6254
-4819
-24405
3888
-961
16978
31490
1065
11295
-15016
-14327
-16666
5109
31680
19782
-21033
811
933
30389
-6885
-30468
808
29520
25527
-3957
9934
-11348
10485
-3472
-5645
25161
23386
-28657
18670
24411
26469
21971
-5624
-17403
-1277
-23746
28499
-13539
-22958
-4579
10721
-5039
22534
-18398
-25146
-3529
-23852
-6839
4324
-24184
20267
-5269
21941
-19351
-16147
-32392
-1769
2618
9137
-2539
6067
27030
-8496
-2736
-24588
30446
-7535
1360
-6398
-13696
22748
-4290
-4993
-32133
16374
28983
30280
29790
-13367
-23086
25267
29816
12931
-9392
-25327
16249
-4045
8127
-1631
-14342
-4532
8855
-12081
23153
3300
-12845
26458
18647
17680
16636
1578
-28164
7271
-27586
32597
-21578
-12481
-2051
25970
-15357
-9751
17028
-31869
-16885
261
-19920
23638
5647
4431
-9023
-16812
27737
-17609
-14434
32304
-30637
-13535
-7753
-7044
19346
21860
30357
29966
16835
20103
32723
15634
28009
20915
30608
-28262
-6951
22317
16491
-26814
574
-5647
16788
4712
-20678
-6405
-11760
-27437
16294
-6211
9597
-31384
15227
30339
29131
-12212
19637
10437
8398
274
24428
17611
-1885
839
-3545
8091
-21428
3948
31448
31745
-12275
-31132
-15469
29853
22394
22076
-28811
27418
22185
-17423
13721
8245
-5204
8974
18078
4765
10601
-9543
-542
-4206
11917
-9722
26674
-20322
-26983
18417
-26326
-465
-15668
24937
10029
17129
-3994
32290
-21498
-23708
-2848
13794
9257
9761
29105
4849
30023
29299
32541
2204
30212
-3792
-23448
-31155
-24760
-20796
7738
-20235
-17884
14076
-24445
-7676
26253
4891
23490
-24291
-7948
-19688
9676
-13217
-24897
-11894
-26946
-15898
-16179
17179
-15666
1425
-17906
1673
29414
26156
-8281
19349
-12923
30836
20898
-21434
-9750
20391
31031
28365
-16699
-12576
5851
22348
13132
28747
2673
-25910
-21839
-30555
-8385
-25745
13421
-9672
26102
-11380
16076
2081
8893
4692
26597
18868
-10285
1031
18759
21157
22437
7454
-14785
-28643
13101
-30287
20683
-18278
-2186
3292
24197
25367
-10087
3903
12215
-4398
-15935
-28453
-23907
27069
-20146
11296
-23739
19576
-32546
12456
1267
-11067
14645
-25753
13763
25729
-22615
20403
3560
26678
19481
-3781
-29508
-18643
-8504
-27250
24888
7245
8048
-6914
25997
-26325
-10264
-7078
32258
-1312
30336
17204
281
-4805
7164
-3749
15512
31937
9831
-31640
9226
-9202
-22171
-29390
-3903
3996
-26362
17068
-2248
12263
-25065
10685
-11388
12382
2127
5622
-23153
18458
5966
-24340
2037
2583
-11897
-9631
25509
29088
-22028
1745
2728
-376
-16828
-12093
4367
29866
-28306
19816
-14940
23126
23894
-5592
-16440
11956
31472
-30010
-17067
-3064
-6952
-10205
-20140
6243
14468
28971
-4971
16083
-16956
-29762
6383
-12767
-29779
15629
22512
-25015
-31805
-4652
3348
-14638
-11362
-29253
3363
-7258
-14990
31360
-24460
-22293
-8815
-23818
26849
7039
6170
26515
9559
-4218
2695
29511
-28716
13840
19449
-28079
13953
-25931
22194
-24487
-3037
8839
-4628
13968
-14411
-12223
14124
-15954
1600
27212
-3408
7287
23883
-2392
19436
6832
10291
26521
4885
29394
-20595
9048
9289
-11062
-4136
-20637
-1254
19767
23700
14265
-12464
-11192
-24732
-9149
-23631
14747
1867
-16640
-18382
-28747
5709
2973
-8478
17971
-22645
-19955
30353
13636
22583
-12067
-14688
-10799
20885
-20517
28473
18328
-372
14689
-23058
-30934
29485
-15864
20461
-4596
13232
20227
-13063
24127
20405
3497
-30449
23625
-2328
24445
2463
4752
2891
17550
-11428
6231
14503
19187
-16315
13349
15590
13635
-6977
2628
-12201
-12571
-31416
23364
-18163
-7580
-30533
-21109
6573
25066
-4659
25712
29216
-21422
-20334
15759
12414
-11669
24585
16496
-15705
-23737
5238
-3114
-13456
-4183
17479
-11723
-23187
-21090
27727
29437
-14226
-31036
-7908
-8399
-11750
-30337
-10630
-26511
17424
-27859
-4687
-16281
-1795
-20655
17040
-13755
-2804
209
-32763
-24502
-21694
28457
9100
-23364
15164
9749
31849
26837
-20126
4792
-11357
-5719
-22792
-20953
2832
-20310
15995
-5426
-10204
20649
21379
3754
17649
10895
15664
-31135
-15605
1650
29490
-27867
-19057
-23781
8129
-4674
26882
30725
-18445
276
19914
10187
-15008
18593
7673
26113
28214
29645
23769
-10545
6395
28790
20861
5049
-18738
-23370
-17405
22997
-31593
-9934
4252
-9887
-7438
31188
-27304
-21782
-15299
-7181
27523
-13044
238
-12911
22011
-9313
-9403
-32114
-16967
-1527
2880
26960
-7939
3460
-27612
-14190
17055
23318
-1424
9525
21100
-1414
-7114
-12689
25240
18881
9160
-21693
-20039
21807
31867
-12861
789
27781
25232
30564
-23895
-32183
27978
-26805
-22164
17379
29857
-13423
29007
-6462
-14781
6279
-30465
-32537
21572
-21028
30675
15536
-20762
12843
31513
-22692
-10590
-4615
-23444
-9836
-17580
-23410
-9083
13166
19737
10201
18115
-19149
31772
1943
-19588
-6148
20579
24621
1725
-8791
26643
24611
28981
23557
-20215
26728
-9839
-7840
-24206
9815
19610
-16157
28078
6406
3504
-21318
23172
-14207
8278
25887
20428
-20729
3532
8690
24192
21682
-13289
-31830
-21551
-31589
31285
18694
25713
5744
-17915
-26785
19939
-31315
-14536
-8358
-31029
32496
7565
27999
-11785
17937
21438
-7399
-342
21181
-29602
7282
9993
-18107
-15294
-2436
1001
20493
-8435
-28243
-7896
-15640
-21203
32446
1420
-28440
-11341
11637
-6589
21758
-18786
10578
-2325
-608
-6491
27218
-29745
-28647
-5019
-1608
756
31389
21164
-3059
15984
27374
-7215
-23642
-19044
15868
13824
32644
-583
17795
-6261
25632
6154
-8550
1976
32453
-28268
17852
21973
-7167
23399
18943
-4410
10672
4345
-28216
498
-8968
-1416
10953
21377
16192
3304
-27626
-3137
-27535
-20415
-1049
21431
21671
29011
-18910
-5515
11391
-25681
-32319
7180
6355
-19784
-17226
15020
12703
-29996
-8847
4008
19412
-9123
-10945
27379
-29342
12109
18764
-1603
5789
15552
-686
-14402
12530
12835
21539
25466
-20363
623
-21903
2092
-25299
-9357
-13721
24602
-9389
5338
-23031
-28737
8106
18475
1440
-3952
-6804
-30905
-17809
-15250
21418
-3564
-27537
-3072
-13430
16938
10192
6207
-31514
9162
-17746
12741
10852
-28078
23271
32478
-15367
4119
19394
30044
-25605
18940
-28946
-20944
18880
-26896
-23130
-22354
-16478
23696
-8146
-5898
7593
11413
-30083
-22010
-24397
15274
20536
20513
10741
6820
-30584
6014
15669
10966
4435
-29152
-23603
17931
29591
-3728
4897
10545
-32386
-7628
-22429
-591
15384
-29346
27700
1856
19287
-32469
-20157
-17049
-17514
1245
-1635
11747
-28189
-2803
-7222
-26723
-22935
3498
-30210
26321
-2571
20246
-25851
-31520
9429
-24118
25903
28591
20545
-25769
-17980
12798
-3805
-27252
-18753
-19764
3579
-6270
-30564
-29850
-2124
7710
8157
13408
22695
-11473
-1435
-20220
-28838
-11114
-24269
24669
6780
-5825
30747
-19295
-2275
14420
-28656
-29377
-3479
-4293
29945
-27560
24536
21081
-5290
16411
29420
27515
-6585
-16773
23707
-8503
27446
-19378
14784
-22560
-21730
3712
14059
-3002
-13600
-10588
17972
-29676
-32029
-24497
15897
-19750
32160
10155
28216
-785
30790
-29190
-25636
-8404
27251
7859
-19708
7849
-31871
-11257
4618
32367
14952
21148
-7377
-16532
-529
-18592
26330
6194
-2142
6942
-7965
11526
-15356
32534
31640
1522
985
1005
-32714
892
3496
-21994
-21305
27213
-11358
-4280
-32178
-18104
8679
-12529
10782
21939
10456
-29458
-22043
26679
-15491
30683
-17460
3108
-10132
-10970
-21459
-11454
-382
-9124
-7674
25206
-7164
12280
22894
26004
-14987
14402
28070
11277
-4927
-17038
-32726
27488
20477
22740
-689
3301
-3562
12910
-8561
5786
3058
22172
-30290
5537
26946
-20757
29646
27178
-3454
-1741
3580
-31190
-15758
-31032
-6730
19817
-13181
7246
23366
12041
15106
18963
-18583
972
26892
31812
-344
-8324
-21170
-32148
-9609
2954
-32701
2830
-4849
16341
2430
-10226
17935
19973
-18020
-25599
13117
5499
12205
23071
14545
-947
26060
21138
-27384
-6145
-28377
21183
-11087
-31198
12047
-27088
-21331
10181
14801
28469
-26346
19493
-20766
-22235
-19388
-29444
-21330
-15449
6859
-7201
-11869
19227
20445
-30194
20081
2835
-25343
6844
12517
32086
-16107
13317
-31861
-14205
-9982
10519
-9153
8633
23937
6092
-5996
29508
32661
-2686
2424
10214
-26347
-6387
11918
-732
30441
13193
846
-20325
4713
-27098
5073
-22798
20682
-14349
-8413
-4707
-12389
-20283
14833
27778
-24496
-26019
12213
22443
-12183
-30205
-14323
-14665
15108
-21509
-31038
-11424
-12013
-9974
-29085
-28431
-7860
-6528
21128
6256
-10191
21124
-20115
-8450
-11373
-26987
-16129
25517
13269
-4250
-12899
-29849
-3180
27291
-18576
15132
-9373
8483
23878
29136
-23034
8266
5625
12681
7608
-32021
22284
25219
-21762
-21659
30537
9300
-22230
1204
-25900
-4363
30033
6457
-8593
31779
-23326
-10445
-7727
-15145
-5480
-23341
-4648
-10656
-2646
-5819
27826
-8412
20747
12147
-21078
10579
22267
14138
-15851
6904
9331
24174
30365
-31241
32095
-29847
-7441
13657
22564
27154
13565
-5853
18700
18642
-16467
31311
658
-9973
-17792
-30817
-30424
-31305
-12557
-21703
26682
244
25431
15074
11422
10356
25958
-10305
-32646
-19385
24345
6147
-13205
-16973
-14005
1632
22455
19319
-9928
5309
12165
-22806
8153
-17991
-10940
-19120
-15651
3474
-25453
616
21016
20414
9011
6214
-2070
17232
22683
32481
17330
21162
4728
3873
17215
8265
-30260
7394
5687
-21980
-1002
-31250
30472
-8757
-2553
-22790
9123
13186
20214
-29691
-17201
-9965
26236
-138
13413
-16921
-22731
-8090
20145
-20226
-13815
-1546
13423
-17933
7611
16720
-29790
15753
-21470
7060
-22042
1895
25310
25672
-7605
18750
-26110
-18117
9157
-23387
15452
-20605
9705
-18844
-18820
9397
-565
27491
21440
29583
19229
-1858
22068
-26691
9002
-23660
-25730
4602
-19718
-29918
-445
25178
-21349
-12496
24232
-28010
19762
15731
22149
-28112
-16069
-4572
20559
-4854
27821
29986
32524
-32020
-29424
31882
806
29947
5035
16084
28
12264
-10444
29103
-32264
13920
14167
19820
-30303
25452
-26116
-17425
17255
-19869
22217
-826
-10329
-8537
13555
-8509
817
24429
-32245
-6395
7933
2742
-10167
-4256
-22947
29989
-895
-14875
-31920
31885
-25584
12443
20666
-12665
-19574
19008
28965
31907
-29061
-28190
-29562
-14299
-10551
-30553
17566
26624
8652
3254
14326
-25390
-22066
7253
26352
-14642
-20362
-28188
11299
10645
22491
18446
-27705
13011
29664
29266
6566
30755
-11183
27248
11654
11033
-11833
-11453
1478
-20341
-6798
-7738
-3548
12948
19081
-14630
6970
-11649
-31841
-28452
-10327
15981
6046
26766
-11601
6033
-18530
21937
-17959
-32060
-28623
32024
1923
-11976
-1039
13995
28315
-8835
8834
9896
-26130
9210
-19008
-9520
12953
-18029
6524
15124
25735
26078
-23887
14122
-8788
-17812
-9268
21704
-798
-16025
-24714
-29261
31015
-32315
-6933
22425
19541
21647
-13694
-3215
-9393
4841
-15566
16282
-9448
-31333
-19447
-5325
-14946
-32332
7125
-32514
29187
1925
-2970
-4011
23226
-2246
-14937
-9200
5474
-28019
-25098
-9095
11098
-21488
23624
31922
4343
-1282
20575
22003
22103
-25563
-5289
8281
20271
11750
-6540
27600
8628
-17598
-4784
21
-21541
-20681
12235
18036
27425
21669
-10592
10669
9329
13714
2683
21423
-15442
4781
-21005
116
-9970
-8606
32043
29692
-4214
24979
-16231
16033
-5355
7560
26529
-17430
-14039
21428
2579
10934
-6808
-16736
5462
-15404
3789
-199
12318
18557
32032
-14066
16561
-18708
4938
-12365
28157
2757
17191
24412
18539
10063
-16948
12433
1330
-17771
-32523
6860
-14157
-30944
-23720
-20963
-12890
15160
31925
29977
10818
-15382
31650
-9201
22160
24914
16142
4971
-8698
-25268
11801
8464
7178
-23245
-2772
20728
-8609
21688
25392
-7712
4948
13248
12863
1402
-3573
-10641
2049
-16409
-29756
-7980
-10250
28174
-11433
-4338
-5979
23629
-26372
14280
-16932
12103
22741
-9549
-3209
11541
-24953
-31919
-20306
-25426
-2603
31219
-22459
-16918
-9957
20195
5247
-22099
6546
18220
-20848
17102
-14438
16067
19631
-24306
15979
-4517
24146
-20426
28688
-31378
31737
11920
16291
6931
17592
4187
25849
7701
13427
20947
-23841
16366
-18362
-25011
4604
-14365
27290
-25233
23350
-28253
-2921
-31596
17203
-11883
-14912
25685
18479
-3442
-26721
-7068
27786
-18514
-1355
-19792
24415
-2914
8473
-4987
-23566
17921
-18191
-31852
21594
28943
30736
22837
-13034
-25968
-7214
-17037
-6660
18289
10476
25811
1909
27484
-10401
-27698
24050
13586
-21537
21151
-18451
-3321
-2056
4754
-23944
9053
22604
25965
-23277
14168
22935
-9349
-14321
10457
126
-24856
25909
14088
1842
-1737
-26284
3879
15272
-21482
12468
-29642
-8875
15605
-3477
6087
-330
2810
29545
-15165
16715
-7374
-3637
25419
20946
10976
-23831
-18985
23158
2485
-9289
29498
-16612
22925
-18210
5808
-12033
18708
395
-29244
32131
-276
-5203
-22147
-13126
30787
-11511
26097
-22282
-17504
21299
8689
-24747
-13311
12221
16901
-1128
2833
19013
-11440
-2400
-24159
-7494
-322
25183
22553
-19838
-31599
-8631
-30158
-4027
-23628
-4836
31835
20805
8029
-5986
-28406
-7730
16136
-17594
13282
2017
-6324
31302
-20407
-23018
20871
3248
19869
-6872
-5740
-13197
26240
15374
-10162
-4816
8390
28687
-5334
-29954
31189
27478
11285
14
-8122
8333
18031
-11761
32087
31395
-5958
17964
-22322
-11083
28388
2426
3315
-28224
8426
32749
771
27438
2183
2977
9992
-10655
16608
19033
5594
6427
17843
-8669
13648
17075
10419
-6367
-14918
-15919
-24415
18639
-32097
-31518
-26447
-24173
-19296
-20667
-10378
-6100
-15112
13740
18046
-9589
-11443
13156
-30113
-29722
-22633
29336
3189
-5105
32531
8453
-17467
1302
-6300
-24429
32007
-32390
-13313
14900
-24089
4758
-12409
-15175
31162
26326
-26877
-26230
-19255
-11251
15712
-13900
-27350
-3153
-6556
923
-29581
32036
5869
-31394
-21830
-11526
21292
-10926
-4118
8300
19937
-4611
-28632
7952
13616
27404
-4337
28944
31278
7397
-22534
5330
-14878
-21937
-30031
-21832
-30875
-7895
28262
7662
-32226
2945
-16588
16726
30494
-5220
-28475
-25594
21473
11239
15098
-20909
-27171
25205
-1433
-11384
3686
-3328
-9262
-18170
30809
10019
-20163
10854
-30389
24165
20501
12374
12505
-7696
16065
32101
4422
19891
-12238
18358
-8096
-31008
11628
11701
-1030
6960
12409
17070
7646
-27742
-17322
-8472
10300
20864
-29300
-1504
27624
23880
-20441
-32708
7931
11286
-24618
-1735
-16784
5354
5160
-18351
-18719
-24016
11385
-25809
-30295
14957
14579
-22487
-25662
10682
12396
16647
-1542
7074
-11323
-25947
-12664
-17695
16952
-2671
-25116
15166
-24839
-30659
-2238
-22959
32648
1277
-10827
-12272
27770
-11684
-10052
-1768
14604
4378
21637
11152
24032
-2463
-16951
-31226
17803
5222
30588
-7931
15410
32655
22041
14317
14192
-16216
-7614
11461
11693
-20807
-283
-22219
23407
-14085
-30761
-7850
10174
4320
11938
24307
6822
-18505
644
22168
25528
-19030
-4754
28810
-21057
23763
31931
-4915
17383
27921
1428
14544
5706
-7003
20352
12289
19983
-23172
29927
-32620
2048
5793
-19513
-5004
-9103
3896
20629
17381
-25136
26970
3352
-18579
7724
-8607
-9338
-7863
-10307
17223
9374
29979
-31195
17455
19948
-19743
-8822
8159
-32428
8780
-2370
29083
-5462
19753
22972
12756
-17606
19165
20038
22215
-22578
-8529
-14184
-10872
-4327
-3399
15430
8218
11021
637
7698
-13484
10803
13043
17890
31304
29800
757
-21796
30316
25911
24798
-27894
-20223
-3196
-27393
12379
-3970
-7476
-17733
3540
10970
29887
-20566
-31698
-4229
-18271
-16001
-20867
-18788
4826
-6676
9783
-25889
-13427
24336
-1464
1584
-3653
20443
-1751
23717
-31715
26770
25701
-7076
6772
-15992
32694
19754
-6942
-6481
3702
20913
-32267
-15985
-15696
4344
-28518
-2983
-7086
-18822
12128
5290
-25243
32099
18092
-2300
15187
18038
447
-2941
-279
32154
-14676
-15273
-22609
-15246
-9509
12324
-13744
2934
-8820
-28978
11430
11610
2693
829
19947
26790
-6434
-339
-28328
25366
-18341
27533
-23730
11820
-28805
-21113
-21660
-14067
9402
-29586
7014
4670
-21466
-23318
17243
15018
-28942
22635
24588
24504
-19226
13905
-21225
22979
15696
-10947
-14775
26138
-3680
-12444
24367
-11583
9839
2421
25350
22578
-2800
-14822
-11636
-18998
23675
-10601
-10600
-28499
10942
3437
-9665
8746
13351
25448
-4465
19147
14054
-17383
-22002
15789
-6171
6967
23394
-32220
21852
-4121
25214
17691
-31954
-5657
-28814
25988
-29776
27229
12568
-15536
31940
10102
-23094
9663
1817
-7588
-11890
18301
10616
5460
-17062
-11929
12046
21526
16422
-7819
-22306
-11315
15389
-20644
7633
5270
20440
-5778
1056
12291
14489
-28816
-11568
25513
-30209
21600
-32200
-891
-3225
967
9938
-12463
22605
-29452
16346
-18495
-28396
-16254
29074
-24939
-4777
-13803
-12369
-23605
13469
26921
-1679
-32740
1859
22673
28522
-10625
8442
-9855
16676
-2653
11911
-24275
-10147
30346
13712
-19827
-12015
-17245
26402
-25799
23992
13810
-555
13371
-24526
-424
-17921
28353
-16551
22177
-29914
332
-13789
-67
-14678
31148
-5050
10728
31579
-13688
-11891
14720
-2396
31813
17571
-15331
-22877
21822
-32702
-22330
-31719
-22063
-5015
-4743
-19978
15335
-19821
-22093
32614
-19639
14354
11854
-27387
20213
-28740
12268
7842
-22892
-6444
-10798
315
-4848
-16134
-31441
-23750
-16145
-19415
-30126
-3752
3695
8097
-11143
23597
-14799
9165
-12215
31112
-17773
-9513
-25913
-26715
-3124
32601
2664
-22239
-15425
21447
-21456
-13233
-17123
30451
19692
-14698
-6806
10296
-13285
-31786
7667
24777
10115
25453
25985
9864
-9500
12514
-29817
23531
-9128
20951
-30924
23237
14458
11574
-18855
-19964
9054
-15787
20356
24337
-27534
-3998
-17966
10148
22214
-11620
6976
-12608
-25395
-7337
-27063
14995
-16759
-9254
-18183
26039
3448
28662
-31018
31970
-13337
11548
15243
7587
24305
15710
2978
-9325
-23496
-2165
-19800
25928
4860
26625
21573
-8699
29926
-4252
23411
-4790
-17360
-7169
-10902
20979
17914
15173
28030
18564
-13952
32612
9968
-12054
4846
-31865
32342
8024
4819
19574
-16455
7467
14602
20760
2310
8567
26743
-16123
5599
-20150
12314
29061
17152
5922
-27194
-22425
5716
-251
10258
-11605
29923
-22288
-100
-13814
-2823
23458
10344
32270
11636
440
-5881
-14712
32392
31795
-25
6289
-31173
-6624
26287
21867
-1445
14500
10430
26739
-28491
27342
-23563
-3722
-7070
-1392
-3900
25748
28583
32482
-7262
19962
27412
-23870
2912
27432
21174
-13538
-1174
8208
-27395
-14064
-21303
10918
-17045
-20433
-3241
19214
-29122
18166
-12198
-5829
2947
-6363
21873
-32624
-27767
-5589
-11596
-15693
-19485
9006
-26100
3123
-24996
23118
25092
30553
-850
-31641
-2869
19956
29670
-11955
13098
20887
758
-22102
-30575
-25232
11842
15306
-31162
6488
22853
19293
-32360
4978
-25203
12486
24582
11947
-2985
11309
164
-17650
27730
13354
-20590
-14957
-10555
-14973
13989
-13551
10459
20260
31879
10475
-18510
12813
30577
19420
29436
3565
9790
-3624
-28443
-22759
-10387
-5578
-15982
-16392
-22955
16838
-9276
-28795
24674
-7642
17593
-11770
-27785
19803
23907
-19497
30728
6489
27681
29685
5168
18100
-19911
25038
-8696
1806
21004
-31785
-19980
-31230
29550
28190
-16071
-6475
30140
31341
-31648
25999
19431
29166
30942
3663
666
12182
6702
19861
-9506
-8738
-5408
24172
26607
19087
25510
869
-25369
-19103
-7445
-23769
859
-9227
17292
11924
15873
-31411
-1601
3649
-18169
4213
-16716
-25891
-3355
-17348
-638
-4263
11027
-11915
14001
16555
26585
-16371
18971
-96
10016
6474
26106
-30588
8050
6433
-23348
-7277
30091
-20726
-16598
506
1355
7476
-31550
-10165
11085
-8997
-31123
4767
-28958
16834
25506
-516
-12654
21066
-19872
-9398
21141
-14016
-15012
-12169
-4364
-30827
-12074
981
21394
-26103
-13698
9166
9887
16810
-22247
-16377
2885
-15471
-9975
-4285
-7808
-8101
-1446
17838
26795
-18491
12144
464
28837
2960
-17246
-13295
17021
-23294
11702
-5682
29624
18906
4829
-31165
7376
-32676
1299
24513
26748
24840
2113
6778
4554
-3541
19950
-11534
-19179
-23520
-11954
-23690
-23970
-20597
-28544
20933
-13492
-16942
-7093
31753
2754
6567
467
18149
-6351
-20736
-26795
19039
29827
16627
-13932
3149
-18198
6513
2772
14703
2228
2287
2246
-1949
-14383
-31963
21369
-5298
-19245
18703
-27436
10522
24908
-15620
27819
-27043
2997
-9021
9042
-20586
-6646
-27278
-6269
7228
28089
22240
-14192
-9436
30088
-4835
-12657
17917
2448
-10715
-29237
-22887
-718
-30112
9051
24229
11810
783
-22948
-14724
-32463
-22666
-152
20733
-19571
12121
-23480
15416
27572
-11900
29308
-30190
27334
17396
-18294
-30518
32513
1864
-9522
-15458
-2947
-7658
-31877
20745
-22525
-16328
20029
4606
13242
12325
11602
-27991
27415
23887
23587
-26610
946
26485
-13247
32025
-6255
26041
-4907
22867
-13178
2091
-10978
6068
-19505
14070
17837
-29345
-17516
-8205
-10415
-681
15232
26351
16709
-27031
16139
26444
3868
24538
-22753
9470
-31964
-18663
20761
-13750
32132
28902
13882
32420
-2799
22983
1488
-21621
23000
-10526
23589
21993
32041
22787
-1955
1847
-19405
-12480
-2775
2139
-13973
-160
22901
5009
-15027
-3038
25664
-11793
-19555
-7047
-24758
25551
27723
8566
7948
-13663
-3651
32423
6597
-27374
-18373
5446
15260
-31240
-11536
-30716
-12164
16122
-14518
7428
4337
-14144
19746
-9226
-11421
-17963
28202
21831
26250
-318
-28708
-29099
-25379
12333
-30973
32190
27206
-12059
-30643
22407
-3270
28088
32264
-21388
-28245
1529
-7802
-23298
25969
18177
11489
-6107
-9348
29324
8596
6127
-9578
-27166
-21145
27575
-28987
13982
-2180
-13407
-5308
1930
-3363
4941
21797
1477
12411
-305
22249
-25754
20638
19522
19740
7639
-27279
-19711
20020
461
11218
26966
29038
24938
-31551
10438
1111
-1337
22724
4481
17491
11255
-27985
-11110
20474
22045
-3636
20291
-26494
-28267
27939
13672
18099
-22627
-6835
-3115
28564
-3787
6370
7778
-21039
32142
-2540
-13299
-9468
1576
-12441
-26087
-29778
14972
-15928
-9424
-19200
-4112
-6721
20327
32561
-6829
-4590
-11015
19741
9769
10410
30056
16470
29096
-27987
-21591
-25166
-28082
15404
-30368
-4770
1183
-26683
-30901
16717
28164
-10028
-30367
-27549
6812
-16526
19819
-30724
19814
84
8616
28822
-10787
-14679
30189
-19854
-21467
-22481
-20817
20425
7000
-996
30193
27465
15786
21521
-10094
-16820
12961
4033
365
-11475
-2902
448
-22803
-24739
-23229
19604
28679
-20902
9163
-6042
4674
16611
-23516
25859
2462
864
11922
-164
-19585
-24101
24707
-16362
5390
302
1572
18914
8200
-2010
-7960
22641
17560
-4811
-1385
-23766
2497
7450
31628
31979
11209
-819
31570
-30041
-15541
32106
4714
-5040
2593
4856
16141
9200
-16772
-1878
-15569
8821
8947
-30600
23167
-26975
-25936
-11215
-20974
24246
-17759
1657
22336
-26800
-29716
-8479
-14811
-745
743
4843
6741
-32381
989
8313
16478
-17819
-1253
-12040
17274
-28437
-15068
14086
4309
29779
24693
-7338
22451
-1599
22174
-16241
4317
-1093
7523
29818
-613
-802
3368
-2681
-14086
4430
7313
-4852
-30265
8267
29973
-10298
23914
-24669
22981
-20659
1094
-18327
-6719
18930
3582
27366
-31854
16325
-21628
-865
-3586
-10068
-19738
1136
-20841
8640
30681
4163
24137
-6598
-27329
-27362
-12580
2015
23244
10688
1948
10379
22990
-30078
26117
17753
5642
20739
-18623
14516
-25649
-13385
12298
3160
-11717
31063
-19910
-11958
30741
6440
32289
-11537
-30587
-19860
-26739
-27320
-21365
-15713
32639
23413
-29829
22326
-22045
-26863
31001
12336
-16045
1499
-9692
-14643
-4401
9014
5295
1069
-24586
-6424
18896
-14978
-23872
-19135
-32579
10620
12465
16093
12866
6182
-10153
11843
-19746
-30316
20925
10574
19889
-3073
-29427
-11271
-4800
7447
-29476
-15170
-6061
-28214
-12945
-28673
-30059
24356
21482
-14057
8695
19193
23332
-31019
-4234
4462
-1835
11004
6492
-6085
8956
-9774
6545
2296
2632
-2170
29212
-24884
-24867
14780
-32394
29453
-6167
12295
7938
-5678
-31313
-29822
-9485
29555
2482
-16507
-10557
-3499
-14470
-14769
-10192
-13322
-18591
-29045
-1482
-1191
25040
12096
-12143
-32510
-14451
-19248
-18125
9838
-17380
-6280
-13500
1284
24620
23695
23735
27430
10902
7153
-29286
-7460
23562
-7893
-10878
7927
-1895
6421
17229
31661
-32280
-23465
30902
6451
25917
-20255
16123
16032
-19168
9223
-9054
-16971
-19409
4737
-30308
18994
-28714
-22532
-26173
29441
-1313
-20981
-4382
-27519
-18160
-13504
-18485
8019
18424
-18306
15212
-9194
-20544
25316
21426
-18616
-8800
15885
19035
-8868
4990
-14406
-14843
-10049
-29565
21748
27884
1624
-32451
21468
25099
-1265
4303
-5146
-2767
-14658
-21112
13844
-8708
-14655
12954
23795
-29123
