10000
-20700
2902
-9698
19358
6374
-2026
-22250
-23914
12245
-11626
-12907
14561
17531
-6727
2906
-4520
-14481
22263
3795
26276
13106
31856
7826
12417
-17245
-27313
-15224
-8236
4726
-3898
-12
27993
-9925
-15247
10999
13566
-13814
-3001
-14727
26582
-1944
23749
-4654
18656
26526
21314
16128
-31709
-10465
29127
-14392
-9173
-14235
-16235
16051
4498
-15342
32331
18035
548
19547
-29192
-28958
27995
12363
13895
-6269
-25680
12938
-9519
-26877
-32733
-967
19950
3121
-24352
11541
-31540
25422
13820
4717
-18870
20909
27544
1322
20140
-5965
-18654
-26251
-20052
-15183
14077
-23092
-621
1656
3560
2222
28860
3506
-29396
-29154
20875
-19595
-18110
20386
-1573
20405
-9443
-2080
8027
28548
28998
12405
29698
6771
-30509
7964
-18291
-12191
6052
3700
-10
26955
-2041
20290
28071
22362
-8254
2860
-8240
-27096
-14795
5951
19981
-2930
7609
-22121
-19114
-19449
-872
11264
-3321
6883
7930
-32314
-17902
-4553
-16341
-18611
1793
-20202
32549
16106
30895
-24487
32343
32451
8440
-15109
-13727
-21255
-14818
19502
21108
-1503
-6134
3312
9743
17245
-8382
-12349
9199
-3060
20813
-23721
28760
-14075
21687
-30447
-32463
1325
10900
31853
-16543
-17196
23938
-28067
-25432
-31737
-18848
18616
8011
-15230
-29459
5109
5647
-24836
27780
-30791
16639
-445
19872
-27585
-28601
23356
14744
-27672
22176
-22008
30111
-18726
-11611
-6092
-3950
32616
-23892
9850
-5059
-8831
16442
6691
21725
22451
-28288
24529
-16642
-24683
-7644
-3054
18681
13494
-4041
15562
22161
11718
4101
3352
-21272
16495
787
5745
15844
18349
-1209
976
21198
-24347
-5763
13332
16562
19836
-24127
27778
28657
-32566
-29824
-6976
22767
4306
17179
-10715
-27285
-27006
-29613
-24514
-207
-25995
-28179
21705
27407
-4335
26352
-29607
-713
29123
32298
-3191
20981
-25286
-28013
-30523
18832
32217
18087
-18004
-2075
-5762
17034
-2316
-12314
-17513
-7949
-7693
20118
-32221
3563
5607
20892
16976
-13091
9613
-3772
-21718
13175
10456
22923
-1707
-21229
13571
-10785
-4522
9041
-15150
-21404
-727
-17072
-15067
-19099
-13525
10718
1140
-31683
23152
2801
3011
12862
-6421
-16324
19064
3639
-13141
18550
12966
-2911
17254
-23016
-12614
5995
1442
31810
-16563
-14484
13062
-14702
-2861
17430
-27572
-23452
7511
-9393
12657
15292
-10424
-12587
-29224
-8199
22077
4812
-8805
-10871
-10421
-15328
-26587
-22346
-28500
-28217
-21471
-2948
-18481
20906
11754
-13161
-13000
-6797
-19994
-28935
12920
-16446
-1970
23210
-262
17310
9110
-18789
20761
1425
27344
14224
8379
-11648
-16654
12100
-7135
-8152
20257
-18657
3797
1161
15743
-14729
26839
23943
-32450
-29091
20096
11597
10791
-19289
15440
11605
26128
18714
-14634
5281
-25218
-25624
-6357
-28213
-25512
-27339
-20094
32667
-23630
28524
-20276
-16222
-6247
18043
-1131
-23439
-30600
-5433
-20090
-20547
-14186
-28719
5917
3602
-20076
2470
-29684
-12442
22030
28716
-22786
-17658
1399
23829
-23342
8280
-15344
-4856
-709
-18011
-7015
11766
24498
-13037
14678
853
-16523
14649
-4052
-29785
-32540
-22306
-10317
20446
-6686
-553
11565
25764
12109
-26349
-22817
-13262
16874
-25524
-17821
-13155
-4409
4841
18775
8400
-32514
-26008
-26314
25445
1556
19956
19124
-32467
16574
-31186
23192
5557
32596
7467
-21309
-31748
28336
19614
30510
22944
-20142
26603
-19768
-23758
14511
-5241
-28399
-31925
-30232
-18386
-26408
-19424
26320
-25122
-8320
23231
-30661
22715
-25556
10790
-10599
28819
-26311
11724
-9770
2244
27200
-24269
26889
-29963
-26857
-24105
-29694
26698
-21937
10051
-5771
-28423
27211
-21090
17461
31211
1452
-26420
31491
30787
-6801
-16198
14851
642
-11766
-30861
-1990
5309
-26016
30688
-2271
-22829
-9877
-31611
-9831
689
-17311
-15742
17532
-14154
-15308
9836
2237
-2717
2289
-4012
-12496
-2164
-32290
5644
30941
-20285
-13883
-31801
4624
-14985
4699
7496
10523
-7567
18532
28464
31921
3495
380
-5453
-1036
-15567
2191
-735
-9576
25641
-2250
11657
-31878
-15995
23585
-20435
-12586
4782
27082
15272
-23965
20047
-5312
15576
-1324
-12305
-14914
2967
6822
585
16465
20220
-5858
25969
-13365
-12164
-7991
10917
-30969
31116
15363
-15913
1514
20442
7973
-8673
13596
-28181
31362
-30679
-8677
31560
-26243
7354
5984
27748
-22677
21081
3819
30395
10664
-31275
-16041
4741
11441
-24522
-14337
-3422
-21801
-4980
5661
11462
-28043
21641
-15468
24736
24026
-3088
-9505
1460
536
22322
16306
14381
-4304
-8636
-24409
13851
-4493
-20641
14742
20978
25440
31862
29867
29962
-21343
-15349
-17951
-12829
17184
32379
-8508
-26572
24386
-30345
-30097
29466
26085
-5191
32112
29167
32045
4092
7281
5526
6595
-1175
19949
-1343
30035
6698
9092
-20606
5391
16489
21400
29131
-24618
-31023
-22479
-24832
-18014
13050
7061
13790
-30311
13162
-14999
23176
9350
-4550
-20298
-19974
24831
-16758
-20834
30403
32412
-11402
-1115
-1296
2343
-24114
-30196
-26015
19443
15684
-3246
-17416
-26708
22202
-9809
7495
-31778
-14385
-18024
25148
22587
-23147
21696
10794
18174
7117
27629
30009
25296
19169
14277
32501
-31899
16597
25571
-8396
-4682
3067
6694
17555
21838
-10824
4399
-26370
-16668
21461
10982
10803
-16813
21856
8949
-30759
27132
-31436
-19788
-13633
-14988
-2460
-25755
713
-19324
-26843
4458
-4352
10425
-3526
949
5627
-21188
14682
-24732
15967
-32435
4698
-5623
-32707
-12224
-7885
-2819
13373
4552
29309
-17118
-20716
25549
28025
-3852
11376
29300
2707
-20981
21869
8840
15843
-20836
-30988
-2933
25411
-6410
22906
8654
15569
-27897
-21607
367
19498
-31111
27067
31558
759
-12564
-13480
-13887
-19873
29259
9390
16009
-2763
-2539
-11668
-28438
-32253
28857
-28483
-20509
8739
12798
20553
1434
-3083
-25095
10327
19913
23786
-9380
31427
-4015
17624
-17322
16647
-31121
5455
21873
-17728
12155
25520
-29527
3248
-2491
15295
59
-21053
25443
-32515
4335
30922
-9957
30998
7797
-22027
-18425
-29923
-21921
21892
-31832
20712
11865
-31554
-13163
-13539
-4847
-1356
-32405
-2769
24433
4172
14674
-11026
-22607
29990
31906
-14253
30906
6562
-30091
-9931
-20777
17132
19349
-23866
-30166
-30738
-5964
22763
-32066
29834
-26818
-27509
-3757
10921
24075
-1167
-159
22061
-18878
-3225
-1890
-7860
-27003
-20244
-29573
-19010
11359
-29990
91
32703
-2450
-4120
-12922
6519
26298
-13271
-17980
1944
3716
8566
-11841
-17080
14114
-425
-8683
-20044
6344
-12108
-15329
-19250
-5166
-4570
-10381
6696
26898
2039
25758
-3666
31923
-25063
2950
12216
12374
27668
13821
18373
-2444
26748
8651
24523
-24192
-4547
-16762
-29881
-2759
6484
8556
-30948
29785
-32245
26523
-31525
-8660
-1074
-19944
-23895
-9466
29913
-21655
6877
5424
27516
1230
7961
-6657
-13554
17177
-11254
1433
15831
12777
-20575
-32587
4359
9232
-28358
-15884
-26151
-8007
21406
21237
16412
-28329
-23521
-965
-7058
-17717
-11147
-13661
11638
28751
29724
26178
-12668
6720
-19226
14622
18586
7345
4237
3903
-26507
25396
25986
-13078
21837
-23995
-12937
-4794
14756
799
15926
-2659
-15253
25499
21412
-16111
-12267
-19278
30957
2144
22453
29884
13747
27740
11974
-19277
27034
-10411
-18996
-15821
13003
19901
18138
8427
25715
26914
-18390
-8634
3394
-16400
-1291
-18483
-3565
6624
27040
-2481
16300
6801
-17023
-27507
-10941
-11588
31959
13597
19679
-32446
-29851
13112
28632
2025
21248
-2477
-4079
10323
32003
5710
-21106
20653
4577
3122
-15694
31133
-10691
-22530
16558
-893
-25643
15676
7659
-5261
-28900
26171
29511
26139
-17587
26338
21561
-11582
-4884
-13847
-15423
-9106
-25913
17985
-27462
11934
-29888
-22777
7342
21941
31896
-16820
-2201
8976
-29109
-32268
13898
-10641
4158
-10070
-4264
-27051
7361
-30396
-28923
25947
24290
21665
-18574
21109
7984
28347
12266
-3784
-13028
5401
-20636
12613
-4477
27697
17539
25407
-28505
28742
-4410
-8111
845
-8685
-30920
15384
-6316
20291
24496
27146
24186
6250
-10261
26070
-1184
17798
15427
21779
3688
-11585
10535
-13595
-13569
11078
-18642
-22927
-23041
-9926
31994
31439
-2526
10486
-31096
-21635
910
-7883
21525
4482
-1868
-25748
-22324
20269
-19055
-21528
31315
22651
-32573
-4802
-30504
-26073
-23166
-31902
4909
-14742
2558
20190
-7715
-4709
15118
-25177
-138
11743
12548
30215
-23081
-23295
-27575
2439
12428
-7332
24068
18329
-11649
23571
-13387
164
28059
-11122
-10994
13617
24239
6222
29921
12397
11866
-3606
-12805
-12971
-18553
18590
30157
11232
-26030
22173
23984
1574
-10722
-11311
-14245
58
-21182
17747
14505
6142
30256
-22638
17213
1271
-20717
-6342
-15845
-17104
9449
-2312
-31147
11221
10208
-24003
10393
9081
-465
-28651
25666
20688
-23422
16215
17466
-26901
-31981
-1346
1178
2598
-31721
-22222
-15485
-9475
-31362
22397
9349
30803
-30089
31670
-27991
6879
-8981
-23366
9754
5653
24833
-5084
13052
-4230
-15244
-21422
-2152
21303
-25421
-14819
7701
-19594
-10619
-28298
11599
23637
20159
-32233
-17334
-11392
17764
-12791
-27823
28546
-11911
-23711
-29299
-29256
-30576
22125
31484
23457
-22126
-10516
-1672
7873
20815
18920
32282
-32191
21482
25701
-20985
-7191
22166
13478
-10287
-8488
-5296
-29166
6924
27319
-18723
1952
20331
14005
26446
27716
29007
-10989
5149
-22289
-8275
-22573
23649
-25703
19658
-10855
19601
19816
2541
26511
-15172
1659
8279
-22045
-9147
28106
-12424
29582
4181
-2500
25955
-15075
5400
22427
-13999
31521
-23087
-10695
-15257
-15823
13926
5761
-3376
-15739
-22960
30281
14568
27701
1953
-29280
17176
2578
-25077
-9039
-14716
-19371
17159
-16223
-21940
-4251
10331
22814
-12227
10757
-11541
-11744
-144
12555
-5247
-1084
-29800
27992
25735
-6795
3450
19351
-4158
-9580
-5722
25594
-12890
-24131
9343
-4276
-22453
8629
-10949
5247
22988
7725
-7148
20758
-18753
-4699
7447
-3516
-26714
7088
18509
-19892
13695
5347
-32508
14023
1472
1135
19569
1985
6930
-22625
-7924
17403
16975
-26979
4276
23494
-15085
30579
-19929
-28490
-19319
-20080
-23104
16968
-32442
-4938
24103
29257
-26919
-1627
-7280
-13564
-32403
-22364
-16721
-13677
-13651
-14138
9756
-16506
12859
27237
-29637
4038
3330
-24402
28007
-26680
25284
21753
19135
18554
30849
-4440
8879
-10107
28060
10222
26045
-17133
-32349
20544
26769
-32200
-22127
-19544
-32379
20166
29538
24385
9195
-16100
-5930
-21388
-14583
30695
-19102
-4558
-19416
-25301
-28666
-18208
-29549
22136
-25950
7069
-14774
21982
-14157
30952
5722
-24284
25391
-24740
-31011
18566
10703
-21241
25725
-12728
29149
17686
-6138
32657
-14957
10153
19152
-27635
7542
32105
30297
-9220
25172
397
-12435
-30384
8263
24146
5790
-4900
28914
29560
18241
-22356
-13021
11461
28004
11894
-23539
26753
-23191
-32645
-23556
-28153
-12682
-11200
3908
-29693
-8339
-7464
16586
14178
11307
-25861
15635
-8576
-2417
27234
-29820
32436
-2214
-10380
-11723
-17631
32151
18599
-27109
-9366
-2265
4123
18992
-2057
6509
7448
-7979
24538
-11441
-18672
1479
29053
-31944
-12251
5369
-27789
-17269
1081
17735
13006
-27966
-25093
7950
-8022
-16665
-23132
18149
25316
-16334
3396
15864
28910
-10632
30020
21524
8366
24663
-24042
-21034
11172
23216
-27207
-13520
-15378
9704
-11118
-30399
-2943
30908
18169
-27478
-4405
-21964
-11652
-10518
-16579
15899
24879
1060
-22651
-29585
-19488
6347
16373
-19321
9983
26103
30346
-4355
28536
30650
4570
-30660
-28349
-8651
-19526
7729
-20482
-18946
9079
-8231
18175
-17117
-1750
-14694
-18033
13822
5649
-30737
-18073
7851
28572
-32560
7099
-21581
-3886
22830
23712
9458
-15424
22805
-32715
2193
-4972
8298
-12206
-24229
-21494
-6132
9621
8257
15607
8587
21276
-21745
-25420
21004
-5383
26754
572
-14296
-11707
31112
-15851
12628
20416
14297
-30184
21351
-14405
-21264
10144
-24575
22940
-24808
-19597
5561
-25710
-17016
-22660
2231
-31518
4714
13277
-25428
-31942
24255
13718
-21872
-16725
-12250
8750
2194
-1918
-19203
555
-10851
-1254
2197
-1841
23611
-9233
2424
-13421
-3208
-21369
-102
19245
-3809
9462
-9970
-27981
9154
-6966
-31428
-16278
-30462
-5710
18042
27083
5165
-13018
-18034
-27326
439
17281
17270
-14983
10600
14697
14581
-14592
-15086
6847
32638
11334
-7774
2357
-1865
20286
22655
8878
-28686
-13374
13525
24748
-7840
14153
-22900
30563
27427
-628
22301
16026
-13449
-32071
27284
-14906
-1801
18094
-25379
-13521
-2719
6007
-6420
27152
391
13527
29754
-16717
22214
-29414
-617
6146
15521
-18206
-7674
7244
-23332
-27360
-9288
14189
-3740
3568
-15414
2122
13854
-6388
-11430
28142
4606
32760
-17155
-8709
12888
-9453
-18872
-25442
30090
-18981
-3766
-12409
-5816
-5337
31219
-4582
19527
8099
13285
29924
-30306
-7428
23563
-5591
23929
2527
-20325
189
-28668
-32502
-32210
-29861
-14471
22089
26578
20843
3727
-12778
6836
-12688
20871
26088
19470
16468
-6087
-21594
-20378
-22591
16652
5079
29109
12699
9724
-25057
-8439
-2435
-15850
11588
-26022
23969
-5829
-2110
-5018
-23094
11639
18713
-16285
-5866
32582
7895
-32317
18193
19275
17626
-30450
26336
-20574
22985
28313
-6927
23038
3598
-27120
26459
10956
25176
24603
-29957
30477
30233
-32035
26962
28459
26121
29809
-19465
23092
-15009
25431
32248
-16473
-26273
-17287
16239
9584
-21899
28058
-18115
21363
2597
-11146
26317
13567
19707
-23353
-17769
-16342
-27355
8424
-8695
-28510
-855
10688
11229
-20256
-26438
-32333
26882
-5449
-1859
-25853
-11349
-19756
29229
-21670
7236
4542
25510
30461
18757
22552
-25236
-15136
21585
18937
-28578
30733
-9572
-12353
17344
-7977
12799
-28023
-7839
32442
-21414
2117
-9526
5228
-11874
-17911
-20544
28624
10047
-21759
27323
-9432
27343
1907
8299
20061
934
-7565
-7253
-8346
-220
8235
-14148
-2990
11406
19277
-13895
-28189
-21085
-6449
-22352
5613
-31194
31000
-23056
22888
-4989
-30423
28431
-13304
18194
-14732
-26463
-30801
15825
-32026
-28409
-19236
8979
-12456
-7992
-18861
-32469
9504
8539
16422
-8248
-19377
24839
28754
6147
-1102
-20162
-26611
31788
12921
-26452
-25883
-7240
-3578
-22464
21158
2015
3963
-21000
11287
-10996
-5138
10217
22733
-19460
-27959
-31350
-1109
1389
32324
19773
-2852
-14620
13046
-12596
-16464
32503
-17237
1971
-16613
5478
-25105
8659
14290
-22485
-26362
16116
-20586
-17718
2438
6967
14566
-5756
-11086
3589
13537
25889
-12945
14471
-16346
-24993
-29872
17451
-16310
-6653
-12464
12581
18235
-20537
6588
13548
26774
-24798
29088
-10425
-6102
-14713
13134
-2059
7534
-24346
-19805
-32550
-6327
1238
-27781
-2447
-4716
12869
22052
-8337
7980
-31236
21180
31164
4604
-16436
10355
-21856
16066
4346
9618
23831
19659
1789
-15110
4664
6470
-16875
-9954
-19557
-10694
-27892
-11996
-18430
11972
17579
-5659
-4271
7983
13270
-11658
-13269
-10153
-30510
-21814
-6402
29054
-12070
-16933
-13945
-1560
6516
20676
1282
9606
-32658
-26466
30315
28919
-13632
-26802
-31749
9539
9985
-13901
-7459
25954
30873
17198
7583
-5362
-13205
-13877
13397
17078
-1475
-20902
-8977
-4022
11429
-30197
6799
17219
6081
-6189
-22621
-20999
28010
-7226
-204
11230
-3443
-22924
-26578
-3437
10899
12695
23433
-7834
23782
-13909
-32430
8463
17515
24771
13091
-11962
15239
-22367
-5229
2128
6528
17585
-566
29637
1283
-15807
-15053
-10965
-22175
14487
1441
22911
-2888
-4809
-28106
11396
-18133
10218
-3200
-28653
-26242
-25505
15746
9070
-24159
-18480
-15188
17694
-22384
-23761
-27188
-25592
-22506
7246
-1081
-15305
-13047
-29716
27454
-3648
-4290
-28343
-10081
-5489
29948
28266
-30086
1619
-21850
30599
-26066
9026
-16405
2829
-2608
24189
-4713
-4381
-13519
3241
-16150
21373
18082
10060
-9442
-2069
-3551
-8019
29973
27509
-13441
16269
-10747
-27468
16070
-7982
3430
-24818
6577
9293
20265
23519
14729
5734
11166
-31794
18520
-16601
-8737
-23851
25709
9576
-15251
4017
-28379
-16061
24792
9421
-27128
-21218
16729
-18477
-26590
-21959
-18819
27298
-2285
-23488
10566
-31906
-2631
-7172
-27286
-14535
25683
-815
-6125
32334
31035
-21952
29384
15257
-21358
25244
14886
-26798
-29726
17802
268
-4533
-12739
14773
5379
-29054
-9878
31789
-29848
-7160
-12055
-15973
-21980
14523
30855
10422
15586
-19839
-8047
-27867
-8771
-6307
-24087
26740
10653
31655
-19216
22404
-26639
30130
-10155
5874
15039
-11790
-16000
30475
11604
-3750
-20968
-7679
-28796
-28303
-6786
-31327
-24680
19580
21938
17830
6987
-6472
25629
-5805
-10207
-4720
-30766
-1076
-11414
-21653
22368
12942
3583
-6851
20024
815
6422
-10607
-28199
1931
-1768
2836
-26237
17007
4517
29808
750
22059
-12069
-21254
-11793
6931
23393
27549
994
-17921
29429
-2239
-29761
-7889
7589
14652
30064
18148
-18645
-7844
-3998
-12815
-19408
16966
24809
385
13146
-16615
-12207
29820
-9760
-2896
1123
6135
25029
-23864
-4473
4873
-12080
30652
-23018
-371
-4363
17369
-26545
24084
-581
-1269
-4688
-32114
17552
6999
21836
6200
22186
13996
26035
-27642
22654
18003
-22738
1735
30802
32304
-13102
-3676
5054
-32643
-26645
30073
216
-17704
-21073
15934
11199
-15651
30960
-6446
-16914
-17176
-24007
10161
2423
-10961
23530
-20114
17942
-23228
5685
6273
-12571
-30315
-30151
10386
-32568
-6418
14466
-15548
30496
8204
-3980
16475
-6157
1366
-19920
28335
20539
18963
9854
-1371
-17259
-28934
31623
1767
8545
2331
15394
-3390
-3174
18398
21322
-11312
-13314
-9790
-25585
9811
24540
8959
-9113
20705
13286
24277
23458
15560
18749
-17611
-8301
31333
-21538
-21550
-23741
17305
7804
-28434
5177
-21065
-4693
14541
-13807
-18140
21593
-1146
-32460
-7872
28250
-21367
-27685
-15077
-2511
25575
-15921
30272
-14928
20273
2700
-19530
-22555
-14463
-24246
-3966
27282
-2880
-29330
12254
-8891
-18855
-27368
4463
26047
27433
-11235
29369
-26475
-15252
25416
-21682
9906
18989
3625
-11385
-18374
-31869
-29322
-6623
20571
-25553
14642
27182
29900
-13509
-23715
-5365
-23068
-13690
-5378
23686
-26163
-5139
25241
11384
4700
-19771
-10326
-2087
19912
-8862
22091
2352
28681
9260
-28149
-15255
-14553
-23508
14367
28750
24735
13249
23319
-28142
-20346
14739
31371
-26266
16811
-19601
-14575
8538
20342
-10276
5626
-19610
-21412
-32345
23845
24744
-25090
-8803
9263
4665
-19936
21732
16531
13679
25393
-28070
-24563
-20232
19578
-5469
-1246
-20644
1348
-11085
435
-12323
-30622
30935
5535
237
-32219
17204
4277
11069
24436
-26293
10300
-24817
-20030
7371
-8747
24749
3822
-26859
32410
-5206
-2977
-16142
21064
-16279
30295
-14895
-12565
31603
-25297
-10376
21345
-1085
-1398
-19018
1683
-2401
-6441
18088
5040
-30061
-13813
-5910
-26806
5974
-7020
-14503
13416
9460
-18209
-30357
-1229
19841
6958
17599
-30127
23582
-5295
28445
27214
-4677
15216
29673
8825
9573
-43
4715
4805
-18292
-3538
-5381
24111
9404
8387
5891
15819
-17933
-4662
12406
7329
-11734
-30341
20885
-28079
28673
20977
-31133
19224
8380
19229
-32079
-28832
8956
28049
23920
-17969
-1781
-11591
31320
30883
21475
2338
11465
-15941
-24005
-7377
10455
-18141
-4596
-14889
12285
18609
-2542
32642
-21592
-28621
-3642
25385
7294
-12577
20784
-24408
-12760
16582
-21322
3052
-29746
27147
9711
1685
-30629
13025
-22413
29218
-7824
-410
31253
-10263
8047
14714
-12264
20127
19194
-16376
30291
14276
-411
27555
-28569
31527
-24280
-12735
-14167
-354
-5593
24864
-16162
-31230
-21353
5632
22027
1415
23933
28381
-32644
-15375
-19880
-6907
-30182
-17321
-23461
-30943
-15595
-14289
-17620
17460
7037
-30126
22377
6596
-10356
-1633
29681
-11396
-7416
-17205
-7869
26290
2070
-13558
-10401
24087
6253
2754
-12287
-13805
-4297
4249
-11767
-12913
16561
8960
15087
-802
23695
-27320
7845
-20128
-26898
741
18008
-11570
-2476
-15245
-6989
13121
-24341
-27676
26957
-3035
30150
-21987
-21797
-9010
17535
5780
25382
-24858
-15042
10952
-3491
24405
-122
-10539
-32452
-6537
26234
-23475
-27101
15929
529
27276
-17458
-16306
-12704
-17726
-25242
-19072
-16143
1529
14768
-18705
-16714
-7181
23635
-22075
-8899
-1647
-2597
16307
-14317
7739
-19980
6295
-26050
-28972
11443
23525
22590
-11302
25354
-7938
-5549
13506
-21556
-21809
-6251
-19154
-7463
-25910
23982
8693
-11628
-8701
-30696
2345
15606
-31766
-7469
-12338
-2715
-16917
-29112
-17941
-28313
18196
-25190
10141
32014
6448
3897
-7641
-18439
17879
11420
21586
-15169
3081
28924
1875
-6404
14908
-28211
-15486
9731
13378
32261
15455
-23699
7721
1727
-348
27973
-16560
17855
27821
17432
-28865
2115
3728
-5165
-9099
-24048
-27844
15616
-23372
-22798
16214
28248
22456
738
9357
-13990
5645
21919
1757
-3240
28895
1355
28512
-2817
20515
30493
8521
29644
7554
18783
-18629
23966
2625
15711
8853
25687
-21059
-14127
17506
25562
-4500
7207
28472
24210
24289
16736
-29190
-29675
-30203
27194
-7199
-26324
-29272
22230
16316
-13380
-6545
25245
-17528
14770
13797
12983
-18898
-27547
-181
-29845
22959
7168
7430
-11368
20709
8706
-5031
-29553
10963
-13687
1934
-19346
23382
13911
-1945
-8107
11136
30518
17420
13077
4709
-2255
-15471
-12939
23453
-5248
-28170
22188
-24006
18121
-5757
-18897
28139
27108
20449
-11802
-7214
-31162
11750
22613
11914
-4497
-1523
18491
19083
3107
445
15917
17578
31397
-7454
32211
-11970
14031
-147
-31895
-31378
-6495
-27581
-8232
11327
16532
-12260
-7375
-26292
-14959
1216
19631
18567
-12141
-21751
17966
-7129
5136
-21854
4096
-2348
30327
-12219
-579
5564
24585
15453
26759
350
-8094
197
-17318
16082
-26373
-11829
18432
26239
-23249
-14841
16622
28887
-10293
21626
24909
-24244
32190
-16239
-20461
6212
-9032
5706
17604
24108
-28553
32383
29163
-23634
7837
19974
-24097
-22624
29827
-16860
20295
-28740
28576
-17538
17635
26803
2874
669
2977
-4606
6867
10948
5834
123
-404
26826
14893
30629
6735
11203
9867
-16211
1177
-28907
-11245
22721
-1162
7709
-26651
8462
-14656
-27741
1318
-959
25434
25166
-15674
-24252
-11869
11596
22739
13076
-24187
-10119
-19943
-9303
16470
-28491
-30059
-16597
6745
-27090
4602
-18458
11785
26965
-2193
-20497
-3858
-9554
-12009
15826
-5634
18837
-20503
-5181
-29836
-29259
23902
-24956
-22278
21625
13961
-11909
4
-28827
-8828
6396
-24136
15323
-17257
5210
27161
-6566
9405
-20865
4489
-26770
-18792
-14031
-12569
32013
-30527
-32534
-7951
1019
9036
-12460
17781
-28869
23869
25003
15419
-29656
-31203
13939
-15285
-292
19892
28710
-7962
-26270
-30538
2859
30470
29374
-28076
11256
11009
26590
-9752
-12501
4712
23875
-14753
-2620
702
18640
1336
3477
8107
7209
25782
-24385
-5347
-6274
-2773
-10158
-32597
26801
-31242
-25743
12603
4572
20287
26064
11316
31646
20468
-17922
20549
32537
-24400
19062
7765
-15730
-2204
16835
2735
-1617
6598
29253
-24451
-20066
-19935
-6296
12133
-13782
-1950
-30241
-22476
7907
-7130
28549
5012
21567
11284
15151
7548
16297
4331
8143
-25257
12385
-21669
-17110
-17698
12715
15789
-1787
28242
-29008
26895
-31417
-12681
-13852
29950
-26209
15183
3261
25535
7794
7163
25933
-8529
22314
-22433
12040
19217
7267
31233
31934
31554
21375
21634
29695
5387
4578
-2222
-11172
5881
885
-8881
32124
-24869
17373
-5318
13669
-30562
-23848
-23748
-7791
31148
-16168
-7603
30682
6438
-17052
-16433
30474
6776
-26127
-27982
-21938
13864
28467
10577
21335
-18688
26597
-14848
-11754
29231
-28314
-21692
27068
31680
18276
-30233
-25706
-6005
17178
3757
-29741
13909
3065
-21393
30692
-14121
18462
29920
-16784
9474
19471
25661
4310
1457
-23859
11082
7552
14414
-21042
12796
-25522
-28709
-22049
-21979
-29949
26551
12230
2132
11792
-19714
2751
-17428
-12131
-18317
-15130
3569
-28183
31524
32391
17112
-27332
27741
15308
-18618
19441
3836
26066
4814
20361
18762
-5670
-4111
11613
-14203
-10684
-2462
12714
-16422
20950
-30567
31904
8613
-2865
-28945
-27144
2100
32093
12055
-8351
-2256
23726
6996
-20042
2445
-20684
-13228
-16659
12737
-27842
23688
22662
-4480
-22357
32219
-829
24666
18692
-29702
15751
20616
-18706
18505
25252
11610
19439
10032
302
-30200
14103
42
29963
-24161
8081
22890
1794
-3738
20102
-11877
16190
-2349
23491
-24152
-18384
-22587
10944
-24362
-788
-2179
17888
-23204
18061
-12117
28991
-14586
6570
-26638
-11303
17612
-29958
-4399
-29222
-18205
-18143
2449
18901
-21767
28008
-25084
27199
3192
19382
708
15244
-3779
13787
-2437
14670
-11546
18318
14500
-18941
-6832
-11943
5575
20854
-4927
-1445
6231
21366
-4484
15912
26629
9763
-5565
7031
11074
13444
31794
-15610
26054
-20741
25513
14529
-26378
6132
-9200
-17916
18637
25094
21591
-30593
-32147
18131
25138
1610
28449
14172
11252
-11523
30829
-28847
-3393
11014
9566
-9357
-13462
4030
8784
14683
7293
4865
5838
-19456
-18980
-27754
-18505
-9834
30685
-20951
3219
17929
20381
1516
19556
-29266
13693
-30350
5592
25406
-8763
27496
-30665
-3514
17513
31859
27005
-18500
11895
-450
11056
751
7900
17086
-26400
-13349
30665
-7027
-31422
-19940
11315
3954
18208
-751
5618
-24657
-31616
-2112
-13351
-28603
5320
29246
19473
-32111
-4463
19119
-20845
9748
13371
2727
-18516
-3791
-3182
-1313
14068
-8057
4534
-18506
15840
9778
29736
-5452
26076
7868
365
22419
-13470
18892
-1878
23475
-10850
-7577
-21191
8140
-24406
25799
31874
17317
20188
-18763
-4903
-17092
4203
-8416
-20392
-16720
12847
28801
-1027
-22450
7783
-12640
-24564
27368
2295
7617
23997
-31243
28003
28022
3137
4070
13152
-16170
22374
22163
22936
29421
27371
-8038
-25887
8668
-19492
-9714
29141
-7779
483
-20630
2575
-15987
-21149
25206
6917
29185
-3819
6647
-1873
-27014
27660
24388
18804
19582
-28256
716
-9810
-32745
25582
3010
-28593
-31949
-28383
5788
22205
14002
8193
-17301
20103
4645
8517
13611
-32385
27445
28737
-7842
17668
-11257
-10415
25215
-18890
29448
24300
-16653
8308
18943
-2682
5851
31494
27647
127
11068
-27750
7212
-32324
3781
15072
-3119
-2515
-17061
-21173
15848
6915
26695
29166
16782
-1464
6975
-28174
-21892
28825
-26727
-29648
3397
-5136
7296
-3822
-29557
-30924
-30382
-28842
1112
17983
27383
-17992
14424
-8481
-29895
-8082
7811
6635
-31087
-25939
-1802
11101
15009
-24540
15812
-22774
-19842
21672
32133
26217
2334
6541
2265
16523
-30864
-29151
-15148
-1721
11789
-18084
-12387
-31837
9966
10163
11803
-22440
21789
24102
-3903
-27629
-20345
10448
577
7201
22947
-31082
-8084
9565
-644
1806
-4146
31072
-28861
17431
-10507
-2900
28635
14532
24291
-29669
-6830
-20413
-27026
-14051
13579
-22118
-23722
-7176
-21946
-7120
-12439
9747
-26204
21479
26873
-14297
-31109
-1763
14549
19864
9805
-246
8046
-16081
21542
-3691
21472
5810
-9237
26887
16980
-22932
24375
12768
-17815
-16892
4561
-7767
-32259
1524
14328
26026
22893
7253
3974
12435
30840
-6584
32070
-10414
-27228
-9570
-8235
5625
-2338
-1125
-11225
16950
11663
-7859
22742
-17194
31885
-10628
-14095
-24860
-426
5586
4179
3419
22935
-3803
-23253
-26805
27819
-2209
15278
-23040
14686
24173
6489
13461
-11982
-328
15925
28368
5949
13953
2822
-26769
4753
26154
14709
16830
-8403
31131
11915
-16575
-15536
-18925
-1531
7808
24947
31785
-15221
-14226
19211
-18644
53
-25871
-10050
-6713
-5608
1226
-11924
-3513
-11775
17576
-30466
-10844
20651
-32623
19088
27465
-15203
-3916
-3527
23119
-20322
12366
13876
14943
-4135
-29416
-20711
-16912
12787
15987
-6389
-26138
14415
25514
-7670
13275
9347
16172
-31367
15318
13343
27646
6857
3118
-12150
-1542
4833
-18462
-31889
-454
-1906
-29902
-6710
-26116
19728
-1105
-30111
23900
-19344
-4208
32763
22633
-30192
17142
11864
30874
14312
-12498
-21026
21576
-16679
3913
5068
-26745
-12230
14604
-22938
-9483
6741
4956
22010
-31302
14376
-32380
-2125
2290
-28398
-24674
1815
4217
-18060
-19568
-20170
29863
31829
-3064
15343
20807
4294
-5978
-19181
20203
-521
-30460
10317
-18856
10694
-19260
21600
-16147
7077
-8205
3498
2589
-11273
-17077
-22507
-9599
17510
18766
-25354
-29012
-32438
7829
-30896
-21915
-23541
27756
-15054
2724
-5720
-29205
15688
17412
27773
-12281
-4328
31676
-27583
23383
-914
19698
9179
-13570
-31446
-2749
-18834
10449
23112
-5717
12525
23552
10755
-14745
-31668
-20398
19745
-4489
22520
-4960
18500
-2252
-20106
1916
-6161
-25131
-8577
12239
-6064
-21268
15032
5640
-30541
-11800
10829
17049
7533
13604
-8031
-30537
28013
-29538
-18896
11158
26389
32498
-30157
-17595
12803
-16379
15739
-30088
-27105
31897
-8707
8119
11370
15198
14468
25227
-6758
31766
-29374
19010
4872
4243
-29189
19423
3540
-15876
8367
-11849
17322
4921
-26628
-13988
-4657
-3531
-6024
32716
14417
28769
-8223
25290
-16480
18696
-21324
21423
22317
-2595
27897
27818
-12802
-16326
32517
4912
-30412
31709
-26254
22134
13105
7227
5410
-449
-20494
-17323
-29401
10276
-13886
30691
-17347
-3692
-2733
448
-27941
3539
-9098
-15282
15456
13352
32238
32725
-18163
3456
-26517
29359
-1690
-6772
-26330
-22153
-8436
1695
9537
-18932
-6662
-28452
27118
-5697
-5815
-14629
-9259
3591
-12114
30797
-1510
-31649
20999
-25927
-11824
-8110
-13674
25669
16271
-23282
7034
-24429
17389
8571
6560
-9911
26416
26565
-3187
30271
29705
-16114
-1843
15435
5096
-11532
22822
9027
-11655
32637
29716
-11319
21341
-11669
-25290
22871
-16940
-19208
20375
-26744
28532
2669
-6866
7574
10237
-20416
-338
7500
-15953
21217
21236
22366
18751
-21011
-14617
-304
29274
21629
3365
-8268
21624
-31917
-16129
9440
27188
27408
19354
5182
3180
12411
17248
17242
195
20645
24776
8527
-6176
-21674
-11978
23853
-28042
16228
22493
21209
9895
29205
-4062
10315
-19042
-14981
-7196
-2592
22101
22306
24932
-13750
-9465
3621
10158
-22785
27556
26841
668
-10712
19861
-13176
16201
-2976
-766
-18172
23060
20464
-24423
-32659
-22172
-949
17950
20783
23986
-30543
-27196
6703
-30921
-13350
-13900
-32051
-30684
-14677
-6293
-19615
20041
-21903
13937
-16796
12138
4110
20958
-14098
-7808
24334
13308
26674
8493
28240
10129
-16109
-507
30104
904
8916
17774
13780
24457
32353
-15348
13881
76
-5632
16752
-10669
-15413
28384
1627
11637
19392
15961
27604
13468
2893
7368
28188
-11679
-19470
7960
19720
-32350
-3600
29621
-2869
4088
5523
21812
18667
3676
9615
-12322
-7538
-11557
11741
-9167
2657
-19387
-10090
-8386
32481
21671
1180
32276
-18565
-26083
-15718
4653
5148
-1222
30796
-25498
14497
23213
1292
6403
-14286
23271
-5370
9181
-2119
24194
2460
-11551
4511
-12954
-26754
30697
-22303
-17868
-28232
-18108
22616
1310
-26894
6589
-24476
7799
-3834
14647
-24704
-21283
-25780
-20502
26209
-23120
-13289
5740
-4827
-21395
-4552
-3056
-11347
18787
30088
-17018
15471
-17309
24288
14472
-16024
27135
3213
17340
-24191
13997
-2908
18069
-14511
-4817
32402
26224
-3245
-21545
-23023
-64
-7901
27285
-723
-13261
19691
19082
-10689
31954
6180
17425
516
-10180
27103
30348
3197
-5504
-19165
-22984
28783
-8296
10628
6233
15874
29406
25692
-16577
28108
25748
-5783
-25117
7967
18558
-19389
7144
-18504
-7694
-21547
31450
-29882
11615
-8646
12560
8302
21295
-57
-14472
-28258
-27486
-1446
28437
-19315
18866
-30477
19735
-18507
17751
1362
26776
15769
11045
-14832
-4625
-23673
-30362
-30704
29312
-16747
3789
-21503
26143
31671
-7393
-14686
15474
29823
-5313
-2449
-23578
2155
-319
-14078
-25531
-11330
26227
-6001
4222
-1908
-12342
18074
-13455
7824
-6286
15776
3534
11947
7234
19301
21382
1126
11796
22038
-10935
-19906
-6722
-25840
30081
-9968
-20336
-21684
-14251
-31458
-8486
-11814
-8478
25037
-3216
10344
-4013
-24508
5181
13626
-21185
8863
30974
23274
8715
5288
8946
15313
17036
-3475
-26479
-21535
9841
-3357
15779
27267
-28787
-9294
-25450
2960
2794
-28978
-14024
29364
15679
-25033
7736
4772
-2972
25476
23506
5422
-17876
-1947
9097
-12014
-11855
-21673
27094
-31007
-12597
26925
6711
-23589
-8950
11787
23980
-2564
6411
-28985
-2278
32600
-3175
-19865
23082
-30723
22466
26126
1145
20094
-29532
-13275
19273
1314
-3400
-14010
5406
26537
2080
-26376
9798
-11700
12672
-8263
24397
-2185
-7069
-2950
5215
-31314
16265
26627
-19115
24662
18352
3497
-1562
7864
-9881
-5836
-3292
-28208
9127
5861
-10022
-27009
16078
17840
-30825
13457
32585
-14391
-6474
-4485
-15223
29692
-31870
-11218
2913
-27204
32367
-11309
3699
-28374
-4651
-10000
19963
-11904
-27619
6971
13715
-15213
-48
-30756
1634
25781
23896
16326
-13442
7510
10537
21405
-5740
-736
-27611
19782
17383
-16616
16022
-10279
5606
-13864
2648
-22922
9274
-15566
-19359
19557
-21203
21026
-9248
-60
28032
32764
-1669
21411
-25045
-13974
26864
-9967
-15518
4532
-422
-18712
23560
21032
17224
-31673
28938
24990
-7647
12318
95
-15269
-16569
-24837
-24624
10658
-11168
-19135
22040
-10740
-23821
29844
15767
-7813
-17231
-29390
6675
-2045
16449
-15964
9042
-20082
-8534
-28904
29542
-15300
-5338
-25405
10940
32636
-30857
26340
17582
-7759
-20348
-32022
23367
-2380
22731
15296
-17869
32174
17155
-26900
22115
-28223
19138
-28841
-10708
10598
18272
-9797
31428
-11696
-4826
897
24946
-28695
6911
15784
24208
31234
-14731
-15988
-13560
-30972
-8704
25496
3773
-8808
-3677
8474
8753
25765
-14593
-9530
-14499
-17527
17867
-29663
-15909
8071
6305
8207
-32478
15339
31616
15226
31086
22294
-5884
-23493
9866
-13585
-9979
18708
-8297
23251
-14614
-26317
5798
11731
24460
25113
28867
10894
-7102
-28777
-161
11012
22705
-7662
17673
30096
-11295
15399
-2492
-24615
-55
17930
18961
16232
5926
20301
-18650
-15057
-6276
32046
9673
31054
-13367
-17404
-22701
-20553
12770
-24273
4735
-19860
-28556
-4904
18772
26494
-11042
28148
10802
13989
8079
-27666
-23515
-18196
23270
21888
2688
-9611
-17270
-12372
-17603
-19235
4880
-19984
-26202
10147
-30439
3356
-19793
6841
9508
12843
-26140
-30597
-26173
-15041
-5830
-4532
-23873
12442
-20890
-21736
13312
4197
-14209
14706
-2537
-25020
18776
32053
-12976
10469
-3401
14860
17545
17496
16309
20570
-27654
11520
-9983
31771
-6163
5676
-13069
-12647
12506
-28974
3088
16882
6855
24999
-31402
19573
-846
25009
12994
-21771
18535
-16393
513
-26548
-12047
2705
-3672
2254
9336
-16815
12051
18026
-5721
24309
8188
-10676
-16015
12827
-5769
-17247
-13404
2743
5529
847
-10488
-31936
32492
-28735
-26747
13844
-12111
6659
-14262
13258
29697
-1583
20554
-15925
17087
28068
-9882
23973
-17235
21523
-32757
-9069
-18
-3913
14659
-2336
28391
-26223
-21107
-5477
-32193
26538
-30359
-9880
-5843
-2806
-13157
-20667
15901
-16941
-32270
19067
24052
-4217
5667
-3189
1026
-28812
-22288
-4434
31395
-14326
1654
-22441
27663
-25206
-15864
-5863
18511
-9785
-27476
-16567
6357
7891
-17897
8309
-9441
-30355
15228
2818
-10586
-6796
12979
-13634
25417
-6419
-23963
-6814
4165
-7203
29571
-7012
11391
-28319
15329
21207
-14052
30790
-18860
-14159
29535
-21513
4493
27497
-18036
17255
26219
16455
10607
-16295
-6168
-26830
-15945
32694
12449
26821
-19669
-28449
-26834
-3968
13533
-10447
-4616
252
-32657
11088
-5663
18894
15372
24438
-12354
-18101
19105
31629
-22246
-13511
-14382
-5515
-2828
-25
-11737
-186
9035
25845
-841
21253
-28158
30091
-13613
-3969
12228
-3183
-27571
-24801
20248
4369
-25600
-24917
-16482
-30720
603
-31793
25357
-4668
23700
20802
27707
14086
-17648
-3579
1526
31138
18906
-7442
-8616
-4056
20574
23201
-18551
16047
-13962
-26773
4558
13986
-31531
-8731
-4145
24624
-13229
3887
17530
-17400
13978
-2993
17029
13755
-31204
30643
-6581
-1264
361
-30955
17996
-29536
5006
-2064
8993
2468
28432
26014
3346
-31888
-26719
-19083
29659
32239
2545
14872
32443
27534
-24766
19426
16573
5698
18595
12545
-26487
16249
-6213
-14958
-11564
14392
-15707
2985
-24921
-11830
13197
23708
-15262
-31910
-5085
-23299
-32663
28556
-8323
11732
-27639
-17409
-15323
-12835
-19817
-6182
-9425
-13202
3921
20615
23025
17885
-19478
8923
13675
891
14764
12910
-19243
-6077
-3689
7139
18903
5166
16527
-14918
8996
2084
16497
-29070
-18849
-18739
32744
31735
27249
-5772
10391
-18754
-13399
24096
-10501
21811
25151
-6950
-1824
-3603
-21941
17561
19247
-16748
19383
18425
-25529
10884
29187
-29535
7503
-9377
-18949
-19005
-17274
15512
3348
-20368
21961
-4325
-14722
7408
-24947
-24977
-32424
3432
-21217
-32584
-15264
29568
8156
32200
-28736
6340
-3892
-28694
-10648
-5497
-17874
-14971
-16274
-22815
28138
21280
1278
-27902
18022
31804
-29679
-4663
-29681
25363
-4061
-278
26482
-16386
29512
18784
-25164
-19932
10148
32736
-24630
-29614
21344
17836
-27626
31486
15673
-20570
-26821
27416
-30669
-8329
-32073
18314
5152
18521
-3483
24231
-25625
16878
17925
-10244
-19718
-22001
13685
-13054
-10772
-4622
30717
-9521
-16088
20343
29009
18690
14794
-11287
-18116
-17280
-19564
19929
-12679
16534
19025
-24057
-6198
18658
-2792
-16552
-10664
-24669
3291
-20146
20624
-6540
-21194
4141
-11529
-29856
-27715
-17236
16513
-32175
4209
27391
-25089
-12588
-2251
10516
-20877
-29522
-2426
-4490
30018
16241
-19124
-9569
27963
-4649
-10393
-24580
10692
11505
20693
6686
20131
-31805
9094
19306
-6736
28705
5630
-23879
-30367
-25891
-32266
25376
-7676
-18947
-27517
17471
-15032
20073
11530
-21996
-25945
12286
-22183
-31954
-24806
-19215
-12302
-3970
-4462
-17679
13119
-18670
639
6909
-19182
32176
-18517
332
12479
12567
-3577
-12671
26067
23340
-13586
21170
18052
-24681
1386
-10944
-13774
-20785
13172
-13530
14579
10739
-11391
-22997
65
-17438
-3571
-10064
-8314
-2760
7470
-9051
-15830
23226
23075
18410
19510
-30602
-2841
-1511
19633
25684
-25712
-3074
-28693
15545
730
8628
14514
12072
12106
31475
10879
16012
-11412
-9588
-3362
-5407
14183
32236
-8929
-14427
14875
17019
9160
-29089
8718
27743
31780
180
9759
10881
-6921
-24124
7476
27624
20685
3653
25780
-31300
-15755
-701
22286
9316
-20386
-21040
-30912
-21043
-25905
19984
-4080
-2983
13056
-807
26419
27686
-14821
-8433
-19177
1732
5230
-15048
13157
24228
-25581
-14580
-31515
23600
22975
-21119
22111
11223
23751
28539
-21634
6261
-8431
-13888
26520
-1477
4286
5769
-13881
20516
-29823
-27637
20994
-14100
32275
22458
5329
16170
1427
-14177
14669
-9767
8744
-24053
-28301
2477
-29311
137
-15151
-5713
-202
15314
-907
-22845
-24233
-11113
9782
12432
-17549
-15890
-4881
-6785
-16414
-13119
20800
20559
5539
-14949
-7371
-1855
1413
56
22299
26322
7477
21383
-12462
-20924
5145
-30140
-25673
23063
-24678
2130
14401
23006
-5349
-3951
19374
-2591
-31353
8110
-13641
7394
14433
-8725
-31939
10121
-6378
-11674
2710
-5401
-7688
18167
-6990
22058
-3758
-20677
-16634
-19518
-10884
-29601
16342
-23011
30371
18036
-5885
-12307
11463
23014
11630
18122
-9684
-30440
-1165
-9097
21582
27947
31394
12243
-20191
29094
-7513
8115
-27349
-26677
-26274
-6771
-27469
9306
-21894
25942
-21347
-29752
31060
-16022
12222
28441
28328
-30511
-13588
2703
-32162
16135
-17296
23773
-29016
-315
18581
-3752
29981
28121
-29819
20682
4512
-11278
18645
-23140
-10228
7818
32472
30550
-29714
20957
9928
-8021
27566
-18852
25340
-20428
-30219
24857
-15019
-30747
18202
23833
-9962
609
14842
-31452
32677
16101
-8761
13147
-22187
9973
25737
-14806
-27183
25442
12606
2639
-10058
25343
20179
-2061
-15479
294
-29797
11290
-15381
-15410
-17349
-20201
31750
30252
-16160
-30361
-26757
-592
24626
-20504
-6992
-5639
7723
-10493
-8715
-25919
25008
29389
-32691
31295
25498
-27225
-5733
-19811
-1504
-5962
-3515
24455
-10947
-15315
-3482
-14343
-10247
-5169
31652
10471
16598
-26075
7856
6668
-3270
5871
17777
-3171
-9908
-15043
2241
-10288
-4371
-25519
2830
-30952
-28071
-19573
-9005
24330
10479
-4739
-2560
22878
29674
11660
4427
-30919
21709
-22310
28759
-26607
-19589
8364
5206
-22145
-10533
29116
-32686
5818
11357
-16555
-14870
-24394
-24247
16177
27326
-19674
-1963
8187
-15867
-19787
12565
-7282
19814
-23923
-31907
19238
-2194
-25121
-858
27576
27623
31199
-31465
-23260
16902
-1953
11468
-19545
-3233
22969
-1653
-18331
14632
16587
-18665
16655
-30408
12833
7021
23555
14858
-12179
16270
8031
-16924
-31418
21691
32528
-4982
-19144
25221
-8601
18025
25707
-15157
15123
19321
18882
-11031
17020
-29778
-15144
10677
27362
8681
-7236
32731
1641
6622
2513
-2357
7920
18449
16555
20649
-9232
-12940
8892
18146
-11184
2720
-20173
-28839
5612
-5502
16372
-5008
-24038
-16367
8164
-24290
6299
9634
7449
22239
-28417
15416
-11272
25289
-26582
24680
-13843
-11826
-25041
-16855
-29049
20793
9989
-29750
20592
-6337
31851
32056
26450
9457
13406
31511
18204
6068
20766
23310
-26608
14157
8160
9107
-18542
28789
14416
-16368
21903
32128
2451
-13461
14654
12849
-32303
-31166
-19171
-30655
-1817
-8717
10374
-30247
17354
-12745
10659
31168
-25696
-25340
-10649
4583
-5150
-25589
-22396
29672
9671
-26117
-17254
9416
15047
-814
-5387
25196
17682
-5527
18648
-11685
-16788
-7871
-1769
6083
20060
12468
-14546
-13746
-14475
6447
12957
-16638
-21665
29356
-12591
-260
27378
-21178
-31184
11186
-27605
-10204
233
8733
-12059
27726
-32346
30325
18210
-11043
10543
-16927
-1450
25688
-30373
-14610
29435
7541
-18338
21210
27864
8328
23097
25129
-23163
-7052
-7752
399
11160
10054
-293
18779
-18959
-29137
18650
13428
19490
32515
-19821
13374
32681
-10642
-18364
-28745
28513
-16127
31282
-3925
17385
-14204
27269
-16344
28310
12558
20448
4893
21918
-21715
17565
14509
-26404
9480
13288
-11524
-9676
12258
-10953
-32401
25547
-2141
24479
8355
19364
6115
-30081
27415
5399
-32067
29365
-3918
-9826
28332
-4746
288
31507
-282
19520
-17678
-22840
19333
14335
5816
-6565
26205
29373
-17345
-2065
5143
13204
9487
26539
-9793
19791
23354
21926
18284
-3162
13786
-9801
-25884
-31039
-9081
-24787
7508
407
-23038
31438
22255
-28788
23030
6794
28476
-1388
14922
-1877
21883
22292
13686
-25018
-22039
-23476
3007
-9796
-24376
-19123
24764
-16399
29554
9145
26309
31628
-890
-2975
-3207
-32187
-16937
7442
6961
-31277
10398
2855
22385
-7193
-1213
9173
-6142
20695
6059
-25208
8805
17492
4688
-20961
8677
-19942
-256
32052
25117
-9811
16656
-11726
502
-19666
-31851
5623
18173
-15454
-22241
20732
-18405
27189
-24742
-27053
9987
21595
6353
-28895
23760
-8213
-32734
-9194
18542
-14893
-9003
3093
23734
17025
-14467
9139
20221
11394
11734
-21327
-21148
13198
19117
28573
12893
18574
-8953
2399
-13589
-6755
-24970
-13662
-31578
-27024
20713
26251
-28010
26947
-3735
32612
-8869
-5352
25207
-32744
-23570
32434
-337
-23581
3801
11801
24400
25226
-32458
3671
-4740
12989
-26837
-27882
-17761
-17351
15760
2069
-14655
31419
-27573
11614
22744
20787
15008
-26641
23245
3019
-29729
163
8824
1714
-6844
28129
5076
22505
24621
-31701
26778
10968
10547
-23181
16519
31517
-26149
-30643
3761
-6960
5687
-25790
23275
16673
16719
-17946
-10767
11680
20966
-26227
-10229
-20008
30779
5123
-22628
-382
-2857
-17478
10678
-11768
-31416
25561
-16312
14022
-27815
14190
32186
23230
-24440
17053
-7441
32474
-18673
-23138
21397
-17565
-18333
-18711
-21068
-8988
-30303
9359
-18534
-20709
14105
18344
-31845
15475
-9713
10437
15242
27839
23177
-11666
-22469
-7666
-27560
-10951
24613
21301
-6782
26063
22550
25819
16056
-1685
21464
24410
-29278
-7405
-21286
19620
21476
-11779
-17741
3719
-2947
-9438
-11192
13165
20683
-390
-14477
-25732
3820
479
-4160
15564
-7806
-5392
13998
26642
23199
18485
17113
-24164
27859
2543
22886
12949
3970
-226
-14112
28859
24695
29239
19315
-3248
-17251
14362
25330
-24724
21592
18493
25041
15177
-27214
-19028
3691
-10658
-16023
-27582
-20356
9874
13379
9194
-20772
6082
4121
-694
-30407
-6330
-25309
-11
24741
-31846
-20441
23159
-19127
12180
855
2877
-11129
14635
4349
8504
-30765
21286
6631
-21233
-32676
-32390
23664
-28113
28671
7196
-11782
-26597
-1423
15044
18959
10199
3559
22273
15448
-11169
25299
9944
21682
18659
14117
7336
-2415
-8590
32082
1938
13255
-29080
-12787
-12798
8791
13687
-4119
-15261
-24746
-15022
-32330
-12413
-9265
-14639
4043
-16063
17679
-32755
-27920
-911
719
-19400
-16980
24059
3581
29343
-15893
-24953
3752
-8086
-22622
15079
-5583
21854
-22120
32081
6719
11192
23349
-11139
-20192
1225
-19614
-13528
-18204
-21004
28614
-13679
-31761
-30026
-4772
15509
32362
-14001
6117
-22725
26327
19897
-10867
-23173
-24881
1109
-17596
-13904
-7837
-13425
29104
-12434
-22489
-13770
24057
-14345
-1441
-20425
29176
-7989
7483
19868
7492
-29897
-22623
-7290
-31834
-2580
-5622
3273
-27647
-6593
27037
2433
-3605
32310
30743
-17370
24552
-31945
9408
-21798
16356
23934
-31867
8514
24989
-379
-686
-10169
10730
-9548
4416
4791
7524
-17250
20256
-24975
-24299
-1679
14012
9014
15904
19596
-11403
16581
21995
14452
9603
-22523
-15095
21830
23971
-9657
-14897
7787
-132
-10061
-5148
5471
-25350
15170
-27156
-14984
1677
3549
-18162
-3466
23777
18282
15892
2381
26004
30163
-19555
-23030
-13653
-769
11407
-1461
10476
5665
3075
-6321
-5192
2702
24259
-10892
26208
4470
7995
3527
21700
6291
11206
-31001
665
-8602
-15461
20440
8208
23247
2524
-29359
8999
14661
3556
-565
-28159
23795
-31636
22670
-1376
-14796
-30581
22396
14897
-4360
17409
24480
-17239
-18755
27521
-23764
-11101
-26168
-17672
18072
7422
31502
-19037
26502
-3310
10417
-7939
-17541
-30820
-17459
-22502
10842
-6522
26907
-16043
-12648
-21647
-18422
21125
-32068
7199
-17623
7744
-15357
-29009
-29940
-26446
-24478
17685
25953
-23708
-3836
-11477
1523
3380
-13691
19840
4157
27539
-7689
-6236
9022
3474
19741
26775
-19620
-3798
-1154
-7372
19577
-21152
-22298
26781
-29096
1678
-675
-1018
-25070
23815
31487
-22510
15854
7853
9931
8444
-20277
-21121
-15912
-6471
-27159
109
-8507
795
-954
16043
17253
-2761
3126
-4498
30624
-732
5956
-12520
1603
-28776
-15474
-15199
-18769
-20513
14747
-6323
27013
-1552
7696
12900
-22750
-29562
7748
-29048
24994
-5578
-3055
26204
20632
8460
17547
11103
-10866
12246
22324
-30677
-20051
-32628
20672
24871
-22473
19226
27074
15084
17933
-7802
-7018
8508
20895
1031
25705
-295
-5121
-16299
20235
11111
10511
1605
-5743
-9180
9373
-836
650
-28002
21878
11569
20346
-9927
-9712
20387
7908
66
20588
27141
29452
20665
-1086
15395
-32170
3640
-17681
-2341
-13475
-24734
4588
24458
32620
-5860
21274
-12905
28074
-10407
-2891
-12631
-3221
-30188
19389
12396
24262
-1807
-1645
-10307
-3332
16965
-6282
-3139
971
-29303
7513
-27205
30995
17775
20789
15517
5611
21124
23410
2064
21618
30127
1477
11065
-805
-2135
-18592
405
18502
15288
-37
11383
22162
-27161
-28513
-23871
2987
-12391
-24059
32651
24651
-923
31514
4650
-8894
-17768
-24316
-24656
28886
17186
1044
-20070
68
-1625
30962
19400
4332
4133
-1114
23127
-31991
-24437
23042
-2648
-19081
9595
14786
10359
-25311
16396
22318
-18059
25993
23198
23547
8610
-5490
4283
-31572
28770
-22527
-29232
22895
-28377
-17895
8944
-5050
28018
31130
27053
11980
-13733
-30294
-8366
12092
16394
18420
-7678
1561
-24363
-30308
21020
-6359
-7452
-7483
32330
17357
-20975
-21262
27831
29613
9525
-32164
11047
3018
23882
-21827
-20423
9693
-576
-31959
-10451
-827
-3512
-20371
-21794
27376
11641
-1424
-15908
-2660
-26432
-12325
-30500
12592
-32705
23714
-24883
-27805
-18639
11325
-9910
-14798
8618
-14652
32033
2762
-9624
23047
6399
4705
21324
-18362
3169
14917
5807
8507
13813
-3481
-26096
10342
-9741
-5579
-13391
-25132
4177
-19624
30068
-25797
-15494
19769
25451
14548
-21743
-27944
-1268
5062
1959
-29039
20474
-22988
24826
2911
-10590
1978
15707
-15343
25280
-3399
-9022
7735
22791
-24463
-27036
16885
8927
7058
-28272
5643
20278
14515
-23868
-13247
19258
-1413
-21881
19312
22226
16722
-6345
9475
-12555
27569
351
-24952
29657
26418
-18256
17041
19
-13419
-20696
-18772
4085
6258
3283
25741
22943
-21350
-23874
-12106
16788
-26342
4556
-16221
-7484
-27800
29243
-990
-1378
31908
22779
13222
-14518
9270
-23966
19412
3660
-27648
3930
-7756
-28341
28723
-5503
-32655
-23593
-10357
21944
-24778
23130
-3647
-10857
-2599
-12514
-6022
18970
-32618
25260
18302
694
-14044
-6469
7459
-20318
-4531
-19027
-22787
-2893
-10034
-12447
-26462
10635
-1765
-29550
15410
-14135
12247
23325
-15324
23698
13655
1650
29757
-22401
-3448
-11540
29498
-1550
-28560
-29198
-11578
-231
-17082
-18001
29611
17886
7252
23343
-31613
29287
20097
-29605
-3613
-1704
27904
-11164
-25917
-31732
-29967
18909
-29482
-11730
10480
23783
12917
24939
31648
5461
13995
23807
30498
-25280
-21787
-28766
-5368
-13342
-15338
-17788
-4125
10442
-10430
-1399
-27403
-28028
19978
28365
12300
-9506
-4590
-22614
-22460
16990
4821
8866
4620
-873
9013
-1847
31065
-15902
25821
2146
21972
7957
-32096
-28054
23566
-1010
-26214
18
22465
-5939
-10075
21399
21417
23162
-30701
20040
24583
8461
3726
27437
-26911
-6741
-32501
3249
-7610
27744
10397
24357
26021
24159
-13637
19259
-26672
10094
30859
-8880
21428
-30945
-24593
-3837
-27042
18726
28333
23029
-2483
7182
14242
10743
20044
-10282
-14104
-30056
16888
13649
9371
26930
-2846
-21913
24384
16480
28527
12263
25859
20323
-13543
20976
6919
26805
-28160
-11274
-13484
-19280
10286
-2636
-13969
-23805
14164
13776
11503
14539
-20063
7880
-25359
-13055
20472
27450
-4961
15515
19207
22282
17387
32526
-6443
-16716
-7485
4616
-26026
-11051
13503
25494
11141
4278
-22516
-9817
29540
-2240
25924
-17653
-24078
9055
18579
-16115
-22637
2887
20320
1546
27581
4875
-15699
-32536
15061
19806
10685
16617
22615
24002
11749
-13882
29036
31903
13246
30059
-29515
22972
12858
15876
-12985
-20738
-19857
-1777
-1279
-17852
-4197
2404
29947
-26982
-7873
-7559
24143
-19515
-26598
30434
-19457
22265
-32281
6913
30449
19673
-26856
-8215
28948
412
-895
9953
11131
28902
9781
-31595
2957
-11363
31013
22438
29624
19174
29358
21988
18925
-8931
-26097
29533
-3615
-5366
-8878
-200
26202
-7432
28245
-22883
-11123
-14708
-11062
3315
-3534
-15129
9339
-23802
24362
-9092
7264
5097
6775
-32410
14952
-10339
-9334
-8655
18237
1846
-25342
-10055
-23913
-17755
19440
31605
-26541
-28323
-10762
-29736
-8807
-21998
-29822
-2005
7200
-31797
30535
-5301
30282
18218
-32603
2140
14869
29556
10348
-27598
-2616
20817
-32724
3091
19873
-4296
4531
-28626
5108
10991
-21131
4768
11318
22195
848
-16756
29348
13090
-17535
-29088
-8404
-29910
19638
31338
-7124
-31663
1792
-20549
10277
-31167
7429
12313
-30210
27622
-4047
6549
-16752
-28536
-19565
-25304
-4670
18048
-25677
7286
277
-13680
30224
7461
-31291
-15592
12703
30770
19432
11875
13300
25647
1288
-11806
-11645
-9885
23871
-29261
2672
-7831
-14381
19933
18383
-28252
-837
24957
-16505
24240
-13683
10319
-29831
-2422
-30925
-26132
-22226
4418
-25997
-24020
29589
23697
90
4847
-3927
29145
10931
27492
-19292
-26379
-29875
25693
3298
13810
-26787
-19986
-11002
-13252
-18664
15897
4022
-8399
11838
18343
10867
7326
-10097
12099
22487
1379
4783
-19819
4581
-27084
-28063
-26356
25036
3454
-4608
16255
14591
9624
31592
28724
-3131
174
-18121
-29925
24835
-9360
29562
2258
15754
16911
31185
-12285
22246
20478
26696
-21933
9109
-12726
15869
31468
32245
-28053
-21808
-29960
22219
29563
24008
-15382
30653
-29516
-26573
-18794
-21976
17264
-32239
1569
-29707
22358
-20478
18839
21929
-17900
28016
26609
-235
24617
-20628
4460
-30087
15532
23211
29818
19404
6797
23820
10674
-31671
-15320
-27454
6755
13395
5017
-14254
2230
-23466
-3167
27101
24704
-14199
21996
27954
-25925
-462
21031
8535
31562
10125
6664
5351
27651
-31731
24485
-24719
-17070
29290
2606
-10270
11880
-6980
24038
30687
30412
-14952
-11621
24331
-3877
-29719
20777
-19546
-26555
10502
27761
5765
-3932
23227
27662
-20261
-29706
7789
15728
22240
-290
-3872
-25659
-14151
4381
-4084
32555
11772
-31988
-4993
-20171
27338
-11746
4832
22146
-11321
-6473
22033
-20088
-25291
21653
26429
14945
-21583
17675
20164
-9891
-14679
-30929
9482
20423
-31092
30968
-15611
-17684
-11875
-27280
-15682
20338
32002
-1148
22759
-26456
-5636
12505
-26161
15224
27236
32347
16118
-13086
-7470
-9775
12705
-23157
18924
-20966
25401
2459
-22931
12488
17799
26517
-9362
-21623
30447
28590
14538
-27398
-13824
-7916
4861
-14820
-29063
25624
29743
22183
-12348
-32063
-31717
21998
-27843
821
6789
17503
-31206
-18448
25564
3361
-17835
29081
-14555
-7205
-21968
-8287
-7544
26407
25911
31361
-25325
11927
11043
-21622
-28782
21857
-6489
-29344
-26181
16212
-15113
-22534
-25053
-12135
-4758
24227
-10910
-7190
-19532
-3488
-19770
18109
-17132
-7227
-20642
8102
32191
-9193
-22849
-14033
-7800
9806
1018
8138
-30103
10895
31601
-14140
-8106
19116
27333
22831
341
-21731
27052
7040
-8465
23167
-28540
-21633
-19849
27075
-32471
5218
14650
12240
4804
-23264
14865
-6944
21557
19049
30451
692
-4912
-31791
-25510
-13277
-24234
-4951
11582
-18699
-9235
-6934
-27721
-16044
16618
1108
-7362
5205
31345
-20331
-23230
-10175
-1326
-1558
14038
24053
-27813
1139
13243
10573
24164
24429
25075
-7269
-6423
-27614
-14911
-100
15125
1560
31453
-14707
-5638
-30590
7750
32587
-20874
-18392
-30648
792
-10529
31461
31128
5522
-7920
-23063
23677
9441
-29236
-14005
8630
28202
-31014
-725
-20465
20351
29881
18851
-10045
-28273
-26399
-5200
3878
-18000
11776
-3261
-13181
9204
32251
5493
23586
-26426
22225
-21831
-22359
18819
-32231
-1478
15430
-13363
-2247
-20936
-15737
10035
30623
-17383
2912
12144
24512
-17667
18127
-27994
9760
-10943
893
-11110
18905
-22015
23174
1164
-24944
-3306
-6857
22384
-24576
13836
-23967
-16564
11106
3636
-24720
-2848
-17035
-15629
-16806
17920
-15399
8175
10695
-12646
-18806
-8697
21130
27089
-2691
-1172
-31604
-26667
-9358
-22655
14727
-26287
-2140
2421
17937
13384
-1982
-27499
10729
19777
-5434
3619
-1370
26172
-16911
30730
-25201
22926
-9116
24795
-15713
15981
-4539
22918
-11279
30444
30102
-18976
-10419
5070
-22425
9426
-28697
8360
12728
-17444
2858
6657
-28864
-26344
-1943
-22486
-16945
1280
4246
8969
-22237
14150
-28027
15619
11534
-3470
11790
-5881
2296
11342
-29939
-7846
12701
-31181
32226
16359
4919
-9159
-19973
18752
23134
-31002
25700
18076
-20665
11168
22838
10989
-25056
27840
-6679
2476
15889
-30628
3207
19799
-17582
-20412
-16489
32237
-32445
-3896
12933
6003
10599
17809
-7942
-20601
-26112
25597
-12408
-30950
29660
-22164
23363
11234
-20442
-11850
-27934
-17174
7652
344
7427
3405
-19232
10019
31800
12084
20935
23296
29297
13456
-8367
16294
-11156
-3796
-16225
638
-8879
4659
-26280
-7810
-26486
12540
6886
-7108
19991
29084
11807
-12979
25615
4711
8913
-28953
5363
-19937
-13143
-29403
-29740
-15297
26140
10943
-3015
16258
2929
1783
1763
-12296
11175
27793
6245
-8527
27023
30401
25446
11150
13999
18110
25286
18100
-18234
-21701
5835
-4844
3543
13413
-4750
-28414
6227
22859
-13165
15349
5376
3413
828
19265
-8661
10022
7859
14423
5866
-10405
18412
3888
24830
28029
-2280
712
-27633
-27035
-26122
13215
-7498
8346
1595
24242
14266
2372
-2468
14454
-32109
25238
28134
31753
-20169
-21381
2706
29329
-27113
30014
-25365
-3788
11516
-10241
30117
22340
-16351
-14328
5426
19464
-5141
7107
-11873
2027
-11270
-520
-17917
28030
-14319
4978
3370
1067
8101
11091
13440
-14042
14804
-27623
31835
-11586
19793
-7557
26928
-2840
-12485
30022
-30434
26518
22100
8024
-9236
12158
-20930
5805
31636
-25337
8828
30497
4230
10689
-17260
-22130
26553
30804
-19217
-17510
4425
-30117
5340
3601
32713
-6557
2242
31026
14050
32405
-11466
10568
-7182
-7850
-30010
5348
15977
-19326
1146
22259
-13426
-2970
-22414
24486
20916
29529
-19275
26997
27984
-9204
-9126
-14584
22958
-13317
-25880
-30574
4857
21005
-2845
-7479
32158
-20149
-27738
10356
31974
-31488
-26888
19397
23864
-19959
-2036
-10296
817
-7089
14451
3573
-3138
-6116
28570
19590
-30949
-14750
2342
-22146
20855
-19637
-2438
-378
-23316
-8267
29875
-12077
-29837
-23705
18064
-16029
7380
-22819
9146
3504
11259
12016
-31457
29334
-27319
-13667
28542
17795
-21473
10016
17003
-1842
28408
29801
5981
-15004
20077
30876
-31558
-10004
-23582
13362
8393
12892
30116
2604
3382
-2374
-13490
-11747
-1644
-31764
-24285
-9183
2350
23413
-25364
-5224
-22321
-18041
5226
-23010
-6111
-4896
-4016
670
2143
16692
-24310
-17298
30899
20569
7959
1342
-27658
-2640
5686
1210
5817
30617
-19998
15577
6155
-20443
-23396
14361
-13910
-10370
23493
5779
6673
-19318
-10617
13962
15153
24828
10546
12141
-24156
31933
-29349
-12476
21639
-14608
9650
-15764
10132
31079
-25804
-10831
20984
-15301
-18501
-7110
22278
27209
32285
1887
2101
20001
15699
-31718
9134
6074
17089
-28172
-20869
-10980
-18973
16770
-13224
32629
-4586
-19376
22702
-21382
-30388
-24809
-28582
28775
9330
-25835
28210
27529
27827
6240
11271
-1810
10896
29482
12207
-14558
15824
8375
-30437
-20379
84
-22581
31741
5763
10749
-28836
28543
-13384
16340
26726
-7111
-26413
6954
-21564
-13493
-17173
14353
8655
-11823
-15372
5086
-27179
-8861
16575
-7085
-18795
-25855
10973
-1886
32139
-7233
-6544
-11713
-21488
-1057
1795
-16916
16091
-11485
2723
21619
24017
21520
-6790
-29966
-23560
27898
-17778
-16873
10410
18703
6548
29581
16773
23947
1787
-21383
-16876
21018
-17127
10064
15990
-5706
20674
-1935
-27310
-22598
-24752
-32678
23520
-10413
24910
5141
25497
22148
4797
-18179
24109
-12721
-23842
8888
4402
23937
-14116
21540
-6659
21847
-27710
-13354
-5177
10247
24646
-3343
18353
-8206
20930
10157
-10386
-15849
-19996
19907
-10135
-6457
-21252
-23414
-31491
7402
460
29976
-18807
-6450
-27297
24539
29269
-1015
10601
-31652
-21266
-8398
32450
5542
19792
19967
3292
18857
-30840
-14074
228
17620
17702
19599
15486
-27537
15516
-23326
12305
31346
-4356
16141
31782
32591
28648
19268
-3051
18369
-25783
-16304
-16305
24488
-19271
-20417
21070
-14571
19771
-19361
-3560
-26920
-4055
-16709
-6676
13684
3363
13952
-19767
8272
7333
-2052
-31383
23045
6088
17633
-22094
15240
25733
-20670
15168
-9940
-5238
21661
-24501
22344
7606
-8299
-4332
-27452
23645
-1201
-6095
-1928
-23144
-32017
8326
30681
14400
5856
6599
-32242
-10292
-18686
8722
-12008
17149
23848
-7691
-20251
6689
21621
25006
-22398
20894
1450
28120
28327
4183
-18838
10251
-13198
-2505
20215
-23076
-14407
2515
-7522
-21588
-18899
-13985
8340
-6826
17187
-22274
-11993
-22233
17528
28163
7733
-3632
27109
15418
2681
15065
3331
-9591
31402
-26580
25115
7232
-21228
15735
17360
28484
6736
-20635
22905
-7896
-27239
-8308
-23898
26910
12384
30367
15306
-17242
28986
-8352
-5208
-17745
13897
1658
-21267
11052
-28919
19909
14258
-2433
-26236
-12900
2163
-13170
4904
-24850
-12902
-2037
14520
16593
30056
-11375
-8088
-19466
-23693
-23114
-78
-12406
-15470
3045
12582
-18357
-5287
24256
25773
-18892
22104
-3586
30776
-4002
15014
-21083
10555
20868
20850
11970
-7875
-18971
877
-8040
-5562
2481
-8559
-74
12532
-26111
27522
15082
32743
-8234
19296
-28751
4167
-21407
-13711
28213
-21589
30954
11005
-13718
30930
6445
24082
25089
14665
17415
-27348
8111
29851
15469
14060
-19228
12734
22770
-15051
14637
20169
17193
-27677
20372
20769
-12472
-3190
-25958
-26524
30764
-24511
-24270
-14053
13601
-27049
-22244
30296
-12626
7101
27315
-11405
13948
-7159
26238
-14460
7260
2305
-12098
-35
6612
-31178
14081
16234
-19461
-16942
13467
-455
-679
23291
-21560
13421
3372
21296
-2644
-28691
13759
19999
-17551
-23881
-1325
-2260
30707
20707
7498
12607
-2143
22697
28956
27246
-8790
-32315
6216
21043
25408
-25407
8856
11240
-10205
12922
-20896
766
24897
-10111
-11584
-1942
-8221
22750
-19562
29607
1828
24559
-31811
11918
29072
-29360
11191
-28552
-10653
20035
28731
12044
-12654
-29931
-12078
-3489
26394
6102
-16972
-24788
-6573
14693
-14436
-24911
4269
-14048
-18399
13116
1536
12165
3468
14275
-9166
14761
-12286
6207
139
-341
-30386
-8732
1390
312
26881
-11915
1144
6837
-1670
28116
1721
28639
-24288
-16025
-27322
-20490
-32396
23348
-30370
7128
-22575
188
-30693
21759
-2512
-31397
-10466
-17007
16787
5371
-29855
27295
6189
16077
-6241
7399
2769
28501
5689
-17622
-623
-9594
4313
-28649
-28949
-31358
4533
-27068
-30259
-21756
-10701
9103
-24955
-24146
31268
-16258
-10001
-29906
25762
18363
832
8212
-24210
-5346
5364
32625
-21285
17572
-2111
18569
-5613
-16432
20696
21950
-21181
-29847
17590
32096
20482
-26106
-9437
14759
-19132
28324
13793
-18522
-23340
-27777
-3842
16781
-20616
-20675
3119
-16231
-26813
23680
24961
-26069
-18461
-26363
-12892
-14183
-6383
16490
7792
20686
-3384
-20430
9367
-3564
19089
-17068
24872
10847
26493
31865
-4481
3530
-6082
-4215
-16961
-20907
27297
-13371
-10130
-2688
5447
-16997
-6079
21453
-16605
-14371
-30449
3917
-30592
5729
-20118
9637
26787
25410
9279
-25237
28884
17816
27158
-1215
18744
-7918
5090
-2802
10595
26034
-27127
-5273
21242
-25709
19899
-22265
-31743
-17753
32735
4186
8502
-27182
2655
-12310
-25544
14364
-28396
16460
-18674
-10983
-11791
10474
4356
27638
-3463
13224
-22358
438
12001
-21562
3651
-23117
-8823
22232
25801
-9639
26762
5823
12552
5106
9150
17584
27335
-23449
15727
20231
-28742
-32014
-30406
-21888
7125
-25462
-22593
29934
6554
18263
29655
6433
-14744
30889
-2146
-12244
12626
-31148
889
-8201
-23735
-13189
-7617
31203
-8093
11409
-5734
22719
-28814
-29795
30055
-14778
-25038
9642
-20743
7599
-17802
-12846
-7675
23302
22108
25193
27010
-29162
-26309
30166
-4092
19144
5033
-27000
14192
1236
1742
-20050
-23047
-21636
-18784
-12269
24719
-29203
-9840
19705
6143
-7536
-21276
29915
4491
-25785
2773
-19439
-22846
31749
-16018
18274
-20213
-3591
-7238
20614
26509
-20029
4657
-21501
12467
-1120
-13723
-31325
-31257
-7796
9216
25534
24085
-15974
-19076
8273
-8228
23451
3336
28114
22034
-16155
-32277
-19505
23974
-25969
-5159
21093
15256
3760
-19572
13613
-10856
-29228
881
-4040
21432
29539
-29470
20880
14320
6435
7870
13067
-14783
28744
12197
-12036
18448
29277
22338
-10682
-2548
-15036
-24298
26481
-24266
-25803
1582
5624
-7189
-15846
-15334
21862
-14022
-5803
-24991
-4096
-24625
16220
-15695
3127
-21323
5021
-6319
9517
-14931
-729
8086
-21546
29390
-30767
-11111
14863
-31218
-9490
19237
-19382
1675
-7169
-19989
-13894
-8453
-8116
-23015
14513
-2116
23083
16834
12546
-20801
6818
3150
13089
-23267
-26196
-27795
19976
-13835
19865
-1714
-28375
-15280
-3719
-7009
31881
10063
13367
8234
-4683
-25978
-15038
17456
13348
2875
30857
-21700
20447
-401
-2346
-14560
4264
-11495
-12145
-7600
-17650
32295
-28530
-23517
-1664
-9296
-4069
1585
-17893
3859
11470
2444
23762
9847
28504
-23151
-12124
-1579
1643
31694
-21732
-1211
18021
-19075
-8445
1470
18253
-20147
-17991
2964
-28093
-982
760
-31273
19020
-8877
20207
-15586
-25106
-20811
10066
3966
-25742
-6714
25971
-29825
-31487
5411
-3625
27667
-29743
-16568
-14692
17829
-26927
28885
17274
-27519
12125
1853
-4501
30705
7023
-27778
-11357
-7008
4535
-1124
26515
-2903
32333
-14378
-8797
-18344
11601
-27354
-7310
-28517
14600
25857
2136
-14125
3874
15179
-4613
-648
-5560
29651
28821
5127
-24886
-9188
22752
-28164
-8039
31510
15208
10004
3055
8808
-25065
-30069
-14837
15369
-6496
2538
-14164
-32178
30173
-29131
-7201
-25678
-15102
-27007
4501
171
29558
-29780
-17614
28627
3101
-4291
9914
-14787
24023
-9660
-12848
32540
-1976
23999
542
1079
12312
26791
12514
-26294
27360
16283
-3026
16505
-23167
6710
-21009
11235
30555
15322
13166
19468
-29157
-5585
-6172
31615
-27487
-3941
11844
21715
10910
-2137
18079
12249
5707
22422
8492
9614
12360
-14090
-31859
-13338
-1895
849
-32524
11940
18652
25186
22154
-1660
-384
15490
-15078
23278
18993
-2812
-31127
-30908
-26310
18789
-19413
-19436
-21627
-6101
3658
-27759
-29034
-1429
-1507
5671
-29379
-9406
-21387
-2569
-12421
-19395
-20824
-9186
-7642
-2066
293
749
-2833
879
-17015
19453
644
-13590
26397
-29713
-17944
-4907
13623
21438
13236
-20163
-415
29170
-4265
938
-23098
18846
-23485
-1995
-11583
27565
26168
17135
-19046
17589
-1687
-29209
-15679
14953
15550
11556
15284
14856
-22497
-23695
3488
-8794
-4524
-23312
-29565
-24306
870
26654
-27826
7502
13811
-7063
-17275
3242
-12870
-25960
-22574
-167
-14185
9273
-8496
-13630
1746
-18652
5906
-32232
10865
30443
6338
-25473
14782
-25789
-12389
14393
-10587
7221
8283
13415
13730
21159
-28219
-27453
22542
-12676
-21054
-14726
-20047
-9999
25992
28095
14760
22365
-19925
-17518
27605
-27008
-25205
-30120
14861
31117
-23650
24224
-14850
-11780
3162
-7811
21663
28709
-12600
-932
-20687
-1568
7080
-1300
32393
-18395
16777
21801
13015
-18909
15196
-23014
-18146
-31629
-3126
-10869
1579
27451
10852
23842
24365
24969
-13067
22987
19328
-4527
1083
6878
7130
18539
-863
15191
-11378
-7357
-14210
29198
31798
19291
2884
13394
-14087
-1730
-18269
7306
20811
32762
-16962
-5674
-23994
-772
-18031
17375
12620
9982
26305
-393
-30555
2945
-5967
-14329
-22615
23940
13756
-17130
25631
-10991
-885
-1389
6546
666
-7804
23865
-7316
-9150
5544
423
-14701
-3011
15491
3407
-6562
25951
13161
32153
27714
26544
8838
20837
-4173
-10041
-16600
-22036
1395
-21147
-30470
-26943
12490
31880
-3127
-3942
-19717
-6430
12226
-21522
23623
15113
-22699
25337
-12474
32284
12706
5446
-3568
-27510
32187
16299
