10000
-16334
11685
-14706
-14616
18327
15744
-27163
31434
-10853
-24746
-27125
-29141
32575
-26481
-5306
10441
-32308
-27462
30824
-3739
-1746
2367
-25538
-31008
14000
11414
-1231
14229
-4068
-26920
5977
-13594
12173
-26102
9071
11059
-5195
22440
19428
-25670
-29890
2821
11469
3615
9755
-32637
-18951
7278
-4739
-4511
-3503
-15176
16298
-13731
22183
20898
-25924
-16865
5912
5082
5003
18776
-747
-9774
27068
1576
20047
-20290
23702
21528
-31798
15006
-3294
15121
15575
19245
-11741
-2465
-23598
-32192
31712
-32633
16503
23433
17079
2031
-30903
31904
29751
-1149
-23347
6786
-20153
10048
13303
12941
5016
-23930
-849
14469
-19894
-18960
19539
-22802
10232
20493
29524
19520
-21445
-11549
-11375
14333
32652
-9235
31234
8862
23867
-14179
15153
-30043
-14536
29609
-19041
3790
7852
18976
11197
25977
-4707
31532
-19381
14909
-21741
4305
19834
23267
15184
26937
-27011
29846
5396
20786
-23563
-30311
8901
-11949
-25488
968
7285
15168
-20309
30482
18488
20133
-7649
29695
8358
-14649
-11134
-2608
-2908
11902
-28859
-26537
-8058
16281
20715
6992
31783
26069
-30884
26481
-12041
-7454
-19520
9277
-10957
-3719
-26207
-12870
19877
19141
-9827
32005
-30661
5297
-20211
3412
-12773
-15306
-13433
11253
-25539
1713
31652
5129
-6814
11691
26598
13721
-24507
25890
14839
2065
-7908
30756
7760
27839
-7396
29410
-11185
-8537
32268
23858
29084
-17012
23729
-1294
-5847
-24078
28588
22803
2030
5637
16600
21251
13743
-21149
-29592
-29252
25516
-1278
-6990
18015
-1724
31156
8677
-2433
13179
15150
15944
-19197
7365
1087
31465
-10696
8767
-17056
-19515
-7931
28366
-10603
14136
22613
-10014
-21410
2012
8886
-10268
30374
6056
25765
-21884
9408
9248
10444
30772
8092
-13644
-14455
-11519
-15048
-5179
17944
25307
-20026
20860
-10181
27020
-23459
8632
-4119
29357
-9675
16590
-21319
-12298
17674
7211
-4963
-13326
-7183
-3734
28702
-12143
-27561
-26526
-7432
5722
-11332
27678
-22223
25596
-21363
-26420
-12937
-20229
3691
-14531
-8236
24618
-3206
29682
-32019
-6307
-22976
-3499
-13952
-10414
18749
6941
31764
13834
28609
-8251
600
12925
-11831
28218
21816
-16974
19499
4631
14979
13003
-8783
21263
9324
-197
21753
-16677
-13324
28431
-7843
-21407
-19422
-11523
10859
-6025
12865
-3324
32401
-28209
-17401
-19165
30460
23465
13999
-25225
-20404
-25929
-27500
30313
-16233
-42
20770
17897
8683
-4012
-22308
-13307
12976
-29681
-28585
23954
22353
-10335
8780
16424
-31245
-29218
11919
28729
-29765
7847
-15955
-24518
2302
21026
-10337
13523
-28514
26122
17125
-12265
-27968
-22424
17902
8853
-391
17995
15855
-30183
-7886
615
-3649
-16627
30160
-11121
-927
28500
20456
24244
-30376
30628
-31129
-30144
32353
-8709
15625
-21734
-12976
-24219
-27777
18877
32482
11280
-31982
-31136
-1062
3599
-12387
-24621
-3088
5065
-20629
24007
-2838
-28275
31070
-22037
13078
-6086
29499
24193
5583
2173
7630
31930
-22371
-32474
27228
30003
28892
21794
-26191
-10658
-675
26653
-21942
1922
-14090
-3479
24000
1681
-13508
-6882
-16197
-14162
8552
31569
-8509
-24971
-13298
22206
13000
22337
-18437
-12322
-31959
-23706
-9094
-10295
1099
-15907
19879
-15374
24313
29033
-8528
7893
25214
-18907
26222
30941
-8887
-27468
-22640
-8732
-71
19573
-15565
-27820
18196
-18801
2428
32586
-23754
-17984
-7034
-16343
32599
24900
-32072
19931
-4973
-13767
-15722
-3325
-771
11891
-21738
16268
-11220
26583
-7634
12538
-24031
-8937
-22965
-28764
-27110
18303
-18471
6891
-16367
-30421
-19777
13957
-7621
-11786
10270
7213
-19832
30883
-14688
-29319
-29657
13063
22956
14429
28415
-23809
-16425
-24348
17605
31808
30981
30039
-8522
-3802
27633
-24900
25967
-3525
29344
-11066
17756
32605
-32588
-22585
30459
-6626
21296
-21602
-28796
-30198
-17679
28027
-14031
20771
6060
23916
-15405
-24659
24655
25796
20112
-12886
32071
30005
-5686
8799
7266
-27668
9251
-23175
-20855
-23770
-4251
26185
-15581
-27558
10668
21765
16881
14264
12706
27774
-19859
22007
11664
27483
-11434
23404
17358
-23465
29340
30661
-10869
-30039
28630
8147
-9701
-4281
14410
-18444
5952
10502
14828
12042
-6893
-28378
-25396
14346
14102
27317
-22943
-21870
6698
12153
16430
-828
26971
-7408
-3558
20892
-7969
12868
29774
-32605
31157
-28805
22004
9329
31127
19751
-19688
27757
28680
-13441
-16703
24842
-7569
-7247
-3986
-17575
-24699
-9776
-16252
-31940
-21033
-18976
3208
-15216
-16673
-28832
7996
-10086
1891
8871
-8910
-7567
3871
29920
29264
31370
-2793
-10109
4214
8123
-30776
-15537
29211
-4551
-12776
-7990
-22716
10009
4793
-22728
-15611
-18017
10189
22695
18717
13584
-29486
18969
25485
30173
-15942
31462
-18775
14147
31845
-20954
-14510
20992
-15679
21831
-11111
22423
12139
-16769
-8571
-12495
13029
-12128
31625
-19507
31629
19137
-25938
-23696
17318
6405
-20539
10106
-3671
20368
32206
-25542
31278
14923
6713
10257
9112
12835
26317
-26936
-5994
-9096
29824
2270
21851
9455
-28268
29674
25223
-7504
-29775
20742
-27630
31401
-1289
-16161
-30962
-30841
-9197
-30277
3391
2658
-7769
24087
31922
4410
12279
-6906
-11244
-26994
-3240
8063
25346
25807
-9543
-31803
6190
-5207
17421
1607
-19020
30420
-12058
-3519
-27488
-14164
-23283
-9283
-23310
-31660
11519
-29561
-28960
-17136
-19977
9096
-6148
21500
3266
20895
30540
15343
-5740
-11820
-23723
6767
-7334
-7679
2902
6839
-18308
17602
-16092
-20564
-26947
-10135
-20074
15593
-2467
19780
-16372
-9981
-15466
-18610
9904
-27774
-2016
21358
4505
25913
23378
30763
-2542
21859
5520
19774
-8624
28691
-7023
-4647
27077
32327
27377
27230
6873
-12917
-2287
19874
-12818
21978
26370
16903
30488
1626
-29492
-3811
7414
-18527
22065
-11089
9372
32084
-7627
-15535
-20318
-27178
30585
9504
8564
-19926
31443
-8715
-29816
-2000
1047
31386
6635
20118
-15932
-3504
30247
-32649
4900
-14478
-18057
-4070
5320
-17075
25155
-1931
16994
30252
-15587
5995
32114
12654
8570
-9243
-6202
27088
18715
4181
-29761
15887
-352
6006
-12497
-6345
25317
14336
-27001
-25346
-6090
11800
-1163
18081
12853
-32264
4511
-244
-4814
3774
14350
-17704
24385
21580
13688
-11986
2240
-2662
-27711
17513
25215
32487
-521
2506
18486
27725
-3650
8883
21666
-25656
22679
-1352
10244
18927
10109
-15505
-16032
-23771
-7848
-15097
-22335
-21257
11668
-15568
27054
-940
-3584
15050
-11581
8601
21101
-27775
-12097
-1482
-1187
-23273
-31122
2524
21549
-745
-18701
29329
21720
-1986
21523
-27214
-19768
30108
-8457
-2974
5411
-5122
27862
31661
-1076
-18533
-5325
28746
-2199
23600
-8437
-15366
-23888
1185
-9277
30032
-29869
-29364
14179
-978
-17580
9575
29258
-26491
15793
-2361
-26230
-1790
3332
20144
-10641
3665
-28496
-20692
28648
23855
-4902
2993
-14062
1430
2936
-8921
-32697
-23113
-21022
30687
6528
-3407
23125
20701
31779
-24178
-13115
3823
-12963
22977
14932
-29878
-21925
-9742
-24072
-31958
5620
-25457
28706
16504
22268
-6596
-2131
28104
-22864
14116
-30381
20088
29988
7798
17960
-24124
-25812
17888
-20257
29004
-8027
-25932
-22998
27365
17117
13545
-968
-3870
-15273
-1000
-8377
-11715
31160
-14594
6184
-21292
-19693
-11057
11829
-15734
-27726
14798
29871
19703
-17783
-22595
-22097
28993
-10315
-22944
-957
24201
-29238
-16947
5302
25521
10782
-6414
-23012
28571
5899
18056
12115
30642
23213
700
-24305
28257
-7123
21512
-4884
18841
16629
-7568
-22769
-6480
15019
15801
13094
-11772
-24116
-15534
15409
-20252
20464
-2783
22774
432
-32230
-20349
31549
24252
10815
-18175
-29746
-31176
-1481
12703
-22243
-23158
-20958
-27333
-29595
-17882
31484
-11824
22663
944
-12161
-26846
-17598
18517
20407
-20081
-25053
11083
-22573
12522
-2821
8631
-12342
17202
9050
2276
-2152
-27540
31877
16574
9793
19763
-22104
-4341
-30667
-14228
15975
17234
-28587
24541
8132
9947
15036
4806
11758
5114
-17853
-31756
4997
13150
28626
27888
-27856
-19577
-19715
12983
21048
9219
30908
32040
-29387
-27253
30795
21777
16059
-14991
11622
8898
-8668
-10195
22690
17552
-20009
-23815
-11261
-13652
-5695
19127
-27989
-17130
22496
26033
10478
21682
30322
-30087
29681
16914
25981
-29456
-16103
-14577
17201
-30440
-14402
13374
-733
14315
-16084
-615
10105
6590
-25686
23523
-3614
-19270
-32739
-2472
18568
-29998
20602
-7093
1947
30822
-12159
-12170
-5595
15519
21306
18091
25074
-3792
-8535
-11553
-6446
4020
4453
28664
20993
12873
8023
18047
-19027
19974
15123
7907
-10967
-14764
11523
-19466
-21664
-14955
-11183
29174
13501
-5828
10936
25165
-29441
-17952
30146
-9944
20610
17227
-5879
7172
-5659
28404
19842
-7012
-4842
558
5140
-13869
10962
-4338
14178
-32696
-29946
7322
31908
26628
27212
13928
-22551
9778
9207
-12797
-13181
-13063
10734
26594
17560
-21357
20838
2051
29619
-13042
-11100
-31791
-21017
-3656
781
-23193
8347
-28099
-27772
-26714
26126
-28638
-25327
-11245
5579
-9142
30578
-4017
-17966
29582
3923
-5227
30487
-8009
-12964
-5057
-26732
-18163
-27325
4800
149
1337
12471
9302
17150
6636
27634
-23513
-22169
-9345
144
20351
7257
28308
28151
-10979
21944
18017
32083
-20871
23346
-26954
17
4428
25288
-32340
-7781
25852
-22142
-8361
13766
-18112
15069
31255
-18285
4778
-9586
-28048
-30425
-31021
17229
20904
-6222
-415
-28547
15130
-20305
-7358
-22956
-22340
-15661
-18217
15461
-22182
16242
-15330
9167
-26471
-15985
14034
-17423
-16335
3009
-18245
-24524
14542
20668
-12906
16052
-30836
-3331
11383
-9462
-31229
-13514
21681
61
-17597
32486
-7583
14402
-31703
20231
19170
-22196
-26476
10093
-12738
-9222
9350
9822
-17318
-1518
30606
-27809
10397
-28134
-11990
5124
27097
-22447
5393
13784
11310
22473
29654
368
-31383
-14843
9761
25254
8370
-12241
-15057
14422
-5439
-3865
-10027
6881
29861
-8294
2389
12971
-2925
32141
-31452
7836
-28869
-43
29487
27299
12542
-16413
-14882
5679
2062
27243
-10932
-11278
-30156
1064
25132
-10173
9499
3928
23956
-17660
29152
20061
-27499
-1872
17616
129
-24118
-13924
3039
13422
29438
-30852
-10441
18384
32035
28557
18502
25148
14165
13549
6397
-17879
10326
-27887
-25108
-6841
-14849
22878
-17579
25600
10585
-18506
28740
260
-25220
25929
24127
9163
-2595
9990
26396
-18690
-16549
28875
15752
-20287
29375
-26431
28997
-446
31435
10263
-28333
-6308
804
7869
-19932
12506
-20887
-7062
24607
-6337
-14592
2754
21229
10247
29411
-4505
5982
-14324
-9164
-533
24642
-27348
8558
-2164
-11469
-12921
11549
-14777
19222
26294
-15957
12843
27289
-27621
23857
17364
-16053
26978
3317
13571
-12591
4110
-18053
-3787
9389
-28877
747
31618
-18236
-25352
-21972
13634
-29899
6164
-1131
-10670
-4393
8734
-19999
1308
22259
5773
12997
-23473
32517
-15518
-15495
-23021
-29401
-27315
-7636
-14003
6513
209
-32734
-30154
-11729
29475
-24861
14943
-9603
25717
-970
-10625
-10001
20666
27749
-23716
-4239
-18311
28719
25631
-3599
13973
-21425
22958
16426
17475
-31027
-753
-29310
-14865
8006
1002
25130
-32550
12091
-8579
5204
8907
-7082
5126
-15523
30446
-20204
27043
13254
15008
-10656
30958
-32235
-21655
4394
25438
-24904
7597
3631
-10191
3222
15199
-31514
-17665
-19857
-2640
-17051
27671
22393
-6339
-11811
17176
-6548
12580
14193
-9642
29823
-14312
24689
9864
-1287
25950
29132
-26238
-16529
-25166
-15897
-26080
7039
18772
392
10549
892
-27485
-10578
-10926
-20754
631
9887
25832
-19924
-13770
-29395
32109
-13466
18401
7640
-1128
8190
-31020
7982
-2270
-31359
-6022
-17074
-21725
-28561
-28950
-32271
-29922
-382
31809
21762
-5015
326
-27394
-10861
-21483
-6732
15579
15062
8080
-5335
-5457
9958
-1406
10388
-8811
-3562
-10350
24339
4919
-14421
-15712
1606
-7749
-21052
-6678
-13061
-6187
-21399
21388
-6655
17928
-27821
-20987
-14304
-22733
5222
-18133
18285
12748
29847
15233
-13900
-3279
4180
-31948
-28837
14404
12921
32102
22436
16316
27685
18529
18427
9838
9018
949
12381
-12722
-12510
-702
-14340
-17286
4093
26812
-29996
-17676
7108
-23378
13206
-8458
24103
17671
-19206
-20073
28252
-10185
1477
-27318
24414
-32613
-5920
25764
-15980
-13328
8678
-13960
8583
7393
-20206
-12507
17911
-4692
-29583
-21692
-16071
-4297
-13124
27395
11924
-8144
-11650
3242
2238
-19186
-30935
-19657
7947
-19584
-4190
20560
5865
-5708
-7541
-31891
31048
-14794
1599
-31178
-18717
12949
3107
17807
10721
-16619
-31307
-21859
5647
21548
-25638
18729
-9641
1375
-29671
-11689
25780
-8620
18692
20238
-14776
17635
-26295
-7016
-23617
1012
12928
-5419
-23392
10101
673
21935
-13355
30240
-15521
8110
30776
-3921
970
-457
1062
21900
-30635
-2307
17941
-26869
662
-836
5161
-12759
14371
20951
4874
-31518
-17323
19436
11367
7388
26318
12567
-5487
14024
2029
-11216
25942
31418
20657
25585
-15318
-1840
23683
-8507
30635
-20941
30481
32209
-32022
-8660
-27343
-10427
-3163
-6833
24436
-14436
10307
22129
18553
-3356
3227
-4165
25501
17304
13491
-24323
18276
14189
-29152
-32677
403
-5528
4602
-12232
17846
-32505
5599
6189
11162
-15059
-30702
18236
-32211
-31054
-652
-15228
6199
9718
-13987
-32284
22113
19001
16926
-19822
-4656
-32748
1646
22374
12869
-29639
12040
-1056
-18568
-30692
22501
-20567
16547
9796
17408
14318
-7813
4938
9180
12395
19681
-4158
27643
-13175
32203
15208
-22880
-3748
-11906
21039
-919
-7108
22869
6111
5938
31184
7196
12814
18283
-24271
-3604
-10965
-28703
-3723
25179
10064
-80
6419
-6773
11808
29859
10553
18634
-32233
25059
-25365
-25381
-29652
-3964
21121
-9527
526
-8704
27034
786
-13894
-21926
-3909
-11182
-20531
-18630
-15784
-26636
22111
12461
15998
9486
145
9347
9108
1018
-27427
9244
-15922
11669
26110
-26543
-14659
23846
-1968
17208
22936
-22267
22506
-9459
-28771
28388
2562
-9189
-23997
-7862
-18290
7763
-8992
-11465
2647
26697
-1517
25211
-2035
-2580
-16871
-21163
-11051
-3785
19382
12351
7946
-25276
-9062
13470
-26940
-16905
-14053
5686
-5268
14094
-21641
-3832
-27527
-10479
11655
-29399
17070
31249
-26749
22093
21320
13983
-17385
-17622
9653
21257
-18607
-1906
3068
-3223
31527
11334
-28027
-1229
30589
7009
28724
26719
-17664
-1854
-18732
-8899
9154
29043
-20387
-22094
25046
31162
-2593
-28350
470
-14448
-23792
17329
-29022
10519
-18591
19243
20367
-9429
14465
23572
-17293
27890
-24876
184
-17758
-12026
-22853
10392
-7977
17547
31362
-21256
-2369
-21329
16628
27607
18371
-31011
-3238
-273
-23675
-4229
19798
8538
29720
-7323
-6211
19702
-23052
-21869
32434
79
-22287
-31335
-29805
20083
8090
13528
17983
2963
-21101
2675
-8313
1925
-1802
24528
9584
27703
2796
5116
13419
-30336
-30117
-32251
-7859
20544
-3788
-7071
-12386
21475
25045
17820
-10340
-5402
26878
-24032
9044
-26198
25395
-15294
23569
19049
25318
-17963
-14909
30476
25738
-15936
-28862
26458
-29977
-6588
11327
32338
-26767
28032
20912
-14680
8300
26641
19650
29364
25142
23577
-13330
15861
23270
23401
6401
1206
24297
2743
16756
-20233
-1593
-21530
21572
4994
23822
-3735
-4524
19771
14406
16121
30155
12881
8163
-22095
27429
31331
-18827
108
-3362
13590
-8966
614
31374
12435
-27844
10520
14360
28679
-25685
18336
8915
12834
32495
17889
29368
-1945
-13291
-16130
19746
-31140
-22344
-12269
26448
-16513
-13777
-14566
2543
5965
23713
-15981
20404
-14756
32146
-19406
-15895
11681
-28379
-10854
-31552
15371
-25030
-6514
10125
16595
-3496
22030
-537
15167
7420
6035
32258
16475
-7713
-14431
27018
14709
13788
-31826
26775
12959
-25043
-26448
-32562
14641
19219
-9153
11272
-19012
-10379
30996
4844
20792
12686
21047
14163
-13870
8277
-21537
18135
31887
-17531
-1097
-29621
-29060
-9599
32556
-24398
27259
13637
-16075
5289
-5032
4758
-28970
-4848
20097
-23451
-24274
-26607
8258
-4198
-24912
-23192
-12391
-1386
-27059
-9602
22325
5906
16741
-15409
18141
-23812
16287
1190
18601
14887
-13490
4644
-19043
32410
12996
20731
-8834
-21534
5828
-8360
-11401
-21934
-4313
4526
10330
-16773
-17113
4250
-11558
-10585
5413
23011
-29730
28931
29541
-26469
-32518
10498
-31491
-4831
-20112
30967
-14766
18549
-10495
6695
-31705
-18736
28825
-25085
11066
32122
-2598
-23685
15691
22435
21362
30449
-12748
18014
10702
-14872
-8511
-14148
-5362
23403
10576
-1934
-14109
5594
-20321
24999
-31580
-10843
17084
-27451
-25107
25985
17799
4270
-7116
25889
-5455
9140
-1752
19843
10200
27166
26242
23031
-11501
3839
27844
31074
-4508
-11377
-28036
-20447
-21469
12593
-22124
2416
22701
-19233
-28010
-3191
25030
7987
15419
-30721
-8395
23995
-19305
-10770
4732
-7824
10957
19019
2619
16035
-17346
-8015
10483
-23419
-15494
30400
24147
306
7805
-32247
3147
-22753
14214
-19484
-14565
11317
-12418
31279
-2187
23507
20538
-28231
17159
-9954
-20508
-13887
-13833
8592
1721
-1589
10148
15246
-8775
-18189
22737
22159
-29472
-13548
-6123
27852
-17985
3517
25394
18307
-20428
-20399
6985
17780
9606
-1973
-17847
-12642
18778
-12293
24425
-7834
16174
-4450
-20134
946
-2106
8591
-3879
-30800
11428
29942
-24783
7355
-32744
13294
-12221
-18173
-22885
18900
25393
-18144
-11144
22546
6406
-20224
11760
27497
17360
27764
5348
10511
9536
-16257
4436
5027
-17159
-7472
11774
-21042
27899
16143
5021
22920
-13269
8753
-11000
-31269
-17682
-247
-10878
-3820
-19379
-8039
16225
16292
-18109
21929
-27672
-21370
-28599
-10893
30431
4989
-26675
-15649
11573
17312
-6486
1213
-21470
19744
-21201
10253
-2499
-9438
31468
4273
-24191
-30814
-21560
1708
-21300
4804
19462
29413
12551
-22765
-12713
28576
26953
-29991
11179
1009
-25014
14323
11609
14777
-11161
16260
-32480
2624
21399
11958
4854
-32515
14363
-10313
31578
-22692
18389
-12108
2409
20534
1026
-25104
16314
-23541
16796
26991
-167
-8589
-30078
13365
-21088
444
30553
20660
30394
-15816
832
-13745
20271
-28868
-27825
9156
-3117
-16612
28939
20116
-4680
-3386
-6806
7471
20028
-3863
15883
-20078
-9876
-6756
20376
-235
-32704
-4110
22670
-12676
25733
12772
-18908
-31431
-13886
-20146
-16090
-12661
-29745
-5814
16168
18334
-5211
-20690
-29109
3237
23102
-7564
-17459
27858
11612
396
-18842
-17360
32704
34
10403
16175
17525
-17854
-6734
20707
30220
25205
30813
12739
-11546
5251
-23511
-29707
18104
-8900
19334
9691
6913
-18233
31352
950
-17304
-10633
5762
-15107
-29216
-27006
9912
15504
-22209
-14724
-31222
5802
2349
-9563
4486
-21129
-16303
-4808
-24059
15637
-1636
-8038
-31685
16773
9034
18973
12836
-14869
-25473
29214
19131
13960
-9562
21522
-21153
-5407
32520
29716
7337
25342
-5667
-19089
-3053
21021
-31722
25533
-1853
16594
19038
-15023
-31597
-25494
17095
-19428
472
8072
31792
-14265
-5848
-29929
-8678
29940
-24655
31134
16893
4924
1057
-25521
11211
-3484
-3768
9168
24170
-11525
-4045
-1851
31433
-24935
7452
-17184
15717
11096
16187
10150
-25841
24254
25340
-16859
5769
2737
-4880
21922
-11316
32170
5059
31711
-29811
-17983
27753
10796
-25403
29708
-29092
-13470
29053
28814
18920
-19407
5640
-12941
7402
-19969
-4685
-2065
26669
-16323
7113
24167
29721
-3804
4
-19807
17619
10657
-12518
28444
-9893
-10150
13242
-11335
18558
14408
12940
26221
8484
1116
-31517
-1066
19612
-1078
-24878
14221
26713
-20248
18551
-788
-5060
-20675
-21429
-16481
7819
18266
-11049
6842
22306
1509
-21271
-6536
26944
18127
-15065
-19550
3689
26761
-7646
16955
-7525
-5418
15725
-25947
29531
-11647
-14975
24903
-17251
14003
-8255
-11273
7088
16074
2908
16100
-29896
-17705
22382
-28160
-23824
-11355
25675
18665
6511
24972
-4494
32013
-1807
-15637
18497
-2476
-11992
-20868
21104
-9474
-25792
3099
22037
26228
14556
7066
32403
24207
-14819
6014
-7009
-15300
-1144
583
-32350
12809
7494
16125
9176
-10521
31454
20908
-20800
-15090
-30770
-26085
-20396
-16983
22298
25918
13910
-31055
-21203
17691
17019
-30898
-20220
24933
-19350
-16522
-13473
21860
9356
30716
28369
-11193
-26408
16432
10492
-29757
29467
20307
-27569
9488
24695
30485
22312
10516
-565
-15146
-28089
-32368
30895
30669
-28259
-25870
21542
6200
16198
-18237
-23853
26665
-13711
27004
13168
7413
-27291
2511
-6730
22584
-5180
4356
-6664
1443
-9393
29776
19066
-15500
14076
-14283
-26997
-2669
11619
239
-338
-19811
24562
14621
8044
-7856
23286
-16409
-6822
19769
11651
11913
-27106
26633
-18416
-10361
-2699
22732
27222
16346
-30476
-3669
-8980
26366
11606
14104
23886
29469
32617
-11988
6045
-10587
-6544
-31905
31866
9267
-2408
26164
-15122
20098
-3825
4242
28493
23798
9832
-3633
-4601
-6089
10971
-27550
-13575
18809
11200
-11496
-15885
-19786
-28524
25638
12485
-11713
1437
22511
2444
21289
27121
-14816
10212
16913
-13932
-27930
18674
-27084
-23745
4609
751
-25214
11005
32215
-15689
15614
-26873
289
-30166
-5745
2218
-30768
10231
6923
30953
12715
-18570
8071
13621
-3580
-3149
22431
12334
-15826
7317
-19996
4255
20183
17326
28518
-21275
-3346
-1201
2843
-15807
-8804
28780
22892
29515
-14464
30511
-3631
3905
-22527
-32591
-9054
17511
31451
2981
-13206
2889
12021
-29196
-25753
-24757
-18577
8679
-25037
5181
31385
26299
-9912
31821
-12810
22928
14529
-17770
-19240
-30111
2359
9983
7268
1501
955
31426
26161
-12131
-24374
24529
31113
19440
-19536
23850
-28264
21604
13306
5169
-27215
-23366
-1509
-815
-30402
-5896
22477
-26570
-32158
-4126
-20893
21107
-27685
-13457
4943
26354
1761
-19330
25842
23608
-15191
31403
-1652
-1409
-4690
25131
29170
20176
-225
4230
-8973
20936
-14039
17701
28009
-24629
32074
-17105
-25391
7811
9493
-12860
19340
-11845
1366
-5240
-10544
-26800
-2544
17790
-20688
-10526
-21002
-3753
4005
10123
24206
-18744
-25066
25371
-20651
4303
-14689
-7314
-14419
-1527
21455
-24795
29374
-8345
8571
-9090
6374
-4743
-15284
-26937
32265
14836
27464
-598
-15914
9206
16141
-21843
23695
-7947
-12892
-14670
23953
25489
24711
27799
-10317
23180
-21221
23450
8421
-24371
-30832
20645
-5222
24558
-13272
-19665
-23999
-26665
3309
16254
22595
-9942
-27429
-25131
-1256
24601
21543
28434
19417
520
-20148
10871
-23589
-22099
-24037
-10815
29645
-19455
12779
-12592
-1237
-17974
-12349
375
-7110
14023
-25110
-16162
-22061
-18593
-29429
25255
26906
6747
-16155
15196
14242
2224
29201
509
31069
-2299
13599
31529
28904
-5055
28117
10724
-12900
-7970
-4631
-10605
-27336
2828
4677
21389
-14838
8690
19199
-2965
431
-3167
32596
18234
-11860
10953
11385
20054
6924
-6183
-5478
9924
23271
-1817
10252
-9640
31359
914
-9101
31916
-24282
-13268
-16723
6534
-5221
16554
29036
30128
12655
19423
1290
-5354
-18603
-30405
26882
-5046
-27570
-28749
17883
-15743
17783
25827
5361
17401
-25208
-20125
12109
5269
28800
21404
29369
-26545
-27946
5557
16578
-25653
-14244
30341
-22743
-7694
9279
5608
19148
7340
-14065
-24707
-31064
29059
-28116
-11836
-11415
24205
-7077
28861
-13448
3270
-21061
-29172
-7056
-21167
-23868
-8853
-2765
-19505
30871
-29540
31271
-3443
-23987
17260
18123
6260
11753
-1537
-32329
-17914
-3834
11318
1579
8687
-27538
-170
-25592
2960
1259
-1730
18099
22766
-21127
-27424
256
-15066
-7373
-21094
15785
-7019
20362
-16319
6683
3196
23661
20713
-11658
26844
29769
13660
-10200
32262
-14482
-6708
-15795
-2317
20164
13982
-4442
5933
3273
-10098
-19238
-13068
-11688
-13246
24784
-6001
-14452
12861
-17627
9247
-20250
-28911
-31967
2032
13479
-27046
4657
24551
31797
-17482
20555
-9783
-5366
25417
-25413
14958
-22215
11665
8195
-2720
19521
-27218
25620
5352
-17898
20835
-3809
-13556
-1500
1716
-15575
2965
23671
20120
19941
14657
-14045
-4169
31746
10386
15733
26720
421
-26821
617
19293
20556
-6204
-16423
14373
22262
24316
31358
22696
31024
16404
-32149
21227
20900
-21236
11897
-29772
11339
-27904
28318
-8923
-24762
27517
-5723
-4781
9386
6897
-1900
27739
26234
-26021
20337
-897
-14250
-4650
-23149
-7487
-18273
-4561
13639
18107
27880
24369
-24652
-15260
16941
-27813
-12715
23696
20034
-8908
-18424
-13768
-16347
28424
-3242
-5495
14291
25087
-18077
-12887
9127
-24092
15505
25124
-10233
22031
24606
-6926
-13805
-9099
3921
-15489
-23752
-17971
28110
29746
-15242
31459
-8376
-10010
-19943
5098
-19940
-29372
11894
6559
-8523
10547
28889
10124
-11533
24061
-4469
14440
21782
-29465
19668
28996
5514
22446
-9306
12610
-5703
12272
-31688
19160
14164
-5251
4847
25386
13225
-2691
-16917
26587
30461
-29797
-24660
-20946
29292
1313
14698
21433
-16118
-30389
-30775
-6271
20478
-20640
8513
-4566
13772
7475
-22198
-28683
30228
-21337
4568
-20555
11954
-21542
60
-27776
-9938
-5039
32676
8577
-15113
13358
11543
-9610
-3184
24703
4958
10939
14115
-13990
-4503
-6338
16967
-24940
-11142
-9971
-1836
1564
3411
21982
-7107
10867
-29102
3759
21406
-26513
-11179
13848
31217
-11095
-10561
17100
-7191
-22254
1484
-25605
-25613
-27966
-11404
-14335
-757
20856
2852
-4731
-11157
-5517
-21532
-21309
-7382
-22708
20831
-19598
-15429
13800
18109
-14778
16533
17000
25706
17811
-27675
-7221
-18813
8429
-22353
2199
5747
-10528
-19284
8856
4009
7817
-11365
-20453
27401
-29803
-32632
-2766
30853
-15728
10175
24431
-5988
-23584
-15033
-29972
-2637
-31233
18942
-8837
-8558
17277
32118
10924
25883
15187
-6845
-14593
-23954
-13485
24403
-20482
16949
19194
-13083
4014
29706
12397
27357
3083
-3195
-6852
-13216
25234
27233
30945
-17916
24581
14236
20390
23085
4392
-21103
-107
-30025
1205
10337
-5612
-12521
8713
25788
26313
29097
5029
-12046
18437
11689
-16817
-31148
20360
-17167
-23668
-24618
-9885
-24195
-30429
-5605
-27765
29106
-25721
-10402
14795
29323
-14923
19868
-22021
13663
18689
-19263
-28183
24568
-13316
12619
-26814
-12278
20229
-25059
12859
-13472
21519
4818
-22879
15372
26170
-5452
64
14659
16565
-11382
10713
-18482
20128
-15574
11346
8265
-25119
-13914
22131
15863
-3531
-7839
25544
2585
23169
26215
-29726
5110
19107
25623
-23049
21427
-24121
-31071
-31964
-5436
-9724
13755
-24801
-11913
-16815
-28923
24982
26091
10058
-6595
-28375
-1765
-18936
12626
-27973
-9534
-30021
-31860
11315
17976
10137
-12668
-25633
10071
21415
27058
4498
-2629
12645
-19906
-23441
-20303
11406
30778
2601
-8168
-25376
-26639
3308
10533
13278
-793
-4461
26176
23759
10694
-31510
-10685
21403
-787
-7849
-12983
19895
5534
-10895
-29006
27408
15552
-15709
31788
-9613
-9083
-32506
29183
21912
13922
-27014
-4323
-31145
-27619
18875
7970
-21420
-2104
-26358
-8333
26470
623
-6862
17505
32507
-15334
-3935
-1582
28674
1478
12876
5355
13959
27482
28783
-2495
20033
-31088
-5654
13403
-11631
18750
-32529
4118
29459
729
-11573
-3687
1395
28606
28378
29038
-16539
7502
-5470
3914
15264
-4167
-30014
-603
-7301
29191
-30244
16012
31095
-10588
31651
31182
-4321
-2325
-6170
-19059
-9397
-9130
-15021
10676
-4326
5555
19905
-29166
24687
-25985
26201
23368
21566
32348
6945
7671
2855
-19333
587
-7934
29523
5490
22787
-15846
27024
10334
-7768
-19259
-25551
21191
1469
-3855
11175
31114
24437
10448
6753
11644
-18183
-15272
12898
-16689
-15201
10161
17539
-29357
25508
-3600
-17431
-24792
-28404
30736
28083
-24062
31482
-29085
13748
21070
2659
-13258
18103
-11867
-2911
-24396
4127
28061
28195
18172
25747
10481
-19303
-19033
10365
14613
6888
16387
-4236
26925
31208
28737
-28722
14658
425
8060
12477
11765
-10434
-17636
-16624
21401
10309
7465
-14221
-9958
13785
-16504
-16685
-21039
-12153
26007
-31690
-7245
5058
2322
6470
-7966
-27766
-11190
4578
3585
18682
-8472
-26311
3164
18649
28172
29825
-5143
-13888
-14126
21886
-27678
-12415
-16221
-21652
-12002
-26254
30266
-28536
24793
-24966
-5806
-26952
-5882
-24355
21857
-27906
-11586
-15433
-8004
-16395
-3377
28540
26632
-1193
-1101
4966
-2212
10910
341
11731
-15161
22833
31675
-22163
-30894
-12437
-26796
-25255
-13248
12129
7267
29866
22700
13245
20139
-32651
27283
32444
-13427
-1767
9399
-31494
-5698
28199
-24164
16686
-7188
11980
-12611
-2578
-23904
24594
-31030
19468
-22302
31039
29554
30463
2372
-4872
-24400
-11794
-24880
16037
-22735
30255
-15444
17168
-29829
16852
17112
15622
16001
-20714
-18705
-12522
1637
7648
11593
-27947
26419
-22578
-18694
25377
5662
32288
25728
11077
-8461
-27022
18143
-12826
26148
21913
3373
19970
18370
22660
10425
-27582
4551
24114
-11669
20727
-20502
-12975
12569
-28345
7336
14430
-17395
-4159
-14020
-20472
21620
16374
7276
-5377
-11952
14940
29887
10921
-11370
-29020
5349
-29215
-20056
-23119
-28728
-463
9301
-31022
-16586
-4481
-14973
-23289
14418
29115
-26270
3307
7903
-1034
16003
4324
-16768
-12341
-442
20785
4346
28913
-11957
13143
-20120
-24233
24746
-29644
23142
11392
-28945
-16315
-1996
1647
-4353
-12909
19475
-25399
9892
18820
-22820
-10883
-1564
-28803
-27823
24017
27817
13493
24499
19015
25290
-15237
21487
-30883
22560
6818
-32136
-14116
19955
-9855
25988
-28688
-25002
20690
15440
-4142
-26452
-5909
-15419
32077
5155
-264
-7160
-14571
12077
4384
27087
-3239
31051
-25262
-7263
-1781
-7404
2946
24394
-19093
-27870
-5872
-8174
-4332
-14261
-3913
32053
11394
11412
-20273
-19779
24416
20046
-3233
25962
32739
32066
19051
-28726
6734
-574
26392
29709
-4256
31200
-23146
-32638
31657
19410
31153
20216
-1711
-5784
-14488
23667
11359
26987
-5544
6472
7112
26525
23191
-7774
4559
21058
3073
13176
22166
10735
-2514
6434
2676
553
-11915
-28068
22239
28352
15656
778
-29309
9349
8719
-16889
-4495
-27917
29083
-17691
-19385
13265
11803
-7194
3873
-1135
-28458
-26442
-19627
-26590
-7806
-16133
-18556
29818
15949
-14408
-18559
-28802
-8150
-20277
21219
-1179
10712
24977
31899
-32331
-12057
14663
18397
-8831
-21729
9955
-4772
-4102
-2428
-11288
5422
12820
2748
-13882
-28798
-17088
31860
19675
23942
3838
-30676
2127
8646
-13750
4779
-29993
25922
-28029
24110
-10364
30372
32615
-22686
-28662
-19021
13827
19369
-6440
-29484
1750
22013
-23182
-12740
-30291
-26812
16223
21269
12365
-2103
26742
-4185
-17114
19861
5253
-12417
-24273
12894
-15160
16274
-14695
-9817
25491
23991
23824
14513
-20256
-22972
-6153
-31350
-28778
23444
-31438
28955
29058
7892
26276
-6393
19069
15669
11281
-30668
-26611
14686
-16177
24962
-30711
-22812
32558
16457
7423
156
-26793
21870
13175
11893
8176
8345
-14669
22786
7984
18038
6546
-27874
-10493
5942
26364
-23414
-19153
-9486
9829
-28549
27319
-10570
-27933
473
493
-30797
27977
7922
-27121
19892
-3931
-24071
8168
-26125
-2291
15352
-15350
-12246
12950
31376
-28689
-21880
-30068
-12321
17934
-30835
4132
10494
-19942
4495
29346
8022
24782
-6919
196
25751
9450
-25966
-26865
-21024
-12958
584
23830
5882
-24189
2295
-32197
-20985
20048
7632
-2494
2434
29511
-11994
25651
-11148
-13047
11722
17508
12050
-15645
-20810
-26446
-4622
18505
-25687
8194
-17911
2169
-28614
18547
31194
11474
11590
-1384
1937
-4711
20975
-25487
28458
22813
-12441
26089
-12267
575
5336
18262
-27432
-32571
-17463
-24731
3140
-10003
24988
-28792
18157
-31749
21847
-3336
-21702
-26075
-11904
-28438
-28154
24323
17392
-30034
16308
7950
-12999
-5840
29350
21811
27878
25991
16771
-29386
22390
8404
8069
1489
31071
-22516
28392
-9066
14802
-7309
11968
-17702
19672
-25996
-31584
-16298
30349
-16045
29673
-8328
12302
4581
-13847
-23786
14437
5900
18764
16236
-3083
5991
29186
-26984
22559
-12801
6298
24379
-25826
-20164
4153
-26099
-29536
-26088
-22574
27827
-16963
14608
30063
-13700
31085
-14761
-1486
30150
-27187
15523
18111
4339
9746
15718
-28510
11723
-17019
3044
-24980
-18993
-23776
-3119
13047
5430
-23808
-7095
-23071
-18870
12573
20366
-1962
-7955
-30594
14294
16201
-19289
11648
19392
10891
29377
-15588
-25289
-15850
13362
22592
-24838
26356
24462
29367
24362
-4099
-21315
-25006
-10880
10688
1597
-23682
-27095
31886
-7655
-20858
-493
20730
2050
-17372
-29353
22630
11447
-7643
15685
17107
-14023
-8331
-2175
-19820
28549
-10952
-4921
19341
-23093
22488
-5798
12625
-9896
3880
-9217
19299
-15375
-6775
17407
24854
23872
7241
-15927
4030
-29493
11875
-11174
28980
26507
4176
6442
21075
3843
-14855
-31101
-9221
-1444
10853
32022
-20760
-22387
-16847
-10760
19307
17128
-30133
-31294
-32080
-11745
-19436
-6953
-16571
2818
-23849
-1086
30768
-26505
7542
24882
27926
-28940
30157
3804
31139
31253
2499
-21580
5258
16364
-6622
-22315
-31169
-3901
4389
23495
-6402
-9878
31655
5198
10476
-3314
-9119
20069
-8215
-13981
22315
2382
-20159
4626
5334
-5563
-18036
-28502
-3337
8408
28767
-6044
10426
-12048
22307
19375
6145
8751
9193
-8675
-5342
530
-14076
3649
15659
-22450
577
31769
-31390
23296
-26173
-25165
-16746
2255
-4726
-10635
16303
-10576
399
6802
17716
21365
10791
19938
19315
-24467
7239
28998
-4828
-19235
-16173
-28459
3239
-1183
-22570
16103
-27124
-21346
9859
-28558
-30051
-30330
2628
12926
-17487
-20265
6074
12155
-13722
29780
-26105
-18221
-18473
-27991
26015
-355
23275
-30192
-25794
-25527
-1238
-5664
-32488
-29971
12604
16651
21869
24758
-25881
28290
-30851
6770
273
-32219
-11961
-31805
-29064
26278
-9833
14426
5870
-7326
1690
8744
-8691
-17108
-25560
-5016
25877
-12474
18997
-14912
29865
-25050
20480
-26203
20256
20163
-31387
30179
20469
32750
-13102
29742
18273
19643
-31272
7966
8567
-9761
-11383
6461
-22161
6226
-4296
-32667
-5453
14304
22861
22253
-20750
-9284
-14906
6744
16508
-11262
5853
20696
-27717
-12346
-13159
-30917
5292
14500
4243
-9778
25960
-28730
10090
13577
4220
28615
30749
20487
1946
-12188
-32386
6830
7003
-20423
-3514
17910
-21742
-28635
-13462
-1327
-30035
-21276
-20776
6585
5919
27640
32352
-32180
3875
29679
7835
5778
-17939
-27744
-32387
-21289
26688
-4537
-21807
21632
-21672
5926
959
19818
21335
18290
-11738
-9499
-9518
-5006
2324
-9394
29483
30499
-2777
20621
17216
-21060
-1651
13448
21973
6382
2979
-18945
3532
9948
2918
-26478
3326
29393
-7566
-32681
-17381
-17145
29700
-19947
7221
12201
28933
-20041
-32610
-17731
7853
-2089
-18704
-7570
-19986
1624
4968
9475
22542
14724
-11671
-17703
7106
27331
-8781
-7987
3342
-15882
-20031
-22147
21274
17591
-1702
27411
-30416
-8200
20413
9220
8543
-13218
9030
-2590
-27321
26635
-18182
-29256
-14358
32048
-6161
10863
27871
-2382
-18474
-7428
-23886
-6645
6890
13271
-9107
-16073
-31279
22057
-13037
4374
-28530
25843
20864
-28123
47
-8705
-2688
10384
-29193
14842
-11758
23052
-9031
-26231
-3307
23335
-29012
1006
-14089
-6317
-23315
-19723
14551
21919
-24151
-30528
9722
16815
-17430
18279
-16664
-18268
-24505
1841
-26834
-7594
26993
16740
-5932
-28612
-20149
-45
-24751
30582
8384
12187
-27368
-10162
4881
-4129
-29415
26383
2537
25536
-23109
14544
-11067
32014
-16050
20753
-29481
-2411
-21720
-16441
-23527
-9465
-23261
32412
12635
5084
-5898
-28112
-4818
10430
29261
-18224
-21883
-15178
6746
30441
-11953
23474
-8085
2088
19451
-13658
-5480
-4397
-14662
-9004
2357
6300
-20881
-17335
-6488
31058
23854
-9547
-17153
-20765
30011
30899
15932
-30727
-26554
9275
30246
16454
-7090
10709
-29604
10126
-21486
-27138
-30139
6365
3144
16480
-13074
13212
-13234
12833
-31599
-29258
28764
10961
-8222
-184
-21223
-20957
-19113
-3534
-643
4318
640
-13689
7040
-4020
-8054
-1832
-27092
17153
19524
7250
-13209
2732
-16110
-5004
-24670
7608
8185
-5640
11458
7668
-14119
-9307
5481
7011
-26111
-2383
30298
-25936
13981
-8228
-10693
14277
-4164
1979
-32341
-7484
-31496
18678
30356
-26624
31470
14609
-19099
-4592
-25026
-2347
-3461
26636
3473
30921
-29684
1275
14128
6225
23430
20659
7056
-15479
20763
29686
-15413
-2528
-26699
24855
11348
20089
31564
3321
6372
-14325
-1656
16324
15425
-3214
716
17248
170
-24959
-20586
8701
24971
-12567
-29838
17430
-9077
21181
16713
7563
4229
-27115
27177
499
23306
-23632
-11116
-129
1234
31556
-10773
-30542
30132
-4715
9685
8711
28000
-18040
-20342
-16680
27623
-7307
-28147
-5112
-21179
11703
15195
10981
13393
-8073
7866
-6163
31350
-23708
-25217
790
22659
-14211
28322
21605
17307
-1297
16023
-14606
-26694
6380
-27722
-205
4542
-18885
1659
-32151
30842
-17203
26495
829
17164
1228
25684
17108
17950
-30578
9607
3036
-17561
-32237
-2763
3224
-5824
1584
31019
-31884
3249
30231
-24561
30851
-14660
-10510
29935
-5021
6247
-3340
23841
15110
18105
28819
7829
4461
11871
15796
-26971
26083
16376
23299
-20901
-12062
-28901
31223
11686
22008
-22991
10604
-15384
4078
25886
-30753
23223
-18850
3458
-10043
19651
-8538
11374
27841
4482
29054
22680
19132
27422
-21627
23202
-13117
-16489
-3286
28161
9559
-24375
10026
-25298
12638
-15233
-19729
-17450
10723
-31391
-5278
23960
18977
-32025
10172
-22281
415
320
-15762
14817
1511
20970
10413
9737
-30503
-6578
-14717
-18542
2736
24950
-12499
24960
-17785
7897
17002
23476
-18074
21186
-10075
-29186
8657
14299
16550
26216
18944
275
-18864
2989
-6848
19326
6016
19438
31617
11709
-7369
8002
1411
-11821
-29688
5818
4959
-22818
2354
-21501
16872
-13955
10902
15241
25313
32503
24080
-18299
6758
8281
-19991
22210
29250
24458
31642
-1418
-8164
-25049
7958
-835
-18029
10742
-10682
27519
1789
21237
-2100
-20852
-22389
4813
14651
-2684
8446
-19675
-29702
-2197
28288
13404
24274
-17631
-11052
-32502
-21855
-14880
-28915
10032
16243
-28483
-26380
16117
-30551
-4565
-12402
-21014
16469
8327
27235
-22725
-19776
-9646
-15075
14874
22252
-454
-28471
-24209
17073
-17899
10858
-21130
22764
9164
30920
2942
-19719
30061
19699
-19531
-13293
-31398
-13846
-29629
-28607
16017
26913
-14143
-590
31372
-23400
-12226
-3345
-9403
-17698
28731
7072
-3715
13292
-11298
-32313
4879
-11587
-28149
13375
21966
24845
23987
26293
4338
-27665
-5986
-29383
-29683
10875
4489
1090
4619
6745
5046
16407
-24760
-20000
15610
32476
17981
28455
-6760
-5962
14368
-20522
-19866
14528
-27053
-4041
-17196
21951
2674
-19207
-31038
-7788
-5314
-22006
-2833
-11314
16227
-30365
3103
-20733
-6909
18719
-1573
25644
16936
12879
4265
13160
29701
-25937
30350
1112
15551
-12166
-1371
-15825
-4639
-19193
2549
19296
-19307
4635
32073
-7180
-22545
-26197
11792
-19981
-14413
-21073
-19624
-5141
4300
-19597
-7850
-13632
-19750
13918
-28943
-20307
-10837
-28060
-4470
-9689
-22842
-804
14496
-24738
-12568
343
1266
23103
-29207
17050
-1271
-32391
6082
22484
-20955
-14613
15242
-32499
-14833
29639
1857
10600
31533
-9536
-14239
-4774
-3498
28520
-11969
-26278
-32294
19943
5796
-30822
22657
-21677
5039
-2149
8770
-32365
-1831
-25874
-2845
25016
-24506
-18751
28279
-1522
-9764
-16442
20091
15049
16153
-4588
11797
-21708
-2326
32462
-1808
3255
-2574
26862
-2267
-17110
-16642
-28762
-17657
-3530
15002
24018
15415
7069
15269
-22834
15174
-15226
-20340
-711
-3363
-3442
24231
20352
-8621
27777
-11207
21009
-25233
30407
30340
15630
31853
15134
-18356
356
-15594
6201
-32452
-9530
-24551
-4443
6914
18393
10591
-24944
-26552
-4047
-32075
23881
14640
5325
23019
-26136
-29502
6697
26177
-27637
8116
-22877
-4243
93
-23686
-15597
-11328
-26854
924
-8364
2197
-31074
32692
-31999
-27852
18693
11659
-7603
8784
22844
-182
-28556
-407
7462
1117
7793
-24525
28778
-27104
4853
27833
-17776
-26585
-29070
29078
-14435
21947
1736
-19888
-12692
6268
3667
16523
-15360
-9941
15969
24938
28985
-26702
-15296
-1160
6224
13686
-99
-11447
-24155
27098
15422
-24775
-16660
-23525
-17119
11220
-689
26980
-10826
-25703
24112
-23481
-31563
-29612
10653
-32347
1837
7739
32580
30451
24686
-3926
-20526
-19563
-27875
4709
-60
-28559
15101
-19434
-32594
-9570
-7359
28200
-6048
-6270
-9637
19579
25260
20735
-31168
-6028
10840
-24854
-26784
17066
32062
-11027
-1810
-3630
4360
-17652
3045
10407
4434
26668
7653
26249
-25325
-2734
-759
12457
-2206
30489
-230
9281
-32559
23738
-6020
28982
31318
13774
15787
-6883
20502
22452
6119
-9007
4767
-28424
-2215
-22793
-18089
8894
-24287
-2802
22072
11237
-2251
24733
12086
-7386
-8835
8114
-3858
-4311
2749
-24054
31463
-10061
23197
-2660
20148
18140
-31559
11205
8561
7308
-18031
-30242
-20255
5429
22332
-12096
-24504
30614
-7080
18461
13108
-605
19787
13975
26282
12417
-20504
-4907
-27747
-7617
-9206
411
-4357
-31170
-3851
18088
-13341
-29815
20328
9308
27637
-19485
-25553
-3766
16673
14654
26534
24150
5360
7206
1529
22329
-32395
-23993
29283
-16748
-661
-13857
-23678
-2114
-1275
25001
25560
-20660
-9100
-14627
-31234
-10363
30411
-22707
-11310
-3297
-20491
-21763
-30335
2873
6325
-32255
-16866
15141
19325
-15357
26016
2875
19595
-1052
7389
-27180
-19712
4423
-19064
9051
-2921
-16463
12899
-15025
19610
-9898
19885
12769
-4334
-21719
14474
-29443
-23623
-24415
-18706
-16737
-28195
10452
692
13054
5591
-26122
2929
-22792
26787
-26957
-7573
-29015
2757
-6331
28831
-16104
-24950
28496
-25744
18864
6490
25702
11022
15498
14505
-27436
-14059
-11880
25539
10811
-13607
27261
22096
-12121
7380
22906
-4908
-11085
30911
-28615
29744
26030
-26335
-28641
17275
11135
27726
-6660
7169
31112
8337
8199
-22784
-1718
15178
8086
30362
10569
1470
29989
-17880
-21383
-25943
-6761
-16166
31287
-30243
5343
-25811
-2856
13652
29764
13715
-29608
-15295
24859
-12029
-14093
-2141
-15147
24588
5424
-23244
-18430
-2978
-16621
-7630
29027
9893
-25033
5100
8272
-17084
-26438
-23921
-10524
2075
14707
15243
-22190
22689
-23066
843
487
29894
-12736
7994
26425
-14332
9827
-10428
5279
8448
23505
-32531
-28083
13714
-11995
-18711
5533
-8894
5412
6447
-21605
-32555
-20821
100
17498
-16530
-22528
-28867
2286
-20210
16920
17372
2358
-4879
20804
5358
31056
-5395
31339
10843
5323
-26215
31289
13667
15839
-14457
-29402
-32660
-3104
3061
22743
23315
8276
-15898
1331
-30105
-7846
-13691
15373
9529
-1735
-12366
30280
15082
-19052
-3818
11
-5384
29646
-11855
10049
16851
-23593
-21150
-12781
-29245
8605
-5505
31456
4304
11572
10646
-25898
3570
10926
9439
-3465
-19114
-22505
-24910
3244
-29882
-8443
-32548
-19983
-17388
28065
-11814
-1433
17956
19693
-18341
4978
-23538
-25160
23678
5988
22789
24604
-3110
23331
-4675
20752
-2775
87
-25609
25976
-1153
-21366
-18298
-28811
-32536
27418
-28924
31461
279
-640
32443
-25862
18424
-25610
14117
-6608
3773
22381
20749
27076
-29192
-25063
4745
-23858
9582
-15653
12650
26902
-6607
32263
22514
9500
-12618
2954
10788
-29005
-7120
12721
18565
31632
512
-15280
4446
8814
-24021
916
-10237
-21046
-13713
-19084
-27836
-3384
-17729
7182
24072
-25875
6208
12116
6685
12093
18059
-17206
29779
-9848
-22418
-17951
-8042
27776
-7159
-14012
-132
2198
5631
29313
29099
15869
1045
5156
5193
-29312
-31557
25120
-13230
-9451
-4546
19764
-14222
-29582
6497
-32481
-9856
12989
-30703
4946
-15503
-31086
22825
5246
-7835
-31629
8611
-15181
-29851
6660
14884
19078
-19297
1686
18007
7838
-1041
-30691
18449
11804
10473
-4734
14506
14296
-4512
1243
-6972
16569
-6994
-26501
1899
29633
29797
17116
9
-18887
-29282
28863
14010
18314
13322
-23228
-28433
4864
-17271
10655
-17258
-1376
-26630
-9559
-20261
27996
-2937
-5820
15064
22230
-29593
-24498
24809
24411
-24967
-2796
-27840
8506
11841
-21120
-14381
8972
7021
-26168
-23112
26012
26931
2178
12778
3994
-19647
14576
25650
24602
30403
28342
27396
-12564
-10738
13189
-2530
27736
-19617
16837
-26451
-9606
12896
-15442
13030
23590
31290
11023
-14842
-7096
20288
-29243
3612
2871
-24898
6435
4607
19425
19570
5782
13304
-1978
-7144
26475
-14465
-4103
-13561
-3027
-15738
2974
-22747
13933
8505
10964
-11752
6021
-20652
-20890
15081
18281
19215
-12446
-2517
-32719
2130
7581
29795
21210
-21113
-18562
6243
-26010
-23043
19251
8205
-8128
-23996
-21102
28355
-10424
12679
-18997
-4491
-5675
-4749
-18830
5423
3030
-26110
-9881
-13461
20500
-17094
-13280
-10037
-32164
-4101
25208
-28032
-1738
16754
-5532
18854
28105
-365
17828
1544
25737
32330
-20846
-992
16310
-25927
2872
18428
19649
-1314
5808
25723
-31601
-3031
-944
-20430
13527
-8440
-9653
-29944
-2759
-30948
32218
-1204
-5747
6015
-23922
18513
-8814
25742
-7907
-27247
10876
13401
-5751
30193
32153
-4670
-24128
-5811
-11929
4355
30519
19732
-12266
14852
772
9314
-19018
-27894
25405
-25700
31017
25138
-1760
-22490
-10953
285
-31189
-28315
32437
-7841
14667
6210
-15529
-30609
17069
5014
4262
-22175
-26751
789
-6669
12191
1784
18647
-6072
27965
-13311
8998
-14519
-32328
24584
-4408
4432
-16225
-5493
-13305
-25977
17715
-18254
6070
11500
-5711
-2466
-4578
4521
-7591
6143
-31634
32370
11539
-27643
-31744
-15694
-4048
-25519
25353
-9735
11515
30775
23724
-14875
1076
-32407
-8208
32149
6730
11404
10313
-8501
-27554
22778
5425
-5292
-15977
7284
-27880
-12
-29774
10030
-10832
-17997
8456
-2948
23439
6092
-12494
-6257
20625
5319
-7901
17433
22916
-32738
15350
9791
5466
165
-1246
719
30203
2268
22709
24638
18053
32169
11781
-13012
-20659
7511
-2563
-8279
-17315
8748
-19827
9105
-22677
-19762
-930
-30846
25309
-13455
8048
-17007
9169
2672
5635
14015
-26310
23612
24843
-9609
19882
-13409
-32599
11564
23251
-8400
-12127
-18633
29558
18812
14779
-28360
-29233
-5855
-19370
-16212
-18818
26741
13901
-23358
-16744
-602
-8256
1383
-29926
22228
25347
13911
20509
7884
16403
30249
19330
-14964
24037
-15845
-10083
-5696
2841
10832
6139
17932
27889
5605
-11543
-473
-3441
23875
9065
-18679
-30591
31630
12348
-25599
26983
-23152
2940
21323
-14170
-18579
-6716
-19833
42
10545
19948
25744
-15721
14132
-13130
-12327
-25864
20420
28159
-15045
30081
16057
-15241
-10207
7346
-1259
-7808
-4507
13760
7498
-447
16323
18361
20563
-17044
-21282
6862
-20674
-6837
-19465
-29398
-18972
8887
8397
-22985
-32551
25752
-31301
-30829
-32310
31826
-2572
-21461
-26704
-17539
-6054
-31240
17178
20540
-4687
-10357
-11195
9470
-26401
6095
17235
31838
20131
29595
-9935
-32238
29461
-27565
-1355
26260
17035
16334
-31223
-5921
3032
-29213
1136
-12055
3546
4984
4282
2331
-21116
31985
-17257
19421
-11014
-7785
13273
-27644
-25775
-25315
-18518
18599
25941
-1136
31158
32172
-10872
5250
1321
20491
16311
-15551
10883
3885
-2231
-24304
-3550
10145
12162
-12040
-29602
-24584
-1293
32618
-22967
13356
31383
12206
-2024
30761
-16069
-24998
-12954
13073
15065
5651
6772
28971
-31657
16671
-3615
-7741
-7622
-10509
-24569
-2872
-11036
24576
17576
-11426
14205
19845
26415
-7435
-11326
-15311
-20808
6013
21480
17746
19030
18041
-4894
-7185
-19830
17947
-6534
1838
30913
-26475
-25523
-19103
-7447
-7311
24191
-21141
7448
29519
-21380
518
20260
17262
-25627
1367
23928
-10328
-2571
-15461
1421
-10275
-16855
-29526
-17655
3459
-7505
4397
17123
-2456
15397
874
-25619
25507
-2756
22317
412
-24755
14274
31444
-29663
-12250
-9104
6265
-25790
-30826
-4355
12074
-6642
20969
-6809
5298
4547
24216
-9015
5388
30826
19715
-3989
-15832
-22278
-9588
-16910
2241
-11535
22625
-18391
19873
-31276
5032
-28616
9023
28254
12176
27811
-26587
-4900
-6647
-8067
-31426
-18606
-11445
-6673
-5308
3851
-28996
671
-26517
31586
-31712
9374
28328
30610
-10091
-4909
-26551
-18843
-14396
-14105
-15111
5426
-2283
-14757
2962
-32191
-15525
12805
6287
7015
-20834
-20280
28712
12515
5826
-11648
18815
-25392
11041
-32094
-18803
-847
-3955
29696
19177
-30936
24092
-500
-5394
1502
4090
-972
-15879
15697
-13432
-17234
13191
16605
-28864
23319
-5792
-19829
-25186
-5679
21526
-18162
9459
-19087
30860
-17383
23540
20844
30792
3429
-26165
25355
24777
3318
22405
-22486
26292
32099
10747
-11159
3098
-32623
24574
-27755
-8195
-28446
6166
1615
19952
-21988
-22621
2387
-32463
29710
15059
-4050
-21971
-23345
-534
23536
-13090
-8874
30507
18603
-3873
-18081
21198
-4858
-21555
30923
-16322
-29416
4188
1023
26711
13163
-21299
-23605
-30859
-26996
4888
31607
-32202
15830
-779
8545
29270
-27628
-7895
-13101
-16794
-30369
-12719
4754
4880
27692
32408
-30863
25709
-29535
29576
-29785
-29345
22685
-19900
-13031
31294
14129
28879
1801
-10067
-25583
20455
23126
4427
-27140
-22973
14339
-23879
1130
15042
-28526
23096
24211
29557
-7968
-19993
-18132
18411
-3285
-5488
-12009
-28861
14056
10889
13426
20870
16093
25586
-21361
-16232
17149
-22408
3363
-21057
-17625
25998
25772
5145
-3516
-23078
388
292
-12813
20865
-8801
-5827
-11075
-30110
-20538
53
-4128
-14153
-28491
-26870
10958
-7528
-11173
25465
22444
6320
-29556
13125
-15802
-20376
5777
-21019
-29835
-32664
23342
-22966
-6303
13551
-31611
12347
27697
3902
3515
24538
-8286
-17726
5626
-4342
26487
20516
-5778
-32532
-34
-30342
-3211
32677
24665
1650
-961
29182
7293
-19676
-31191
-20950
9987
-12511
30641
-17123
3640
-16380
-1623
8137
-3494
9258
31256
25186
17332
-15509
5582
25893
-19191
18790
-27192
-32444
-4520
-1269
25580
-8854
-14016
11463
-15576
-19478
-5511
7506
-19650
10300
-25000
-32345
-32722
-29468
28478
10008
-22414
13377
-2023
-23979
31327
-19535
-28354
-1639
-9791
-10437
1888
19048
-15953
-11512
10131
-16474
-5034
-31970
3853
22505
26631
-12572
27045
-2760
-10463
14025
31812
-19628
28761
15940
4010
-17840
6500
-28812
1567
-27492
10992
1144
-13919
4383
-14573
-25410
32145
-28342
28907
-12347
27311
16450
-17538
-22076
22890
30543
-5208
21007
-26026
-4083
-3939
-1042
-11882
13334
-1886
2987
-23433
23913
32336
7960
-12498
-8447
-31924
-10744
20687
-6602
22053
-1458
-4378
-8929
-5489
16180
10824
-1186
-21248
-4024
23905
-5496
12614
-1721
-24916
32619
-32305
10737
-23989
-32721
17777
9256
11732
-967
28815
24075
9095
-11744
-27616
20073
-20043
21367
31946
-30895
7128
-2518
4618
-10451
21463
13328
-19677
-15791
7226
-7210
-8565
-31324
-9816
31109
-10311
25920
19409
-25526
-11909
30226
2823
-23861
25443
13994
-9632
-26076
32409
7558
20232
7532
30436
30793
27373
-30216
-18565
-26166
-23489
30392
-19392
-25273
-24891
3559
-7006
24543
-1750
29669
-2860
-28889
-8785
-7526
-11898
-25133
15874
28316
-12229
-27699
23219
-12653
-2126
-3051
27738
-4039
3801
28966
-4666
32373
21627
-14497
-12212
10159
32365
-23090
-13874
6803
-28907
-20708
21264
21694
16267
6773
-6256
17415
-23309
19081
-29909
-10393
28362
-9665
4266
8493
26779
-2240
-17375
-2260
18403
-18222
-21601
22443
-9759
-25739
24023
22796
5113
7441
31787
-17614
10639
-21416
-7429
19488
540
26265
-26460
20990
-21406
25493
6459
-29021
32379
24044
31288
13566
-22394
17390
22416
27428
21854
-29297
29213
-4383
20947
26879
-30070
2391
-18963
15759
5493
-4594
-8047
-12039
1997
32542
-14475
21033
-18501
24815
-26553
32454
-16439
7046
-17152
6622
20565
-1313
16459
31038
10855
18162
19306
-32110
6418
30258
-10322
-16307
-21755
-7932
-19357
23870
6158
10019
-8031
-30304
30222
-14730
-26237
11818
15267
8467
9218
2291
16601
-12073
-23254
19358
12855
-32280
17970
-584
31790
8177
18984
30979
18366
-24864
3464
21807
1726
12101
30522
-13358
-16644
3078
-30464
5502
22929
-14772
-4779
-3438
-19824
-30391
-4591
-1202
22088
945
10482
-20991
6065
-11277
-10380
3075
-1715
-9952
30457
32105
-19990
-18757
2098
31591
-12515
-10314
-3506
-14286
-27783
18242
-13921
29122
-29379
-22252
-22044
-12072
4190
-31225
-26892
-14095
-14959
-22809
-2523
28214
-29824
2375
-2610
21646
29929
-26855
-11392
22070
-25102
2390
13683
20050
26929
-17112
2174
19690
-13207
27095
1622
26986
-26977
31608
-9504
-6735
28071
-7840
-24002
24511
7807
8019
-27107
-17495
-10631
22767
24177
-6709
11398
3427
-5609
12734
24871
-14443
12209
28291
-22672
-3434
23380
-25948
-32589
5704
32719
10740
-9730
29172
-13544
29404
-13141
-23094
-11345
-1398
-20109
-14629
1723
-30194
-5029
-5731
9835
-6511
-4795
2643
-2707
-29841
29819
-10515
2421
-12272
23092
-16038
16733
23115
-13091
8111
-14739
27587
-16057
-4895
-9998
-7054
-13996
23054
24332
18543
23739
-2668
-9569
27132
31791
-7690
-24862
10941
-22334
-17986
14341
-27687
-12025
-16611
-2994
-13176
26744
-17722
605
21989
-16923
-30769
-21837
-29863
26590
-28338
-4545
24569
19682
1885
-23965
9711
-27090
2729
-32600
-29676
922
18321
2418
7784
22590
9188
26935
-7700
20222
12757
-15224
-14151
6108
25354
-17529
-18975
-10327
-12102
4296
-4817
31170
-4744
17014
29504
-9091
26800
-21865
3969
31552
19876
-3304
-518
972
2534
-145
-18115
27284
-32240
28123
-1262
23869
-21736
-19034
4045
11623
20766
17157
10411
-30890
-18345
1028
-14442
9719
-12828
20395
12346
-26931
32302
5528
24553
15806
-17292
-28669
21055
1999
30080
-32204
-18106
29657
7450
-20892
11678
-29039
-15397
-18032
-10392
32279
9925
20092
-22186
-22959
-32254
16207
18026
-27736
11254
7485
17975
8950
21980
7675
1523
-30700
-11911
-21063
-20282
-3305
-17116
-13881
20796
19363
4926
-24136
-23854
28659
-3273
25176
10377
8720
-8819
-13228
32622
16777
26570
27181
6909
-27909
-2049
1533
18496
13993
20843
-32002
23173
-2944
-11925
-17042
4313
-26700
-2066
-8459
8555
29185
5904
20418
-1680
-29960
-2791
-10149
24866
-29620
12738
-21251
20377
6402
-18355
19026
19429
21986
-2534
-15862
612
28073
-2622
-26632
-14547
31530
2815
24295
-6993
-27393
-26693
-1277
4006
9741
13704
-6788
-26520
32710
-29747
17890
14924
397
3964
23225
-10686
11839
10706
-23017
17449
-15901
12144
-29091
-8768
-9198
-11470
-29956
28259
-30349
-16140
17193
8594
-8199
4524
-23732
-628
25904
8472
14919
12242
-17438
-3354
-13069
-15130
-29489
-21213
-3321
-32081
17382
-20982
23131
-25296
31126
10755
-22307
-31868
-23048
-17739
9024
-7842
26024
-21095
-15220
22151
9505
-25485
-29868
22899
30978
26295
-32183
9650
-29434
-9254
-20937
-4193
19674
-14194
-1199
-6427
25795
-5123
-30451
32390
14716
32157
18609
28167
7527
30308
13159
4588
-2501
13153
-5186
-12799
-31965
19705
1666
32216
-5653
-13410
15165
-13465
19000
26039
-24103
1823
21932
-12691
32183
-30887
24221
16502
-24427
-7059
-13177
17731
17986
3049
6514
-16321
-18753
-31185
-11008
20253
14833
-17435
18012
6879
-8886
-9488
-9756
24890
25531
-10591
-19088
25416
-23940
-26674
5000
810
20195
15411
-18035
15734
-21960
-8242
-19004
-17797
18556
-11914
24524
-9334
16192
-10251
20693
-28474
-22290
-10034
-11625
27312
28934
-17977
-2521
17185
250
-15123
-17312
-9264
9751
2874
25163
31143
-20095
500
27714
26172
-25503
-16021
14442
30919
-13126
-14195
26863
15784
6906
28852
10575
220
-8316
-2641
591
16991
31907
-1254
-634
11319
-31903
16856
22097
9705
9643
5827
-26214
17351
4782
1974
-25464
11321
462
17874
-25191
-3091
-32635
25813
780
16938
-1922
-30633
13888
-20691
24973
-29359
14708
19502
-24508
-22412
8909
-32005
-16814
-10912
30324
-24385
19507
15546
8816
18145
-1240
-6373
-11058
-1250
-20914
30927
28472
-2646
7174
-24586
8603
-6858
-29381
7140
-5629
-31126
-11515
-16131
-32016
17940
-27286
10767
-8227
18540
13826
-17380
-28131
-15818
22225
14750
28005
24288
3129
16544
-30305
-22420
-13205
-14064
-1927
22240
-17379
-28565
1166
-12093
13625
-3122
-5431
1905
-11659
-29519
-27974
24592
-8919
-13060
-31681
4762
30141
30705
-10717
-9932
13379
13195
-7272
12932
-29546
11431
2622
21838
2469
9818
-7168
-30385
-21915
22445
18800
-21878
-19753
-23170
-30607
-14786
9390
20408
24126
1535
32208
-16094
-7965
9734
-10775
16421
-25617
21736
-21587
29729
26316
-27019
11834
-18998
5435
15712
-29668
14875
12967
-23015
-3657
24841
31757
29647
8673
11437
9410
23958
-23210
-13120
9992
-29731
-29267
-17560
-15562
-10480
16485
-22280
-28427
-17949
8453
-28898
1971
14461
16830
25613
-20657
4341
-22345
-1133
13521
15399
7419
10803
-2419
-17846
23451
13626
31101
29512
14083
-8505
-24426
-31817
29428
10477
27869
18535
-9617
3223
15892
-31202
-26747
-26512
-8455
-594
-7010
-2631
-187
-6962
-15641
-1138
14063
23860
-9456
10471
-8176
-28831
26659
-3170
-30933
21817
16234
-27545
15222
1768
-31819
12007
-28091
19984
28461
-26916
-9875
10691
-32668
-30522
11050
-13062
25364
-30163
-31609
-8000
27171
-27133
-16210
-2831
-27238
-22584
-6913
-26202
-11629
-22066
15215
-7115
18042
-6733
-21027
-12821
725
-29963
-5318
30000
-16169
-24951
-22438
25814
18951
-31644
-14388
1804
-22406
1370
-5454
21582
23712
-23353
-2108
3578
-15368
5981
31753
-27027
-15206
-4121
-16753
4457
25659
-5979
14073
-23467
19316
-19443
15061
18132
13782
-18667
8430
20057
-10743
-8297
-31
-3418
-25423
-29560
-15443
-23319
19586
11704
16948
-16731
2891
-12857
-17301
15293
-21010
5669
-12390
-5978
-25229
22873
11511
-24613
-15617
-8390
1669
6432
5874
1219
-6346
2436
21673
-19175
28990
14869
-15388
-32066
-23104
6020
20107
-17526
29441
-9255
11244
6933
27434
31011
-31379
26892
-32217
26680
-31421
-12429
-12674
29831
-22946
-8587
5825
7288
14815
-8913
-2102
22002
-14567
6678
18478
-12991
-2708
25102
-22133
-30430
-21771
-9068
20103
8775
-16068
78
-2125
16039
7219
19233
24322
-20485
-128
-29656
-27009
25906
13694
-21618
-6632
-13744
-22460
24307
27480
22180
-28301
26179
24821
-17753
-19079
-28846
27752
443
6754
-25694
-14557
10660
2037
-2823
32628
-9368
10778
7625
21505
30718
7722
13613
12827
900
2557
13585
27732
-20114
24302
-14434
-25109
27657
-3996
14509
-6780
16768
29135
-19574
-27433
-7562
-28180
1932
-15102
21127
-32630
-26263
-9116
22389
-8901
-10688
16248
24965
-15327
18526
20354
-31789
626
-6576
-30037
-13486
1251
26601
-26083
21786
-30589
-16986
14599
6581
-22023
-23838
-11059
-29445
6044
-8492
28198
-10678
-6971
-21184
16053
-29341
-17288
-14774
11020
24326
20264
-1967
-4912
28612
-17131
10822
-20964
21830
29113
3136
24652
23543
-14990
-11320
27334
18919
-9063
-29036
-7354
32091
-15693
-5581
25611
-14394
-23128
-23089
-11358
-9293
23457
22884
-8154
15873
-10754
5141
-7597
-32489
13465
25431
16519
-32585
-31523
29981
-16697
31956
8359
-32289
4947
-6569
12759
-11974
-17734
-8976
-28980
-8482
11974
604
726
-3375
-14723
28048
20612
-4621
-28675
9038
22544
-2867
-28363
8714
8559
4198
24590
-4628
24370
-5049
23650
31732
23787
1462
-11900
24658
-7047
-9448
23132
12633
-22008
-22454
31006
8696
12202
-32241
4641
-25986
28556
10631
-12848
5781
19625
24246
-21405
-1596
19710
6874
19784
14078
-13679
20320
3349
32475
-19713
17533
11725
26586
20190
30629
5761
1236
23691
16477
-16200
-14102
-12928
3189
-2949
-26622
-2415
-12880
-18872
-12399
-29941
-12074
26225
-25355
20737
13859
24148
-20168
-15332
-29610
32325
24544
-28255
-431
15307
18399
-23801
-14258
6142
-14699
-12164
-8813
-21806
-27526
21318
5500
-13815
15337
19017
4120
1874
-27268
-28672
-4335
9687
13369
-21083
11341
744
-5316
25562
-20792
-19312
-9374
31610
4491
14203
8064
27463
13932
-26989
16763
-17897
-28687
-23577
-15186
-16097
-25124
-25896
-24500
22964
31762
-17725
-18150
24262
-10850
13869
3328
-9282
12690
-8656
4174
28492
-5323
2082
-29693
15901
-7664
-19236
-12171
15842
-11184
11170
-15385
-29279
-4641
-18992
6951
24702
-30462
5095
-14930
-26769
-9625
5822
-18503
26529
-25665
-21617
-9621
-7099
616
16636
22320
-4899
20772
-14251
-6382
2684
-31198
31270
-23980
18187
-25305
-4430
12702
6386
-7131
23386
1755
9025
-10050
32669
25065
19225
12009
-18374
13046
-751
30185
-17842
5459
-10293
22483
-11842
-30435
1373
16271
30426
-18660
-11083
8741
-24380
-14437
-14638
28250
17726
12002
17048
-249
13239
-30999
-16393
-13219
23359
-10035
24163
-25654
-26412
22891
10865
-13191
-5297
-28202
683
28946
26664
3471
22812
23258
5139
-15032
-10209
-28402
-23714
21311
-5608
25312
-32033
2006
-27243
-20394
-21613
22999
32281
-15515
-21847
-23580
5803
18893
17199
30370
13700
9834
24968
1339
11278
14254
-16548
-14552
-32547
-21628
-26500
-4478
-30709
-8347
-12588
-9048
-13564
24376
-13094
12594
-21858
13309
-22271
-15501
-17492
13671
17680
-30858
-1770
-18608
18669
25888
-763
-19698
-3721
18550
-17109
30196
9853
-14355
-4499
-2196
-13807
-25408
23839
-4231
-15339
-7635
8644
12017
8485
19735
13662
-6565
24737
8335
-2564
7747
13678
15112
31641
29821
-24354
-15170
-30684
-6389
26730
-29280
-21005
-14832
-15034
9833
6512
16857
-31944
25803
-32718
29116
271
25811
-20467
-3020
17485
31286
-31750
-6027
-3291
-31723
13567
-24782
5835
14994
-451
-19934
8670
31124
14625
23808
-6002
11862
-21851
4335
7778
-32570
6522
-15931
-31206
9061
2509
23620
1587
-18957
30504
15226
-22591
30932
9538
-7972
-16545
-23863
30660
32415
4103
29133
31123
-15930
25582
-27779
16552
-12457
6171
-8797
24174
-18702
-15271
-9750
15348
-16282
14127
-6265
-28681
-1270
31654
-4502
-15298
18405
-24436
-19708
16630
2526
25793
3001
-32750
5011
-20711
-3652
-22246
-23944
-24129
26247
3023
10050
-12756
28042
22638
7089
12774
-21016
-29511
-8477
-9975
16391
-23971
-22647
-21681
19091
-12955
1833
5054
-6489
-17377
28604
26146
30952
-18675
-13510
31115
-9819
-3449
-2202
-25662
26450
-28393
-25265
10359
-15054
-8658
-18201
-9290
-31154
-3665
-9299
5772
-30824
-2621
-19801
7483
8153
3190
-12130
-8958
-31941
4594
26516
32337
-26532
19005
30267
-28760
21302
-8315
-10072
5291
8418
12872
15972
-19336
-15314
-5412
9297
2290
-9661
22540
-15870
-14970
-23055
21474
12003
5607
-31067
21408
-19806
23340
7919
-5908
-11924
26178
-6616
6304
-18549
-4263
13052
29231
24465
-11722
26097
-11578
-7436
15464
-25571
-14061
-19541
10180
29772
-12354
15600
-539
-25746
1378
13693
-32482
15829
-10597
19201
32079
2544
23769
590
4746
-31100
5111
25202
12001
9754
-10665
-1282
-18791
-28172
-32311
-11623
10707
-1981
13415
5550
25504
-29566
-10246
-6410
21645
29798
28240
13083
-29406
-2779
-29306
-20242
22846
-805
5629
-17274
-106
26899
9641
14173
-6849
21161
-18090
-31455
-4776
-24177
29911
6543
-2310
11208
15578
19401
-13939
-25951
-23649
12020
-2936
1603
-9799
30109
1384
-27434
5893
-15564
6869
31983
9241
23127
-9901
10892
21925
5131
24139
-28003
2586
-3292
-4403
11326
-17426
14855
-20494
1930
-23232
-11982
-4109
-32409
-13308
-21330
-16220
-4533
22434
32115
4240
-731
-2692
25944
-9268
-24382
4791
-30585
23656
10297
2950
16714
19003
30906
-32179
-15328
-25582
-3164
-16359
24993
-8719
12924
18367
31322
4663
25938
2446
11187
-29827
14771
-31503
-6557
585
10221
18271
28921
-11110
25007
-7906
-27596
1943
14928
-14492
-2606
12465
28057
-3341
-16052
-8592
-31598
1542
23000
3364
-3953
-20094
-22425
-160
-15944
14682
767
-2139
-10239
-8193
442
-112
22754
-4926
17458
-15851
-18406
-17170
9923
8400
-30518
7376
8165
18983
30682
22616
-14725
8361
-5783
31592
25218
25946
28070
26912
10460
-22592
-13803
4483
18331
-18092
10485
-29249
14554
-31551
12370
-439
28314
-2743
-29034
-15229
4142
308
30690
16088
1829
-12648
27467
3537
-6885
-3675
-8673
21862
1987
-2478
9530
9850
5621
-7190
31928
-21634
19887
4866
-20572
-24489
-15919
25730
-19142
-23457
13311
-15847
-26340
-30422
-29219
-2723
-31935
25229
5380
-13166
-27584
-12944
-20400
3265
32057
21418
-5720
21852
22236
-4652
22739
-17601
-19737
10678
26213
3392
18888
-6343
-7206
-23174
-12450
-10946
-28361
-25504
-19257
14196
25584
27281
-5892
10932
28001
22366
-15095
24286
-9923
16704
2835
27353
-564
11717
-25430
-24701
1811
21660
-18265
10439
20755
-21338
24575
27681
11136
7614
4569
21126
17042
20814
-12107
-11755
-18585
3235
32016
14818
11937
27182
4647
13917
11580
-26193
27189
23294
-29283
-28822
13733
-21247
21952
-13516
-27484
13128
-9951
29230
-31670
10104
12227
-10548
13233
21893
-6311
374
-5825
-1279
-20442
12623
-9877
26876
-25833
-31104
-21313
13659
-26024
30053
-8436
21137
-2208
21552
16770
13880
-22206
11407
-3929
8946
-20008
-5434
23799
-26684
-28881
-1798
18426
-32560
-25637
-6618
10122
-7193
23049
-14318
-10711
29791
19362
-30114
-19946
15727
20100
9573
-10789
-22276
-30327
-25195
-25895
28880
29100
23211
11820
11711
-32497
16231
17207
-13099
10022
2822
5724
13646
-30004
22283
-10560
8951
-13171
-458
14607
-8926
27479
25447
19077
18725
-22625
-26229
-629
-31404
10985
-17467
-26334
-16598
19283
-8423
-26703
4716
-22413
-6074
-26416
31703
31688
-14506
11314
-18712
27571
8813
-12721
10579
14598
-6686
-13028
-20418
5740
-24747
21953
28624
19139
-31385
13414
23196
15636
-29405
30617
20644
24734
10271
-21770
-12064
20187
-5501
13503
18036
6553
-4307
31305
-8130
-31859
-516
21213
951
-18108
-13511
-19842
-19813
12535
-14005
32139
-3015
10986
-9929
-13010
3707
-22499
12339
-20545
-18538
837
-29198
-29056
-21080
1225
-17089
26048
-63
1060
5508
22308
23986
15520
-26336
27277
1724
21779
-19671
-21382
-25952
8398
15921
-8262
-24896
13898
-19036
-6144
12442
-26434
-26294
1593
613
-8561
22417
9130
-21901
-21494
796
3371
-30209
-3605
22254
9293
14581
26202
-26303
11596
1004
19691
11947
-25071
-24456
-20591
31622
-1692
19566
22447
-21350
800
-17706
11196
-29758
-485
13006
25089
-20052
20042
-15029
-23339
-8741
-2768
-9822
-20676
12403
206
-25969
13439
-22674
12039
11699
13133
16392
62
8463
-26468
-962
12731
-18113
6799
-18893
-23660
8609
18339
7746
-17268
-12552
7445
-6309
-3681
30769
-26650
-9285
-4839
-14615
-26741
-22633
2176
-11997
-1425
-6924
21343
-17877
3177
15320
12641
2935
26156
32602
27680
18253
22010
-6589
28917
8502
10021
24156
11330
-24152
-29391
-25215
-24550
-22301
-21453
-13493
-25031
14356
29301
