10000
-27907
-24046
10041
13478
-6688
-17810
17567
-25847
27730
-19810
10552
-10483
22956
17660
-4759
-9163
24547
-24771
26931
-6834
20177
22622
21223
7009
-8947
5431
-21877
12950
28650
-28925
-2302
-12944
-23294
1059
-23180
2453
9622
1119
24201
-10348
-18369
13100
-13125
-30948
-6833
-23624
-29555
25675
-4922
-25654
-14508
-27127
-3160
26300
-11755
-17857
8614
25958
-12815
-9861
-6631
1538
-2653
-29860
24961
24867
9467
-10370
-5373
-24734
27510
12552
7049
11792
9533
27170
20854
12630
-27172
-9026
17082
-7955
9442
13788
-30062
-5933
9618
-11240
17489
21328
17462
-30307
-18756
-25962
4911
13262
22477
-1581
8647
1709
1940
29584
20136
-31753
20200
-24398
-10850
-495
-11579
28006
-27112
28143
26017
-17050
-26899
-5022
18774
8944
-15646
27412
4661
-8244
22313
18287
19778
22643
14006
7502
21792
-17537
-11311
22870
-23707
-5748
-11102
-18097
2336
10279
-11763
-1418
7488
-31161
-9729
4498
-13105
16395
129
-22654
-1869
-837
14286
24711
-21137
19793
30248
-32489
13599
26719
-18482
7780
-12476
-11615
24435
5566
13139
25226
-25816
-3647
12656
10714
23344
31283
20678
32653
4527
7020
8874
18599
9836
-6589
-28309
29036
6371
10624
3237
7146
-27763
16913
20509
-24173
23265
-25681
-481
4616
-5844
-28964
-27387
-12563
-7766
4083
28441
-17831
7514
9515
-14092
26660
-24624
-22716
-27466
19884
-22034
-11418
32365
26278
-9115
-9024
-1970
3388
-17739
-30248
-11643
-17373
16901
-23636
8141
955
28048
24776
8915
6990
15129
-18702
10585
-7375
8111
2993
32594
-23742
1222
22210
1107
92
19125
9814
30229
7218
-23352
-27397
19191
-25225
19439
16493
-7289
-25071
4317
13229
-8642
-21432
16105
-6635
14875
31355
24160
30414
1906
-4241
-19825
-29445
6360
-18073
-12976
25278
-9476
20983
32660
23599
21709
2896
-761
24081
7604
-7440
-2975
-1568
11352
16868
6825
-22429
24319
4928
9758
4556
-20500
-26586
-27499
5749
28835
16941
-20960
-24679
-13023
-20215
23854
-2545
17565
-29627
-12272
-25447
-22998
27968
7711
-6563
-1833
-32273
-20379
27777
-11350
11515
29353
-30050
28356
5010
32368
32171
17405
15531
1403
-25923
3117
4835
-6202
6424
-15526
24343
-14209
6554
-6750
22250
-22279
4413
-1135
-15171
28648
-31484
20118
1740
8996
22737
-11189
11380
-27678
31294
10322
-26094
25373
-21192
-13590
-4655
4047
-24694
-16718
9204
19393
-8790
-25965
8249
13544
7929
-7560
11459
-12315
31474
5080
11928
31638
8026
-31548
30850
20857
-28751
31157
2447
-6727
-4976
8936
-23444
12135
18019
671
16805
-11687
-17744
14152
22174
22452
-16739
7284
-31646
-2211
-26446
1370
-26247
-13931
-30148
-1874
-16511
1128
25599
21594
-21618
26074
6203
-9620
19853
-20580
11833
13766
-1476
32398
19901
-19417
-25677
-16963
4368
-21850
19491
-26451
31615
4348
6789
-9714
-32729
-18708
-13684
-9527
5877
-7708
10808
3487
26154
-24880
23516
-11143
-30166
32404
-16813
-8629
-30680
30764
-13759
11216
-7701
28674
21352
-28899
246
-17093
-26051
-26079
5608
-12868
-26158
-16406
-13787
8182
2764
-30656
-13252
22389
25860
23161
796
26879
-4096
-11713
28254
-5108
28463
-24955
-23949
16731
31940
-21103
-11435
-3677
-10293
-7368
4675
26311
17596
-32406
5600
12172
-2009
-19021
-5779
-321
-6094
-26949
24946
29344
10786
28216
-22547
-29446
12831
14279
-10005
13556
8020
-8949
-3224
10386
-11283
-19882
-11968
-1575
-15348
-26929
-566
26786
-19024
7354
-16550
-30741
-26823
30681
-28482
-9268
-19899
-29958
30013
28378
29394
3099
16977
-18053
-17272
-21721
1338
-28885
23386
-14691
-29241
1297
21741
14529
-6546
30369
10213
-14686
-19983
12181
6078
27531
-7034
15133
12855
15354
-19750
-15
24017
22083
1127
-2917
30804
-14178
24341
27324
1355
-20535
-11790
5846
-27779
-14341
-15281
-28184
-18576
-28404
-8803
-16140
-17736
-12432
13070
-25312
-3654
22087
27549
-26598
-19817
-18926
-32129
19475
-14674
2109
25647
-18304
-13289
-13134
2976
-9963
-30936
13602
-1743
13879
23567
29212
22079
15079
6206
-2948
-15987
32423
11614
-12805
11891
-27076
20265
-2096
-13902
11695
-25501
5367
-3474
32638
-4477
17970
10710
25195
24272
798
-25904
-595
-24416
20185
13503
-7736
-29500
31463
-28451
-703
-5430
27056
-8960
-5299
-14694
24831
32127
27520
-15270
27781
-16589
-31673
-24084
20564
19098
-20882
-22418
10906
-23398
-29257
-27154
18695
17459
14882
10396
-7454
-24089
-15180
9638
29598
7391
20665
9400
-17740
8302
672
-8382
-7537
-20308
-29949
11910
4186
-322
-26124
-28485
16855
-14734
15570
-4883
31677
-29106
10132
-27498
-21604
29643
-19038
-3499
25898
-17691
32126
-1434
-4334
8328
-7174
6109
23190
-282
-25165
5248
-19337
-15488
23662
14708
27190
11660
-25799
-9483
16523
-28339
-12924
22653
29310
9358
30706
19047
25736
22620
-4436
-2375
-29221
25213
17170
-28161
-13397
25848
-2141
-24157
22558
22006
29100
-8071
-1288
6725
4921
14477
21407
-12246
901
-25829
21493
26688
27088
-5860
-9246
13114
7330
-2632
5809
31012
20549
26287
26958
1407
21832
29213
-2834
369
-26366
-21370
29477
32323
2557
-25874
-1837
4066
31391
-5907
-4567
-30561
11140
25107
-18773
23924
21518
18823
-26075
7415
3812
28237
18465
7525
2160
-12579
-12261
-15714
-15713
25901
-614
19762
-18729
-4723
-8425
-6463
-17536
18529
-20280
1175
-13279
-70
-10782
13163
1542
4053
11756
17810
-8823
-11175
19703
-8452
2040
-31158
5656
19551
31509
13283
27434
22885
-17564
23154
-18320
-24443
-31
-30345
-5804
1580
31349
-27828
6761
-8100
-8250
-24420
25010
21302
-31818
-8555
20217
22487
17994
14466
-11953
-16032
-287
28612
24020
19792
10613
31280
94
26824
-29753
-9514
-18383
-3981
7455
-6907
18861
-25673
-17693
-13644
-26112
-18506
24814
-24495
-15829
1537
-14224
2582
14780
2949
-28871
-11098
-8265
13582
13208
-21430
-15511
10106
21710
20297
-5312
-15051
-5496
-22679
-12390
-29863
-29033
23304
-28461
4822
32183
17768
-28478
-9672
-22333
-27750
-966
-15117
8473
32021
-15221
6107
4910
32622
30464
-907
-6307
26828
-3999
-8732
32354
15982
3472
24239
-12698
-18424
-28306
26121
3646
-20979
-31851
-12564
-15747
72
13154
-8030
-9318
-12489
14533
-8600
-25124
-28073
-24933
29721
-24256
28670
18453
-26969
27008
12870
-29743
-17526
26480
4831
-4110
-9138
-4574
1678
-12181
31475
-17628
23289
9895
7746
24002
2349
28588
-23628
10665
-6169
8723
10468
-25585
-3856
-30923
22399
-30795
26039
8048
-29541
18308
-21961
4409
-22493
379
6422
-16260
26519
24750
-2726
-4444
25377
-31136
-30643
-17238
-8541
17363
2119
-19860
17647
-48
20416
-21644
3815
-14670
-30306
21396
-28249
14309
29618
-12136
9952
23891
-15611
22695
-1814
-3611
-973
-32341
-12061
11360
-1145
20571
-26393
-8814
-25750
-20995
1460
-32050
8574
15484
-26265
5821
3794
29020
28921
-20677
-25842
32025
-11785
24355
24454
-10639
-28545
8790
-27640
-8317
1567
4607
26615
-7688
2082
14179
-28662
-13110
10192
14317
15787
6260
6641
28585
-5776
4113
-3153
-7113
19046
22720
-11329
5412
16813
-12314
-15639
7212
25882
16042
-11282
-24431
-9175
-29700
13636
-23022
6398
-17135
-14910
5421
23173
-6492
-23602
-14825
-6996
-17016
-18621
13201
31576
32406
27580
-15865
-3584
-15787
32209
-26584
-28867
-27089
8933
9546
29080
-16837
6305
-29262
-17788
-17257
-29939
1353
-20208
-9794
29840
4481
29816
26107
-22892
6563
1822
-23776
-22851
21054
-14572
-28260
7188
5190
-9077
-16795
19105
-24466
-24141
3008
11504
27997
-9613
-27313
22732
21193
4176
20334
28741
-13144
-22328
-30878
28716
-881
10986
-32010
3736
-6797
-26144
-10596
22359
-2639
23153
17582
14817
22579
-6490
4744
23286
-32704
13197
150
-14280
28181
-8498
-10064
-27026
10068
12409
14171
-7959
4418
15954
-1597
29466
32202
5366
24803
21219
-17784
-23135
-28188
29889
29183
3787
-8476
-24194
-30899
-6973
-31741
-1296
28668
25138
-17801
-21297
13074
15139
30339
6745
-32463
-9362
21451
1902
-12355
-29990
-584
-18297
-17863
-20202
28000
-8744
19828
462
15744
-9292
25514
-32293
24218
-23132
-16779
-22312
-5794
6895
-23422
-21874
11280
24902
-4013
6531
-7265
-14272
25735
-20030
25238
-12899
-22334
27498
-19892
31066
14922
2100
26434
-25457
-9188
27086
8347
-27788
-6467
-18280
-29804
15747
-8019
-16421
160
12114
23959
2206
-8082
30786
3503
110
-20166
-10977
18334
-30904
10592
1155
17483
-2718
29354
19391
12291
-32203
-12434
16110
-3317
-16106
22057
4783
9653
-26157
32293
102
-4026
19911
13664
-25784
15840
-14450
-21847
-28176
8935
-2025
28332
23326
-25586
879
17317
-18771
-6920
11847
-21162
-4966
10647
-11834
-28875
-16338
-6892
-16916
-29752
-32597
5820
18471
-28358
-15218
25502
-21703
-30833
13552
-31118
2517
12890
9323
22547
-26291
15997
13946
12285
-6258
-30444
19170
28142
30875
27263
6190
13775
19292
2000
21198
-27143
7101
-8086
-15000
32144
-24553
-5693
10853
-18706
6459
-21471
-18156
-1098
-18013
-7548
22059
-17946
24126
-4727
-27553
-32520
7824
28440
-16083
-956
27211
24330
4555
10118
-14377
-24541
-10132
-26326
4391
13189
19135
8642
-7946
25305
25569
26243
19160
20501
8211
19448
-27483
22873
-10096
23585
-929
2856
-25499
-3749
4479
-25322
22071
21326
-27657
-8554
32620
-11400
12827
-11608
-21609
23013
-18644
1480
-17884
-4763
27158
-17585
-22140
-20484
17159
-12655
-16768
10270
8851
-25410
-12581
-14345
14311
-29645
-1323
-7820
24823
16792
-10584
-1679
-2297
17038
-31732
16802
5864
26239
17484
29301
27651
-2463
14640
18270
29259
-30469
-6005
-17622
15112
-31534
18547
8188
-11589
1655
-6279
10513
17487
24486
32146
17914
-24122
-26210
28024
31937
6748
-26038
-17571
3604
-18384
-30355
15486
-8133
25588
-29178
-30536
10475
29974
-31756
17464
-11292
28816
-4652
-31442
-3249
20025
17112
-15993
12825
8692
14863
-23600
-6791
27785
-6103
-21795
-14705
28195
-22199
-31007
-26129
-2258
16957
4373
-23015
-13067
32122
6555
16181
-31267
6529
3434
20354
-5335
-15340
16353
536
1479
21847
18305
19078
-19958
-26594
-30831
26398
12108
23987
-28406
-16248
32532
-28530
-10754
-21229
2174
-6859
-13733
-14109
32543
10480
26006
9833
-364
17685
8109
-7802
11074
-8946
13928
3769
14433
-21353
14060
29772
-29174
-21823
18923
-13390
27000
17841
-31689
-3091
-2045
12195
8407
-19304
15542
-9428
18887
-413
21113
4040
17969
5127
-14912
-21060
-14098
-25726
-26023
29652
12615
-2015
12658
-24645
-28695
3211
24582
-13867
6054
-20711
-9195
-9564
1923
-27098
14928
23923
-15643
6482
-5511
3151
17987
21696
-6020
27793
17331
23447
-23650
25633
-31621
-24016
5343
12969
-31674
-12905
28891
12312
19637
-7649
-6621
6945
13246
-10430
15758
-30650
1409
-1544
10300
-32158
2188
-2507
28504
5835
26580
12185
-11256
28164
-13617
12549
17750
3408
-31709
11305
19279
3193
25337
23073
-24805
-20366
-24584
21901
14013
21857
-31090
-28948
-5537
5642
-6403
-7644
-30976
29027
28265
-25106
-14697
-11657
25017
-24424
18196
-1377
5611
-29785
18193
31577
-11464
643
-29252
25671
-4302
-18406
32079
-8400
-3557
30252
1026
-7975
19301
6540
-9545
11926
5084
23042
-6642
10087
-8955
-31178
-10034
-29037
24600
-25577
8481
6780
-10413
-19108
32057
31981
-10967
22023
29915
30235
-20440
25183
-14283
11497
-13973
-20161
11951
26681
-15897
-23425
-19859
30070
8208
-6331
30312
7947
6989
-25805
13033
11844
31451
21012
-6406
24977
-4426
-17598
-31192
-8815
2117
30207
-29918
11586
-10300
-25274
26392
-2062
-28768
5303
16777
3325
29992
29986
-28604
-1245
-20174
-12042
20029
-20895
6099
-8674
-12571
-10457
-31607
25602
31341
24133
21570
-21799
-16586
-15936
-23166
16623
-1487
30796
25274
4446
31901
-6543
11337
24664
5969
16321
23209
-27010
-23932
12056
31293
-31770
32152
-14660
-22269
21037
-5107
7689
-3276
-29108
12034
-19953
24811
-3630
-16439
-6939
-5878
23224
-16984
-5052
16350
-14821
-31830
-3852
13180
-13631
26116
-8658
-10315
30020
15076
29154
-22690
-16443
16046
-22485
31446
-24606
-29736
7589
-25024
-16266
-9182
8500
13116
21569
6814
-1731
11946
6569
30714
-31611
-880
6987
3273
2024
-14197
3924
18854
29304
7592
279
-15728
12801
-23671
-2953
-9161
-28728
-1112
-9155
919
7227
-13892
-29572
23941
-3336
23095
17324
-27267
13316
-26034
30402
27202
-24437
12857
441
-3335
25557
24322
10659
-19531
2026
-11518
12595
-20994
-24638
-14222
-22168
-17849
10296
29784
28853
18895
-26806
15399
-10337
-23992
21514
12792
11536
28900
15316
18187
-31616
17413
-3227
16811
-30171
19336
26426
-6794
13131
-30973
29391
8890
1668
-30108
27453
1588
5175
-27838
16299
24147
31136
26208
-16643
-21590
12707
24692
-21474
-29189
32241
19837
21638
-18095
-2324
27335
15398
9131
2165
7699
-913
-14370
-31190
1851
-17122
28695
14925
1300
-12436
-7888
26709
25335
29634
11609
1616
-3904
-3759
-22784
11519
25039
-22849
471
19979
-29322
2944
-2358
1664
22556
-16438
-333
25896
5861
-26167
27077
8553
-32593
-14170
-28193
28047
29433
-2824
-20988
-25364
-618
4309
12916
1051
-18158
4241
13819
-22728
-25590
19148
-8423
-28015
-7473
12881
-1707
24092
12369
3532
-25145
9806
-26057
25165
8744
29257
23794
-25321
29488
15762
7815
-5944
-6831
372
-16167
4567
-24871
-29567
14055
-3262
21507
-27261
-4749
-27581
-19610
-28774
-16240
28433
-24219
-193
23870
25000
5927
25255
4641
-511
-14944
12406
-12206
4406
23714
-698
-11193
7301
4776
13588
26609
1041
14005
-13513
1225
31968
16140
2883
-16375
-25439
-9333
-30865
25333
7645
-22718
-7650
16771
3853
19768
-14350
-18468
6280
2358
-27149
-6812
-11593
-20626
6013
17016
29744
-23080
-20257
28038
31359
5721
17756
15449
-30304
1416
-24250
-8390
7840
19048
19562
-29413
17805
11447
-12065
25294
20927
22941
1424
-7118
-9386
-7988
30621
-13825
20552
-18162
-20838
-19862
-16014
3453
-18530
5560
-3059
-29243
-23364
1377
-2120
-30110
11058
19416
15416
11034
-10474
-12428
-21442
4003
12796
16021
-31655
18192
-8701
3883
32752
11933
30981
9260
-31333
-32617
4658
21147
4375
-249
27171
15644
17623
19379
30077
-24185
20412
7012
1898
9247
-5025
12731
6306
6308
18636
-15151
-7733
7081
-5518
22125
-14642
11477
-23133
10248
-27288
24083
-2424
6792
402
-30596
30921
-4808
-30789
-7687
18805
2368
4194
-12424
-14976
29668
-12808
10318
-9993
393
-31385
28605
-17032
-22332
-23690
-14220
-15489
-31377
31421
-13115
15060
-10288
-16195
7238
-11772
30590
17528
-3179
-25848
9083
4221
-25548
13880
15937
5954
3798
26672
27931
-15737
27245
24170
18751
31145
30834
-6486
6218
19936
-7129
-31518
7867
-31643
-17156
3633
-11127
-16857
26105
21441
-23109
-13215
4320
8774
-26192
-7798
32393
5113
-3240
235
17123
32448
4367
-1414
-9130
-25841
-21237
19498
2930
28918
16182
21806
30458
-111
-31088
-530
31955
-20319
5826
-20989
24142
-15021
-29778
27705
26115
-4774
-7623
15025
22091
17359
5242
26565
27066
17051
-30791
-4321
-14430
22259
-1824
2504
11218
28155
10257
27439
-17075
32088
-32315
-2113
-18762
10342
-243
-17346
-5697
2034
30914
-24318
20979
-9847
5368
-23746
-13968
-14515
-8521
-24414
14832
2124
-16166
-22540
-17824
-26109
12532
-28032
20386
10812
31908
-8720
-22783
-19275
-17303
25376
839
2132
22321
28218
24915
-15329
-8028
-27532
-26045
15970
4354
-6247
24931
22699
-13462
-450
-4584
18035
15500
-20148
16435
-18647
11229
6910
28398
3204
-24959
6408
2512
13827
30397
-51
-27666
-9183
-4963
2919
-16197
-23583
-28350
13661
-9465
26065
-26942
2837
-802
-20357
-18171
14929
1687
-17873
31278
-13716
-14795
32179
18228
-4665
-6034
16270
-1715
19721
3269
7011
28778
-1900
-24330
25852
-24429
9773
-21129
711
-30360
-13308
6230
7946
-21485
32107
16605
-5797
17399
-12339
-22967
3727
-28534
14336
-23777
22963
-4522
-782
-19326
-11073
26678
13598
10321
-25898
-30114
-32244
-582
-30373
21465
32729
-3817
-19117
5803
-17945
18049
15948
-19334
-26279
-22562
14804
-4340
-11409
-5336
-31165
-17339
-16328
26542
4712
21645
20465
28312
-13511
12213
-4596
19072
-10832
27530
8527
-14948
4829
14407
7187
-3653
27322
30080
1816
28570
-28682
25452
-15699
29179
-15412
-6055
14909
28070
29282
8113
20561
-27133
32259
13165
-28561
6150
24906
30627
-31746
-23786
-5036
20606
-13356
27766
28774
17423
-10139
29597
-13557
27848
-15712
-21236
3996
31745
19088
26933
15842
-19574
14532
-28093
-15121
-1223
15512
23310
32440
18935
7213
26957
-19241
494
1446
-6340
-3067
-9719
30126
19553
17546
-9539
11761
-29750
-3699
-22372
-15263
-18423
10264
32466
3564
-4898
-23401
-7314
-1868
-17146
19689
7757
-14078
-23374
1397
-20318
32732
32402
-19477
-18441
7503
-11389
20277
25367
16740
-1827
13397
16206
-8306
-10388
3859
-17891
-27327
-10015
-7334
-10778
-30004
18369
742
16787
-19293
17240
6833
19727
-23815
31016
-13926
-29427
19654
12633
-30826
-18890
-20080
28534
-14759
-29376
-5536
-21743
8
-17447
21556
5017
-1278
1014
-18640
-28713
19454
-12869
23897
21692
18689
-25555
21882
-29522
5890
11392
-3362
-30798
16004
6611
-18180
19704
3081
15733
-2838
27132
30364
-18355
-5395
14824
5704
21241
-2993
10911
31090
-29579
-5423
12596
26944
1232
-1436
-3105
-30026
8850
-10265
-9361
-13536
-5673
-3003
-16012
-31284
-14375
-22416
15278
-25094
26495
-4127
8525
15448
-30746
-1535
-17438
-19766
-23958
23600
4465
-8585
-20044
25817
7584
-10632
15674
-13284
-27884
25712
-17539
-23935
-9720
9986
8171
-17567
-21580
-29187
14172
31096
22714
-10246
-13918
-30581
-17844
5768
12320
31236
-10146
13312
8239
12860
-8360
-14004
8201
-15989
19120
3340
16397
-20545
15100
-8675
28067
10875
-13953
28381
-15383
7605
-6054
-14434
-25760
15880
-25692
3296
-2573
28115
757
-32328
-3798
27706
-15530
-14477
24467
-29602
-20501
10281
19843
-26678
5047
-12439
30982
-5734
10356
-29402
354
15378
9205
1284
-16803
23485
29553
20596
-29539
-22150
-474
-29800
-13600
12255
2675
13854
8737
18876
19024
21730
12550
994
25692
19895
-19503
-23376
27673
-31020
-415
18215
21164
-6804
16447
18059
29024
-16004
10840
-18213
-9249
30748
7074
-29698
-21936
-27165
562
20920
748
-19412
15114
24604
-21428
-1563
-12002
20141
-31858
16819
-9592
17419
469
-6592
-3083
1871
24136
19424
-8300
11672
26295
-12480
18150
-297
29790
24440
14365
-30914
-9455
-23641
23525
997
-29955
8630
-24633
21141
18024
5046
13735
16260
-13389
20510
-1044
-28356
-29911
6357
29037
29033
26653
13339
28034
-24580
-23571
13964
4765
12280
-1942
5014
17142
24634
10824
-6382
21248
-18918
20239
-22962
10165
31415
-31382
-20704
-27921
8081
-27085
5085
23700
32504
-24677
5359
5060
918
1877
30146
31401
-22201
-23384
27111
2771
-11116
-10577
17225
22008
10069
29398
25640
23651
32280
7860
-28679
2801
-3200
-16649
-420
7068
23642
698
-3618
-12095
-9229
212
-13876
-25727
-20206
5495
-21063
24631
31150
7121
-14318
-19845
-6496
-10898
-27724
-32250
10863
-5872
12211
-25818
-31904
-2979
27812
-6974
-12643
1432
6222
12491
20087
31124
-5795
14855
9633
-10369
-6363
-8927
-15147
-14829
-3056
4385
-15456
-26250
-5920
22275
-1554
12972
-10862
-30107
15124
-14542
-7456
-12132
-1037
-23618
10944
-18289
-31404
-10530
-9328
-27914
22670
26578
-12829
-14189
14783
-32170
-5331
-10501
-13548
-16323
7041
24894
1510
-29053
5498
8967
18467
-21241
-21751
27479
16700
-16288
-6053
-15216
-23706
31437
7278
28704
22360
-2698
-19379
-593
13323
10128
-11128
-2349
11306
2060
-23622
10882
-7409
17421
-4009
-17730
1500
18438
-3763
-11265
-5935
-22352
-20600
28538
20594
7846
-8336
14603
12013
-22183
21913
-13620
-27696
30296
-6066
3612
-19598
-30111
-14080
-30220
32157
8137
4653
-16881
-1208
-30213
3300
5086
-15742
-8678
-5718
-5512
-26704
-30693
-16312
17097
-18646
2525
-25282
17438
21626
18829
22578
22824
28907
-15130
-15943
21295
17052
14218
20295
8090
-2883
-16202
-18426
25208
6234
-23721
24108
-8443
16801
-5723
-18222
31735
-30618
29174
20054
-31335
-25100
-1656
-31610
3713
-7872
18809
-11069
11976
27664
-27827
-26826
26484
-18578
10636
-25881
-11866
-15085
14615
-25401
18626
23512
-31623
22691
-28285
-5775
-13903
16580
-5526
5461
-22456
-18425
24492
24131
-24958
3759
-15026
12039
-23675
4149
-9774
-19542
-17397
-15119
-26056
-36
25241
-26694
-7119
-2093
-13558
20967
-29621
-5232
-23552
-6530
-23694
-21934
8078
-24236
21398
7152
-220
25981
-16040
1278
-23817
19731
22216
-15081
-22029
-8857
-17026
1269
14609
231
23008
-27879
-3398
-17183
26334
-15647
16090
22482
30106
-21425
5502
1334
18168
-2452
19173
-13221
28445
-17700
-12616
18460
1012
-7328
27109
3773
23468
-2221
11132
13645
9938
6352
21943
-3065
10028
4231
30313
-9972
-5340
14192
-18503
13046
28591
-1991
15211
-14870
-29957
-18460
-10192
18585
-840
7268
-27524
2661
12755
23186
10996
-15808
30090
26553
1226
-3982
-17271
18991
-25360
29496
-11080
-6158
-23990
6443
-30134
30039
-7039
-9289
11349
21937
-8238
-27681
-2225
14189
20367
-21747
-5076
-20297
16603
22960
-31259
-14990
31044
-14879
-4747
26983
-21313
-21867
-28331
-31392
-27918
-3236
-20745
26156
10023
13630
13237
14240
13009
7056
-24260
22709
12434
-5462
-3791
-27594
-24243
-9263
-11121
-13919
22469
-10272
-3532
7067
-24857
22277
9927
-18758
-1610
22212
-9681
-22184
7934
437
21450
17883
-32448
30729
4969
22596
775
-7158
14725
-29320
-26287
-14386
-26527
-19218
-25719
-13948
-30294
-10386
27012
-26132
28656
22493
-21054
-6872
17790
-22765
10435
-5146
30236
16388
12399
-31209
31505
-31958
20372
-9754
-17888
-7674
-8837
-30886
-8016
-8733
12844
-21995
-24844
-23094
-24172
-31873
-12573
-12338
-20173
-14498
-14022
-14709
9433
8487
-28820
-8680
27836
11434
-23287
8824
-18376
12297
-25280
1941
9971
27879
26538
-18356
-5463
12331
20174
-10701
-4785
127
9516
-32227
23762
21033
-3955
-2774
-23052
-490
25610
30083
-12416
16243
-7058
6933
23823
-27815
-3587
-9151
11596
3381
32408
-6997
-8384
20184
-24152
-11284
27780
-4207
3084
-31769
-16563
9211
-4805
-24554
-3824
-18721
-30804
7406
-24797
-14251
-7121
15344
16037
-14855
9237
27552
9588
22470
32320
-29458
-3577
-27699
13373
747
-9322
8983
15998
18304
29349
-31188
28946
-3575
-24562
11679
-15888
-21271
4701
-6828
-19343
-16125
-11601
-30244
-7357
15665
26482
-231
14438
10751
17401
-14045
9969
-26361
28066
-883
-21835
-14248
2380
22532
16531
-2839
-20312
-2282
266
25747
-20105
-5127
17557
-10800
11911
30527
22846
-836
605
-5883
18356
-18153
11003
13480
-32198
31360
-18869
-30007
-2283
24617
-17090
-30619
24765
-5452
-20415
-31565
-16762
-16659
-8745
-5762
-5606
32276
-29916
-20749
-29629
22829
-9649
14056
-17369
10912
-16590
25531
12363
-17912
22310
30597
11598
-2307
28383
-29856
1536
-30018
5397
-20125
31897
23818
23769
15337
5880
-10615
31530
-22580
-17808
9882
-915
8575
-24026
-5355
-20417
-29447
31254
-13254
28360
-169
10061
-19289
-21191
27960
20419
17490
-20682
-7313
12082
-24634
-4721
16471
-7059
-10440
-9470
880
-11970
-20709
-16191
-21701
4645
-23625
13216
-21276
-23500
6765
-7791
17127
-9488
-22625
-30090
23116
28342
-30990
-7749
-23285
-24868
26992
-14927
-32383
3046
-1640
26242
27052
-25289
-21305
14656
9953
-3169
-15371
-12456
-16516
-26729
8819
3119
14029
7620
8125
-29640
9498
-12782
-3644
-4456
-3487
13669
-18728
-16115
-19761
5062
-24907
13468
26917
-29484
29928
-14374
-15048
7143
-22322
-32347
-26482
-24439
-49
18475
5512
-7236
23494
30121
6183
-142
-32421
-26603
8722
10852
20011
8283
1306
70
-8619
-7737
-20452
9010
7498
-11618
440
-20663
-27638
-30778
23167
10834
15369
10644
-14079
6108
-1329
20381
-26485
-30595
5125
5399
-23551
-32247
-21120
19361
16201
-2878
20037
6292
7578
-31031
31769
-8098
-1589
-21232
-5527
15838
25682
-8804
24927
-7134
16363
24331
971
-130
-26988
15430
2573
-23450
4139
11543
-4157
-17147
-22946
-27588
-21464
-15342
-10329
-22076
17150
-26705
-18211
3885
28637
-17841
-12086
-12115
-28288
-31510
10473
29370
-5199
2607
19541
-848
13238
-31182
8870
4200
-1689
-6208
-20756
7830
-7930
27756
28537
-22935
-12583
-25199
-9553
17867
-3471
16173
22428
-12601
-15205
21612
32608
15882
-22303
-21336
-4133
-32012
248
-12034
-28280
-6192
-23406
3804
-30312
-3340
6597
-20799
4620
30554
-7810
7653
-24571
-27511
10736
-2159
-27090
24805
-6302
-17121
-27314
-11466
-12767
24609
-9663
3183
-1608
-9851
19618
24118
29216
30216
-13267
-14406
-15705
22491
-13946
23329
25391
-25500
11138
18371
-14544
5107
-21371
30145
18656
29071
28041
5725
-4003
-9186
-28082
22235
-1411
20388
20322
18181
-1358
30698
20390
31733
-10492
14607
-6287
-29212
817
16789
-8531
-10120
-6276
-17425
-18658
-12400
-3796
-28254
19707
24994
21093
2015
28932
-25264
22623
18422
2184
-3185
-29006
-15502
4531
-22400
-11169
16530
24536
23228
-17963
-628
-21996
-22982
12965
6823
-12552
25479
-10281
12837
-25323
167
17848
-14570
31862
29207
-17590
-11383
-10286
32648
15209
28240
13501
22001
28542
-10878
12145
30221
14467
19981
3771
13018
-29294
3471
-27826
-16412
20
31640
20878
-20696
-23987
-12096
-3629
17881
31396
-9873
27694
-22459
-12645
19552
-19370
-29199
32551
-26978
-1379
27954
-19987
-16948
2514
15702
-30687
-12603
-24837
-10144
-5152
5723
-26305
-14758
-547
26811
-31841
4583
325
4902
-6348
23181
24244
-1001
-13530
22614
-6033
-17848
13319
19882
9359
6325
-23861
-19150
-5038
-19074
32542
1328
24040
-17270
3524
-8681
27155
-521
-25712
-1908
-2952
30041
29739
-14499
-26536
-580
-27873
20804
-30940
-30413
-1840
-30033
10494
-15134
-13350
27442
29371
10320
26293
5715
30182
-1475
-4656
-32166
-12788
6040
11469
-25118
20607
-15672
16938
25909
32708
8139
-5573
16231
23844
28866
-21891
1717
28583
-14414
23594
-1315
-12916
13286
999
7994
-12122
17605
-2249
-19079
-10570
28266
31555
5146
-25878
-17070
14088
11461
-11346
-12229
17129
-14438
-17766
21082
-2625
-28130
-11225
-20860
-12409
28185
29121
-21620
-16730
30625
24620
32233
30161
5077
7241
30089
21487
-8787
-29611
28292
26986
-26495
24267
-15887
5659
-11006
-4996
483
-26241
-26171
-10133
-22203
32317
741
-17187
7898
-4756
-10607
25396
22658
29937
-8079
11317
1150
-11616
-14015
-19573
7321
-9491
28328
-6693
24801
20497
-15461
3189
-19394
-29308
28839
16227
4437
-17290
-31312
29131
-2138
-30986
-11937
7181
11576
-15246
3012
18063
-11384
1262
-28729
32071
-3779
1166
-1272
3064
-20717
-8056
25660
29824
4110
22202
-30585
-19705
31757
2671
22697
-32
24211
8854
2248
-14295
22929
16788
-13911
22435
13752
1712
-5083
-1839
-16640
24724
15963
-19655
15650
-28626
13285
-14301
-24094
31069
23049
7048
-26892
-5211
22784
-240
-25627
-27382
14884
30871
27561
-16628
23540
-28091
3899
-6903
10519
26925
-12087
30116
25686
11524
-20330
11299
17183
-8987
-31107
28320
6147
-23440
-12182
-18636
-3384
-6983
28314
14428
-28440
31333
16619
-21385
-1696
-4821
32654
1010
-16070
27350
-14126
-30931
26411
8348
-24876
25390
-25146
-15109
-14033
-18319
-25070
19681
-14953
23465
-29317
-13667
-15814
16592
-2306
8868
30907
-20095
-8620
-12194
27860
-28301
-19764
27095
32527
5620
26534
14395
-24087
-244
-13852
2994
-25333
14819
-18083
-7077
343
23259
-21802
-23680
29198
-3132
-15877
1589
28049
-4904
-107
10936
30327
-28678
-20728
23681
-13313
-3328
-15404
-25870
-23693
31876
22761
2910
12324
-18375
2809
-27254
750
-19773
21894
22495
22456
-12067
15776
-23078
2677
20981
-15547
-12123
-2745
-27384
17198
-25491
9792
-7858
30567
25445
12140
30959
-5746
-27564
15287
20961
24023
-1593
31346
12984
2797
-10432
29169
-29058
30874
5147
11505
25797
-20362
-434
26157
-30861
23832
-9968
-21654
-23955
16962
-22291
-3776
25414
-15274
-23756
9677
7398
-14230
-24971
8135
-22969
-24686
19466
-18968
-2951
14146
7184
15645
-15938
18031
10595
-6346
13123
-2199
-9384
32485
-23105
-16896
29147
11333
-22487
17716
-18652
-10498
26606
30156
23419
-5885
-22072
-5304
7287
-10747
13896
15732
-20203
-23703
-10379
-27885
-30761
-1967
-15830
-13203
-27941
-28902
-31200
-19419
-7418
26915
26053
16573
27493
-31504
12933
-9271
-6984
-10652
-27522
-21960
18729
15993
-14598
22773
30128
10399
12987
-15304
-8237
-27335
16945
3404
-28944
-6641
5468
-25618
-29807
-27615
-8468
-29871
25731
-21912
13203
-14396
1067
5881
8917
2407
-10199
-17355
27162
6110
10559
9072
-23473
-19290
-8501
-25267
17346
21063
-14994
21572
25465
6199
26230
25399
30600
96
27330
-5508
20130
-12316
159
-7813
-28673
-26985
-20961
-30055
-11509
-17416
-8195
-7900
26768
12470
-4651
-15539
11517
-21154
-19577
-27959
-2564
-29876
-5756
-6823
31539
-2107
7888
4720
-28403
-16134
-9080
-10715
-1356
-8799
-6015
-15688
-22171
-11911
565
32634
9409
-30051
-19883
15385
10493
-9528
9640
-13827
-20143
-1598
-28231
-4934
-28394
15445
17213
31048
-4888
10978
4224
-14180
6358
21853
30285
-30916
-21922
5700
-17415
-12503
18784
29361
-27088
-24791
12121
-12151
18485
-14868
30246
-16400
-19847
-7510
15279
1553
-21314
18477
-10408
11114
-21181
-6063
25546
28341
32117
-27764
26626
5575
13851
1319
-539
-13561
4033
-11784
3647
-31282
16525
-12130
3
9918
19751
13345
-25284
32572
-29783
31470
27643
28603
9846
-19614
-2715
14373
-22386
28344
-23251
-19475
26235
-2298
-7008
-295
32578
4227
-19512
9066
23168
18428
-21781
-10507
23584
22324
27986
26299
12592
12974
22830
13568
-4022
-7085
15356
-6373
-19663
-5652
-7199
2743
-7274
-13679
-31352
27475
1864
29067
-32330
5403
-31695
-29948
-14269
-12913
-22663
29276
-9279
-1695
16634
-30834
-9321
32512
-8515
28795
16345
31822
-7189
6093
-8458
10953
-14891
-27233
-9402
22044
2869
9929
-25142
17025
-2760
31934
6602
-21101
-66
3278
-26098
-8901
-10659
-32508
-12192
23107
14930
26197
18028
11180
30565
31129
10283
-7315
29718
-20176
19482
-5906
-27714
2500
17753
-8261
-12010
6788
30060
7885
-6326
3042
20153
12622
7789
-25078
9996
-5361
2201
-6677
7138
-30843
20971
31721
-28057
-1230
-23421
-31864
-17713
-31593
-28169
14914
20901
4035
-12012
9139
15975
9974
23685
18401
697
21065
-5200
-6378
30723
-10099
32528
567
-17040
-3621
27396
-13562
-5681
-6581
-20270
-29003
-19643
-21405
-27092
-6311
3206
5626
28418
-20588
32496
-30222
-18181
-13406
5848
16062
23793
6437
-26403
-31509
32029
24269
2363
-4287
-17314
21316
-5003
-27279
6879
-9439
-8197
-13049
25814
-25244
7833
4946
6596
-20425
18090
25368
-25128
-21258
5008
3513
-9958
-5471
14159
-7784
-24006
21452
14353
-13723
-23539
17882
2724
-30605
14462
-5141
-15609
-2748
-16089
24207
12454
-9836
-29021
21339
25957
-12577
-7108
-21779
21395
-28457
30127
-12627
22194
-16656
21794
26428
10216
29225
-28931
-32242
26749
-5900
-13214
27422
-15457
-31763
-7460
2413
-29859
9180
13863
7951
18939
-21962
-4640
29753
10049
15492
-25065
-31139
-5236
-5700
32522
20149
27208
4690
-31151
26569
26997
23255
-11162
15024
30281
3382
29299
-11382
30931
16590
-3966
32266
30264
2387
607
-23157
-9070
-28344
-28531
-23225
24333
-5177
-3876
-24944
19159
21155
29110
-31225
-3634
21899
-12369
8122
24743
-31173
-16257
9371
-9315
15341
-20917
4281
14050
-18880
-6898
27806
15707
23375
-22827
-16639
1952
-21910
11295
28600
27537
-15811
23130
865
-18063
21849
29283
-18347
-21219
-16859
9956
-28045
-31289
29522
-26921
-31170
14368
6859
5028
17224
-12501
482
-32339
3079
1976
-27799
-11698
1912
29289
26674
30409
14661
-19582
17856
-9244
-11165
12561
30331
-23953
28487
7285
8112
-711
3376
-19191
-14543
-7665
31146
32175
21729
-26986
16519
-16862
-11862
-27331
9448
-19873
-31019
-32486
15375
-14646
12417
8962
-23965
4700
4383
-17161
-26139
13016
-9199
6195
2421
-22653
6010
-13690
-9211
-12155
28699
-1117
3774
30015
6683
16183
4627
-3139
-29888
28803
17744
-18341
-29972
25300
21925
25702
1618
-3710
14890
-19778
-11316
22844
-16786
25721
-18014
-4491
-31197
-1129
26343
8968
-24549
12612
15558
-1335
-20966
8385
976
-21441
-19398
-9495
-19452
-25022
-7009
19241
4908
29052
-6839
-32252
26001
-452
-22479
-7355
1186
-4290
31535
5426
21914
-32389
-15972
-3667
-24568
-32641
-29312
-8885
23549
7948
5783
11024
-20785
-20964
-32321
6338
17631
6312
2076
-24653
30868
-12890
29655
14500
24291
-27367
-19881
15013
-12687
-677
-2736
-3058
29581
5934
5375
-4137
5745
-8115
-24139
4014
14001
13671
10862
22054
-11819
14851
-24828
-13982
9298
-7647
-22636
29434
14658
-32735
-23230
2887
-31962
10784
-23042
22856
15908
27969
10796
-23773
6133
17947
-26315
-20872
-30675
17300
-24093
19436
27607
-7243
-8128
24979
-1760
21276
-26231
-19532
-16947
-9320
-4773
14505
16374
-23699
-13526
9346
-7606
16006
-10295
19824
22242
-31277
15641
-14157
-13050
-29554
4813
-23984
5729
-17756
-11205
20006
-602
404
-18404
5295
15330
-13820
3355
30637
13690
-10777
-18459
14954
-26022
-27029
19164
-28560
-11631
24255
23319
23471
20194
-32006
12492
26554
29583
-31618
-1212
-9098
17163
8043
-12015
22618
2414
-5791
-21808
11082
-28118
25121
-10637
-20444
14562
-20629
14552
-19066
-11063
2245
17134
18520
26344
22373
22836
-19078
23675
-21786
13882
6294
17568
7892
-27530
-20141
19890
3785
9763
2742
20024
31270
-10976
7679
7136
-7198
-2918
-8839
12708
-14502
31504
24471
13939
9165
-6390
225
-9667
-2257
25820
-6874
32665
31795
16122
-26874
17468
12655
12202
-14176
-10678
24548
19788
23126
-30039
-2997
26533
17199
-22638
213
-17268
29334
15158
23825
14439
-1704
32158
-22742
25423
-11202
8186
-28692
-24738
11015
-17793
30911
5882
2270
18127
-18770
4500
-13168
-27346
-16686
-30112
-18106
16202
19667
15201
-4153
26273
-23060
-5584
23096
8092
12221
1475
-5432
32467
-19487
23500
-24931
13514
-21969
4372
-30975
-15361
32432
-14964
-8696
10409
1761
4566
25007
17364
1900
24293
-27342
5052
-7952
4705
10368
21868
-7431
7114
28134
11436
-21537
-14931
-20004
9304
21373
7155
-32230
19476
-27144
18703
-6661
-13078
-11449
8251
15262
-22705
-23093
-26373
7061
19523
1867
-15209
20581
-10524
714
-922
6861
9968
-15105
-24941
29774
7254
-31963
11696
-20333
24195
-7549
25004
-16472
-24196
28607
-5222
-2345
7768
26283
-26876
21782
3323
-29185
4635
-30084
-28771
-10633
-26709
27115
14482
21590
-32022
-18690
-26012
-27419
-3516
-28846
-9497
24225
-28893
-1424
-14765
-32614
-21980
11050
-6940
2304
10497
18519
-9403
17910
-20764
2660
8956
-6734
30345
-30328
-11999
22521
29657
31912
550
6098
-16799
15150
-5591
19474
7412
-22758
20670
25306
15862
28628
17897
30892
7749
-1948
-810
-20356
-8200
28569
-6774
-25054
-14863
-28137
23166
22952
22444
9309
-4514
-4689
-26570
4953
-31951
-10023
-3980
12673
16684
-17123
-20170
-3036
15183
-11122
23285
2978
-26563
14272
-20934
-31594
28091
8582
15552
-23548
19760
-8578
599
-3066
-16980
-6282
2692
-32679
-10302
21362
-27073
22600
-23402
19348
25899
3304
23608
23885
-23811
-10455
363
-3708
18224
6693
-15019
25862
-25347
19796
1363
27139
-9059
-4307
-24519
-13579
25887
23667
-7823
-15207
21615
323
8828
29421
18542
6517
14874
-20157
-29323
-6081
19929
-9753
-4487
11154
16114
32388
-31294
22624
23952
25225
-3197
1381
-7107
-11699
8503
31775
-32767
17665
30417
-13247
661
-16129
-22868
17741
15696
-23547
10184
18524
7092
-20813
-20236
486
-27978
8148
-21377
-7216
10119
161
-31104
3937
8591
15713
-13800
19060
17971
-2474
-13596
-8997
-7429
-15986
27895
10010
20959
8051
16375
-21948
12418
-12137
-26556
24252
22289
-30357
-28557
28811
22843
16083
5856
-12150
-13211
-10551
24583
17693
-19736
18764
19830
26143
-29092
-3204
-32682
5124
-24526
29727
6998
8072
10533
9701
2381
31323
-18933
-29116
9327
17652
-16742
32684
3407
25103
-13351
-17004
-2600
-22025
-25062
24984
-3915
-21389
7051
-29492
-32513
18018
8338
5806
13293
-27
6863
25966
23104
-24858
13931
-24500
-16557
16039
3052
-17193
32109
24153
27674
20849
29693
4545
32762
-15746
23881
-12722
-10207
-31264
23337
-1987
23296
-8527
-2266
-16906
14653
23260
7546
-10662
-30103
6869
-7821
-26935
20660
-28685
8827
25441
9052
-25242
-8975
6477
-30974
-25174
24570
8488
-14892
17761
20814
11426
26395
22173
10755
8047
-29745
27254
13769
-19013
-15878
-741
15085
-26017
21581
1524
20378
-7164
27435
16533
320
-20284
-24949
-27943
28666
-2069
-12707
-15773
-13278
-8898
-12519
10695
17471
17242
-20346
-3735
12516
28278
-6414
-20742
-7851
31644
-29665
-1226
-20455
-10895
-5842
-22732
13228
29687
-22727
-15379
-6736
-23520
-5927
30799
9198
21560
-11361
-23631
16101
12117
30307
30347
13910
8812
-27939
24475
20650
-22555
18714
-5310
-32265
4832
14788
25172
5859
-24479
-11297
-24164
10859
-22560
-8503
29464
-23831
30095
5262
-31035
-22306
-29362
-17162
-16342
8117
-30016
23570
635
5232
-3265
-10916
25388
-7343
7522
5104
-12757
19839
-29314
14435
-15558
-17413
-23412
-20262
1420
-28880
20930
-8859
6656
752
-31016
21970
-13940
6258
5548
29437
-30621
31929
24262
11348
24172
32245
2572
16724
21897
27650
-2075
-13826
-24814
22536
-4784
-28347
-21433
-16861
-18584
-4610
23297
1703
-26716
9239
32124
-29922
18825
-29325
-27732
-26249
32488
22370
2658
-22073
24834
16500
-3457
18868
-19621
-25095
-17684
29030
-31044
28797
31173
-12313
9639
6163
-2394
10441
-18301
17049
7176
7765
3185
9295
13252
-14609
-16974
-26487
30744
4614
-22098
-18377
-17001
-31645
14655
7595
6504
22332
-23961
-23389
-3686
23050
-20009
-21798
992
-26812
6541
23734
30632
11548
-32037
27817
-28049
5494
32483
-20823
3761
-30897
-14244
23338
12519
-29546
-10322
16765
-6586
11227
-32640
24851
26318
-4800
8747
-23736
-2636
11398
-16685
11105
-31424
5031
-11453
-13987
-25977
2893
-17173
-7048
-13771
24176
-7073
16750
25991
-5623
4767
1910
-30172
11654
31182
-3685
-22204
9637
-17189
17759
-22080
-15038
20774
-27976
-5492
27161
21642
-6293
-20338
19845
-13074
-22398
19984
27282
31472
-24317
15888
17925
17570
20360
28868
-9401
-7287
1108
23576
19067
4357
-9677
14987
4443
13418
-4125
-11134
22760
18766
32410
-15843
-26776
7126
-12154
12804
4968
19286
11115
24877
24246
-12378
14894
16022
24181
1978
11602
-6239
-9082
-18433
7774
-11933
-28707
-23561
-20335
9537
-27458
-29788
-23174
21694
10727
3982
-31716
27755
28454
27226
-16145
1283
21146
-23070
11608
17192
-30429
3142
2523
-20497
-22581
-15622
31322
-6904
18089
-5106
8290
144
-27919
-31697
29140
22288
-1791
2614
10721
29741
-32664
9662
32705
19021
22994
-2852
-20041
17597
30374
-32462
19302
17973
27390
-29792
29205
-3465
-22009
25246
8998
-14604
18567
26159
-11913
16141
17524
12357
-30715
-4674
3508
31743
-9281
29620
-12663
28252
-30726
4660
3884
-26780
17520
28014
-17811
-10382
9924
-1474
6419
-25896
-27542
-32309
3350
-16681
-9682
13351
29981
-10339
28474
5817
8227
-23224
4964
-21926
11848
-32446
-9340
-8925
17674
-25607
6709
-14279
10235
-18853
-32454
-3484
7567
-894
-24356
-12401
-3324
7608
-3979
-13700
-20918
30859
8927
-17199
-10007
-26133
31867
-22979
20232
9942
-9711
23961
-16615
21531
6857
-21431
-24957
-12236
6418
-12674
22204
-22987
28211
-11852
18289
-13531
26142
22165
1356
31018
-17020
-23136
14953
-59
16100
-2982
-32331
-10493
-27636
-27513
-25354
-9895
-27543
-21985
29019
-8186
-22931
-25310
31249
-26416
-23779
16667
-22546
-19483
-22686
29688
-12420
25089
11582
25842
5604
7984
-18113
32314
-17525
12236
-20414
-18611
25323
19935
9108
-21434
7305
10168
-21512
14383
-4659
-11882
27584
28409
-25843
-29770
16585
14206
-20599
-7029
22290
-3627
21904
21576
21231
13042
29876
-27622
-31639
-16327
30845
27317
19878
-20258
-20520
17121
7580
12928
-31255
-3800
-19036
32335
-24525
-32685
1357
30971
-7221
-2236
30024
13543
-28236
-12952
-5985
22022
-17041
16053
-12712
-5101
22086
1109
-22001
-26739
5016
30109
-3038
-13680
6005
-22853
-7835
-6243
-2284
-15988
-24442
32310
21791
-10514
-18227
-6073
11568
-19902
10634
4453
6076
-5661
-9167
-11861
-10958
20368
-32633
-7356
26429
27327
25444
-29524
6794
-10773
30288
26584
-18772
24639
-4448
5515
-10721
-16049
-667
-21424
-11932
-13345
24430
-7184
8337
23306
-26408
375
-18931
-30763
-30077
12439
-2309
25184
-16826
-2966
-17967
-24262
-18666
7430
3073
22486
-20147
-13887
-29870
16269
-13899
30577
22195
-11480
-23530
-20987
26368
-23688
29004
-16170
-28479
-13842
-18099
-14750
16332
-11058
-24629
-8170
-22801
-24111
4405
-22925
8084
8383
18938
29196
23550
-27095
-27186
32625
-21916
-17457
-9066
6343
-31969
-19661
23711
-9698
-16749
32656
-1934
21208
-30097
6829
3746
20631
-24506
4631
22337
27899
-11119
-1557
-884
-15448
-13751
1789
25402
6394
9670
8844
-2692
7192
-13954
-21924
17380
25312
-11024
20753
-2690
-5806
4499
-3074
-31216
-13643
1204
-9040
21161
25563
-28391
-6504
4086
-12235
2657
-31521
17158
-2410
-3592
13249
16732
-1871
26832
-2680
15105
3808
-11726
-2430
-12044
12530
-21883
22040
7673
10973
-2294
-27473
11304
7422
-22649
-21596
20790
-14846
-4000
-10813
-4457
2938
17439
11478
-3585
-13730
-22800
-10520
-21064
-24529
-21906
6880
9862
1733
31857
13061
22163
-24068
-21630
-8998
20370
8720
1963
-9042
16283
20829
-5717
3596
18096
-1540
-22172
-1003
-9213
981
-13242
6911
-30480
1984
31533
32188
14074
-603
-27448
28026
-18638
-20833
-9766
-28459
14580
-27336
13120
-10623
25596
-26454
-30403
-30037
13943
-24436
-18943
-6155
-2208
8160
-9469
-13446
30840
-17866
-25208
88
7038
24171
25290
-17926
-32020
-5338
11773
2314
-31859
-20305
18230
27034
13736
371
-15838
-16062
20727
30377
8620
18145
-14633
28931
19995
-2644
4619
26858
-19913
-16109
-23945
28827
-29573
23284
13437
-30344
-31554
17280
30104
17794
10767
18284
22479
2218
-16690
545
20600
-27460
19648
-14659
29400
-7806
4180
-7744
-21725
-2218
-19916
16376
32701
3074
-18332
-5072
-7224
25497
-28610
-27041
-31422
-15283
25448
9491
23370
-20659
25513
4240
7137
-21303
-18191
12934
9704
-13038
-3986
3302
26969
574
18083
-7600
-17702
31064
9127
-32551
-27634
-15567
22169
1539
-26425
-5365
-9882
-27656
-15684
9255
-6318
-3234
-10673
-32056
-26429
3701
26955
-11326
-12306
-13994
-27518
22238
-31965
-32368
-412
-20844
27017
15207
-13816
20669
5770
15177
4967
-16781
-7958
-7509
3559
-29341
-14796
6250
32629
30576
28982
-21288
31564
31258
-4623
-29098
-23190
-25472
32212
-5726
-4040
-3675
1640
-19257
-2706
16628
21829
16023
27921
-14163
22476
-5255
25033
29120
28621
5082
-13159
-16330
-17258
-15890
-132
-27123
15892
-16606
-27963
-32310
-20240
-27627
2762
9665
-23325
-19381
-20738
28843
24990
22273
-10098
17362
506
29848
22909
10509
26968
7140
9850
-24430
17274
-26530
28446
19859
8234
-31810
18643
8119
-24182
-2640
-2442
1112
4564
-14811
23257
15033
1177
-16634
1146
-12641
19075
-2628
-18122
-13467
-25392
27478
17739
11508
-27812
27473
291
28095
26055
-6489
25498
5012
229
29463
-22688
-29389
-31045
5640
-17970
-8172
17982
19624
7276
29287
18771
10340
-15675
20597
11988
15517
23902
-30396
20196
19284
31508
-28571
16880
-19918
-15047
-27591
28516
8146
22405
1981
10383
30254
19001
-6948
25906
5260
-12992
-21436
-30515
-27299
22552
-20561
11877
-5835
8900
-29331
18833
-20391
-9049
26926
-11149
-13888
13110
14913
21476
-12141
-16307
-27842
12509
-8307
30074
2606
17386
-22255
-32001
-24131
-9671
-27760
-22254
-31119
-26486
24966
2266
-19009
-29302
6436
15681
-12830
27087
21232
21719
-21490
20017
-30661
17071
20475
15404
-19032
24389
8309
-32548
-13253
-610
-30431
-112
-19919
-6118
14094
32535
177
745
24032
26596
-28810
24968
-6999
-5092
-12254
21348
-19737
5867
533
-20513
-2286
7695
-11771
-3561
-14150
-24106
-24639
-30694
-15793
-7668
13516
14693
2696
-18195
-15692
-18875
-18898
-10487
674
-13608
-8415
9480
24426
20079
-14913
11435
4975
22064
-9231
-9052
15243
-13323
-31500
-18179
7634
28566
-31852
27927
30136
31595
15315
11721
-19667
-19729
-25529
28768
-30113
993
-3900
12774
9856
25143
13470
17321
-11317
8133
-6590
11366
1275
31930
10617
-30752
18359
-29226
22519
28242
-2963
19432
28239
9089
13673
23413
-23120
-7284
1095
27647
-25574
-4799
24414
3246
-10802
-29440
-7278
19900
32167
-15127
-8185
-26661
-13384
23929
32279
12868
31997
20767
-23396
31483
-7528
17611
-10953
16566
27301
30193
-18722
-16370
31865
-32465
-7848
-7838
-3943
10488
12892
5339
23954
18618
-3112
718
-10566
-22302
-22384
14124
-13589
-1401
-6689
1749
-20219
3343
-11023
23307
-14718
3861
5651
1909
5754
5036
-4478
-10328
29563
-28371
-16703
22161
5829
-21479
3123
-18997
31477
4722
-22775
-20491
-21527
-2030
-16858
-11745
14173
-7193
-23951
10504
-21918
20342
16815
-7379
-17874
22988
-5429
-24472
-22693
13056
-16575
-9648
-3536
23637
16413
-16513
-11743
-31578
-29594
-2196
30108
-8470
-1482
-3722
-3992
8794
1823
-23032
23415
-21589
4939
16029
16175
-31009
-26164
-2197
8378
10107
-21894
-3039
-19733
-13637
-3887
-22240
-16063
-12804
26593
29757
-29027
14740
16518
22168
9646
20993
-18023
-12253
-2647
28967
12700
-7797
22474
27526
2922
28480
26095
-29656
-4447
-29335
-18786
-15754
-29337
29050
15408
32695
-656
21293
21502
-350
5282
-23664
-23796
7864
-2334
-19922
-21680
-21488
24213
-17266
-30903
-27453
-3635
-17325
-22210
-21052
6720
20554
2091
-13688
-5771
27024
7700
-30546
-28741
2404
260
13306
-4158
16510
-11814
-31678
12966
-6781
-25765
273
20051
10047
8875
-15881
-12781
-26567
-591
13945
-24815
-32525
-31419
-28535
-23304
6212
-24107
27845
-32282
953
15786
24000
-17061
28691
-16126
-22365
-10986
18822
6466
-24967
18640
1486
-22244
-20177
-10694
-21957
8877
-32718
5517
-25981
28146
-15186
6100
11962
-2651
-25986
15509
-21797
-22245
-10576
-9095
18488
21889
28977
-15319
-10621
-13567
27489
-30356
19326
-2143
14642
14415
18950
-2413
18434
5344
7953
-20690
-4152
6039
-7472
11639
-4498
-7565
-13605
25590
3090
1605
-10648
7123
6914
12374
32470
-13493
-7248
29211
3854
-13131
23309
-6195
-31956
18927
-29695
13727
25683
19920
31271
-1099
25524
-6189
28950
16290
-4520
12153
16553
21639
-27332
-7557
17963
-14130
-5549
-18900
-26297
22069
-14629
-4428
-24200
-5386
-2670
18108
-1297
24592
809
24766
3802
2319
-9804
2683
-23007
29281
23707
-18308
-10254
-23183
31874
31351
-28001
15226
-25181
14151
-8781
-3914
17569
-19854
1466
-29411
22146
11857
-14818
-18954
4266
7055
-15232
-24770
-141
29507
-31094
-17913
-7566
24815
-15434
-31733
13336
12452
-30707
-8045
-18117
468
-20070
23942
29627
-20532
-7781
-10676
-22606
18046
11139
29015
-12304
-9566
-14704
-3482
7993
16301
7437
-21871
4505
-18967
12800
23799
-3174
26465
15613
-26903
-24838
-29705
13361
-29577
24457
-21783
-6567
18995
-5925
23663
24406
1992
-22836
-20278
9370
32642
5044
5208
-22707
-15301
29442
27972
23514
24873
-6357
15357
-25089
2639
16464
-29830
26248
9756
20553
4598
1198
29208
9946
1905
7400
29065
3522
-12986
-11544
5551
-15613
-4378
-30797
-27888
19916
11803
2767
-14029
7737
16659
1961
26541
18162
12573
24524
-20734
-17865
-5015
-17546
10160
-15012
-10779
6840
9672
21419
-23067
31119
23240
5591
-27312
149
-18891
-12850
-10776
-20006
-2011
-21195
-7640
-15174
-32370
-23597
-19215
19259
31086
28489
827
19577
-13280
24757
2207
-22237
810
11457
24978
8190
519
-32493
-24264
-6111
19405
-2737
29949
22689
3233
9823
-25704
-14541
-20879
-26471
3036
-10048
9114
-5143
-25772
-18976
-20413
-20487
-8928
6019
4305
-4385
6557
-19245
-29620
19134
28478
-4754
-636
-14309
14512
-19747
-19898
-13400
-13361
-30184
16818
28544
30072
-28492
3373
-3947
-26016
-6136
-23370
4488
-16790
2403
30195
-6289
-10950
24259
-10335
27364
6700
4592
15405
-10249
-31912
-20424
-21457
-16042
-16535
9421
20691
21755
-22051
-25300
-30262
-16293
15342
11028
-22675
-15435
-17074
-21826
-11574
-4398
32010
-28024
-5379
-11954
-624
-4560
22515
7573
10895
10315
-25857
25940
4428
6320
-2207
-2419
-27163
-4994
-3062
13026
-24419
8322
5130
-12635
-4021
-11195
3660
-1758
-32259
18623
-27602
-30253
-5158
27606
13656
-25339
30261
14350
-24762
-26473
-1520
-13945
25551
2316
-9135
13155
-7423
12936
28729
-16098
19989
-27910
16126
20688
-32450
-22195
-16525
-18253
-10558
15646
30011
-6672
20574
-24329
-16576
-18436
-4170
-3405
-20936
12597
-15423
-22026
-20609
-12358
31998
-26887
-13277
-1215
10060
8749
8212
9612
8816
9226
24248
-11582
7105
31826
14966
16377
-18317
6660
-19732
-32031
14588
-25852
-2244
-9540
31915
2546
-8647
-28647
23586
-31900
-9998
-273
-12216
2310
-32256
27246
-8072
-26913
-2315
-17105
-8689
-14143
-11808
2580
-28824
9377
9817
1993
1723
-21477
28395
-1872
12854
734
17463
17425
-25766
-3984
15729
11301
1807
-23493
31991
-31083
-20812
-31474
23277
20134
13521
11522
-24947
-16992
-30647
-27977
13701
7937
31586
19036
20966
-13523
-25456
15896
29157
29403
-24385
10506
18857
23692
681
32600
-16648
30784
17456
-6557
-15637
7326
-18359
9690
-13792
-17815
-5503
31097
32059
27423
11103
-1180
28903
26163
-2678
26285
-13882
12334
-5467
-15561
-12755
7183
-6679
-20013
12258
5464
13591
25393
-9705
-21813
17655
9706
-31507
-12222
31304
-23104
13490
-26512
-13715
-13844
4260
19053
-23465
13738
-26184
11195
9243
24104
-32004
28419
30657
-4123
29376
8818
24372
-27121
-12904
10587
-339
31342
30387
-12738
893
-29509
-22419
-3942
-3078
-21991
-13035
793
8784
31240
-27966
-12826
26112
-5892
-5651
16210
-4733
856
-27232
-106
23632
-31456
23796
-22275
10334
16610
12457
4504
15671
7949
-4949
12344
30167
-944
-9761
-25884
-17725
-14058
19242
-17476
-2166
26127
3926
22358
-5144
-12917
-16413
25330
4158
10885
8965
25639
13411
-32108
-417
6674
-10649
-5594
-23846
-22678
-29657
12420
-14574
-9946
-1150
-674
29942
-28104
23751
28786
14431
-13967
-16473
21427
-27632
-31010
-21035
-17555
-31415
8918
-17441
15432
-7038
10979
-25701
-30997
-26597
-14146
-20636
13600
-15649
-24593
-12531
23472
-4528
2217
-1160
-28111
-16368
14184
9627
16587
-23598
-17427
19641
9951
28664
23411
-28131
-25732
32134
-9385
16361
-12506
-12036
25119
-9019
-17428
-30524
6025
3479
-28295
-5495
23314
-27558
-1357
-6967
-12394
-11112
-27839
-28413
25434
6291
9681
-24974
-11478
7508
-9484
3257
-32281
1465
28669
-17261
27298
-29240
-9139
19522
14002
-23079
-2885
11248
-7746
-17994
-32725
14666
-11048
-32608
-20138
-11230
-1008
3653
19530
1089
-30869
-14769
3001
-9947
3919
-27209
-8026
-21023
-24113
4011
25792
-18750
-25700
3485
-25633
-30820
-14864
18239
-2486
-2785
7312
-3400
-6947
-23083
24250
31709
-14192
21579
2530
-28816
8959
19027
-30118
-20559
16246
18743
31196
24574
16008
-19437
-6957
3644
17252
-18692
4355
12718
-21136
-19728
-1740
31762
-25318
-21367
2286
9722
652
-29853
-14654
15119
-16235
28422
32631
29662
-12237
22139
133
-13621
13895
-4362
18711
-13444
-28908
32588
-5483
-19439
-31191
4343
-11054
-13930
-23993
32761
18657
26490
-30020
-5833
641
-4268
-23206
10998
-17731
-30170
24277
6354
-22050
24943
-30981
9497
30891
28399
-6936
31447
29202
-24827
-4138
31399
4866
30656
-10401
3342
-16960
-8690
31761
-887
-8596
3357
11790
-21780
-26549
8902
19816
18731
4102
1666
27827
-10298
-26338
-388
23048
-22154
-19118
26713
23401
-4148
25284
9518
7547
24568
-20714
-12535
29124
15513
29162
8497
28514
-28078
10753
20113
2719
-26904
28703
28407
22878
11997
-26553
-15978
25068
16220
17860
23811
-15861
-8605
15874
-1130
-7204
-19022
32735
-27376
-21170
-32496
14166
-9110
-7419
-9174
15633
16468
-11226
17327
32727
26788
15044
-14550
32386
-2405
-3669
7363
-17164
25587
-7072
-17708
-19047
20603
7122
1060
29448
32754
-30385
5654
14492
9623
-22317
-1199
-8480
-26004
19366
12497
26218
12593
18993
-5065
3028
-3152
-13808
31864
-19166
-9598
8934
-6144
-31407
-22032
-17914
-23430
6800
154
18297
27314
27759
-32632
-9619
-3632
8030
9033
9945
14897
-2577
-16750
23749
9451
30051
-21135
-13875
27924
8471
-8672
-20587
-23293
1971
16626
-29232
-8236
16343
10608
12711
-201
-16441
-14533
4249
3552
11092
30273
-10706
-22948
-19942
14244
12778
11635
-10593
10851
-27307
9920
21912
-20199
-14470
-7256
-21021
1293
-6972
13578
-1590
10857
-15873
15302
1266
10059
30484
-9638
-8618
13898
-18651
-20675
-17323
16454
-21546
23949
-20459
6882
-11448
5753
-17796
-5759
6196
32595
20965
32668
-6875
14019
-31463
16722
31231
-9989
-7919
28451
17995
20238
26024
10009
-3851
16795
18594
-2114
-3250
9129
1489
14636
-23381
15099
-8716
17710
3223
31631
24862
7449
2889
27770
-25946
10522
22047
-32080
-20676
7381
-1771
10105
254
-9236
-4292
-10176
-21043
32069
-11910
24789
-5519
9210
-24909
-32510
1180
-14208
-26855
-18593
-3703
-16761
11547
7046
-21817
7260
-18349
8652
-6131
-23387
29407
26264
-15758
-1453
-8348
9267
-21399
7755
-15540
32234
8820
-8027
-1677
-22369
-6188
4009
22256
-28657
11448
-22040
13422
-29582
25379
18273
-28281
21180
27967
-25003
-665
30102
23649
29176
1799
-29565
-23130
-14658
29226
-1683
-14921
20573
-11711
-21199
30340
-30659
-15985
-12800
22923
-6595
26418
-14239
-5020
29063
-3458
-20010
1049
639
16708
-32160
13320
26331
-32576
-16902
-24722
-11796
929
29158
5508
19299
13515
22481
-5192
-27703
2503
-24590
-20229
19510
24045
25845
20769
32561
-13015
-30179
-11750
968
-21792
25946
29923
-22270
-8939
-17279
-14011
-25179
-21523
29770
3999
2871
22236
-19921
-22390
3587
30901
19265
-3890
-13367
-12281
4463
-19473
24916
853
-24994
-6527
-19738
16774
-8570
-13098
-428
16076
-2110
21380
7698
11118
10583
4676
-10423
-21221
-29164
-22246
-25570
-17190
1635
-11482
-12124
-27016
12724
15714
-7738
-4316
-18009
-30098
-13497
-14489
1979
-21647
-32388
6533
12648
-4230
21119
-514
-16872
17449
9585
-14942
-942
26856
-5448
-28907
-16536
-29556
17312
-16366
-2709
12712
-20743
-22819
-12937
-17248
17891
-8091
10076
30814
-20306
20117
-11094
-10581
-19662
-4573
-31805
-10719
10007
-31105
16080
-26385
-3641
-22260
30988
2016
-22981
6692
-8017
5568
20175
22772
-26160
19418
7115
-20381
-20939
16044
-4750
17345
20379
14376
-32025
15458
-25997
-22438
-1784
-1342
-21955
14205
11533
-6559
16906
-15254
24149
-16124
5256
-20555
8971
-31017
20957
-4713
-4031
-7195
16111
-6449
16653
-30800
-31497
-20519
5156
13824
-8471
-25236
-3985
-6436
26087
1221
-11015
-32764
-2735
31370
2524
-24452
11704
-17799
-15380
-21988
21672
18472
-9125
-9005
-10421
8333
-29475
27893
11741
945
-1295
-10220
14617
-22253
-29950
15061
-14225
-24823
-13492
3966
-1856
-29043
303
25273
10403
31008
19211
17657
-19208
17392
21666
-26721
-28618
6565
-27951
-24441
10795
2443
-10336
-5803
2818
27617
18543
25739
-23068
-10446
2317
29447
-23509
-4761
21921
-15681
9077
-15874
7692
5296
2393
15575
18470
-21350
24158
-3413
-7819
6336
25272
13340
24336
-30943
3462
-13109
-4355
-486
-11315
6716
-1225
18050
26502
-27321
-4758
16780
-25990
15141
-31363
12407
-2916
-24112
28679
-10032
-20343
249
4703
6593
-9413
-19956
-16607
-22970
-11611
9684
-16647
-26791
-22409
24113
10485
31806
16287
14047
-46
26904
-13785
-25976
29999
12123
444
15708
26549
-28843
6395
15459
-19689
-15094
-31258
-14535
19233
2325
-8782
-16076
-14626
-26529
-21509
32093
24123
-377
-533
-4452
11841
21043
-6124
-950
4318
12157
23895
6893
-17916
27889
2857
23533
-8840
-30708
25914
-6860
18953
31102
9724
-20261
-4260
-6663
-8853
8336
-1984
-24320
7936
14319
-19794
8958
24907
-1989
27235
13719
-25178
19799
-2965
11850
-28107
28208
1544
32673
-20921
-29332
-5914
-3528
-14412
-28886
897
-24609
-28613
-21284
14727
-15345
-18066
10952
1599
-20456
8680
-20389
4511
7355
-26912
19682
28933
7075
3945
18863
4692
9321
-834
-17957
-2005
-31046
-9929
-739
-8866
-8603
-18986
7985
-19806
-3603
-11026
19480
1638
-25975
7792
-27664
-16174
16063
-9842
23251
-4791
-2657
17818
-18157
5655
32104
2400
-10420
16834
9271
-13665
20422
-22218
23056
-15802
30398
13546
-29216
16569
-31166
12812
21939
764
19203
27596
-30767
-1126
5824
-17734
-3388
-30419
2913
25793
339
-13469
557
23676
-20437
-8594
-28207
-25856
-30352
-16246
18394
47
-14965
26138
-20889
31365
-20181
11834
16049
1121
26019
25649
-23747
26792
-6433
-17024
-32092
-30303
-10608
19278
-31952
32108
32437
-2275
-8373
3991
-10287
15006
-22468
8577
19333
-31698
-19049
74
-19652
-23749
-17096
5253
16756
26111
9834
18084
25543
10833
14518
16017
-23687
-7595
28322
-19466
10772
-21222
-30136
-11196
18575
32597
26409
-28661
-18545
29028
-20363
-23058
-12679
-2988
659
2541
-9071
-29623
-8993
-4706
-26857
29524
-14967
16337
-29276
-18197
31423
-28320
-24657
-31954
-4483
-29111
7670
2610
2307
2972
-747
16546
26612
-14649
-14281
-25481
-12518
17572
1795
8987
20834
1832
18191
-16967
-14478
-13635
31250
-11267
-15856
11175
26324
-32048
-21884
25537
28829
-27883
-29983
-29912
19247
21417
-17768
17174
21335
-21134
24980
5066
23387
1235
29396
-10892
-14475
15237
9343
15098
-29213
30539
-13435
26614
24670
14864
-84
-9280
-10193
1721
-29361
-26453
31180
-10959
-30155
-28210
-1082
5265
-17118
23801
13640
5284
-10410
14703
2538
-8334
25077
30079
27734
9532
-31751
2485
-8838
27005
19756
8132
-133
-31542
-19712
29685
19563
-4600
-23781
-10364
-4267
-10700
-11150
12378
-5285
-7694
4159
-17886
-22043
22492
-26138
-19383
-3939
12134
14211
24230
2415
12882
986
20943
4493
-30441
-9347
-17370
-27357
-17981
18476
30355
20963
26420
-8004
-11749
11734
6314
-27408
-14165
15932
20879
30249
-21774
23781
-22574
-8331
24249
20192
-12027
-8492
-20635
6458
27323
10309
4768
30965
3153
21649
31073
-26736
-27145
32688
-13936
24999
2637
-20187
21341
23327
6622
-8477
-14766
-7567
-30165
-27927
-8725
25774
14174
8670
-1440
27443
14301
-29932
24194
24053
-29687
31002
-3957
-13941
-14872
-16680
-6709
-9554
26861
-4667
26114
3282
-15850
9818
5666
-2912
13253
-28765
-5640
-21376
-8957
-17988
18213
15834
-25620
-15658
25871
-25538
-4422
-14599
22031
17202
-6305
-12013
14494
-23960
-3724
-14596
2256
-2527
-21956
4723
29705
16785
-4551
15922
26841
29495
-2927
14392
-30988
17644
-18059
-27616
-29678
30624
-4647
19706
-22425
-1764
21565
17654
-15679
12429
10560
-31412
-22709
10152
-9006
7410
28458
15587
-8302
32067
-7632
-25790
-21887
-5659
23703
3182
-11506
26511
23754
12124
8152
28887
-22542
-10710
-17954
31834
-25724
-4999
-6193
30257
26862
-4243
-1238
22738
-31939
-808
-9091
21584
-31365
20995
21233
15952
-8361
19085
-6882
-24631
-14746
6982
-32169
-12675
27195
-22426
12931
31856
-28590
-20150
-29462
2233
15849
2612
-69
-29273
10471
-22296
18399
12560
-17376
3767
8762
15346
2019
23979
7426
-26999
-1416
-19367
-24246
14937
-31884
16889
-12818
-8438
7518
13104
12133
22631
-7923
-27796
1718
-5627
-28752
-26118
3217
-7223
-24628
29993
-12234
5667
22253
21973
24034
17351
20045
-10459
1354
11632
-13880
-13818
27299
13982
3432
2493
8738
-22238
8538
-30002
-12120
23804
-32346
-12252
-13496
-16052
10537
16730
14509
104
-15980
-25876
24060
16001
-11728
17887
22984
-19298
32742
26645
-2559
7004
885
-8285
-22862
-22891
-8087
23893
-23508
19104
-28663
17962
-28108
7496
31331
-5283
-12257
-18589
18384
19010
-16313
-2171
-11253
22917
11456
14735
-3087
-13988
1845
2271
32035
-7127
14140
-3625
9261
-30736
29475
54
-28474
13002
12088
-20179
-28027
-32196
7216
10576
2502
25471
10658
5378
-26052
-6283
-5057
24837
11291
7625
-23146
10839
5280
5983
-4979
-26370
-16696
-28384
-27132
8988
-9277
6605
6874
22460
2814
-9868
18302
3309
4787
19080
868
6866
-10104
10720
8510
-29523
10364
-17712
5243
-4916
27137
-5224
-1406
-24309
-13706
-22927
-32537
-22723
-3737
-18091
28525
-8349
29754
25277
17356
5691
4386
28288
171
17743
-9686
26604
-14656
26618
2348
-6730
-30237
3297
-31402
6841
23427
-26031
16663
16169
-15644
-9407
2301
25418
24970
-28733
-19183
-27961
20706
-2523
5921
-14297
-19996
25933
-24558
12624
27026
-20171
-21588
2442
-9093
-19059
-28853
-7833
-3683
-14866
26051
-29186
18202
5356
-11682
15289
23577
17961
22868
25555
-21696
23481
19100
-29217
-14437
-24736
5240
-1154
-10020
28595
17712
-1844
-30542
423
-18877
19823
-11604
4284
-10392
18752
-18958
26912
-31276
18649
24717
-16162
16905
18870
-11602
-18909
20178
-466
709
20801
-8201
-10332
-5901
973
16320
-3753
-5515
-27780
299
-17595
-29815
-11145
4325
26930
21767
1531
-32154
18155
10024
-996
-32322
28107
7759
-20902
-19630
-12520
23194
21825
-4128
-5517
2845
30448
28122
12977
-4681
-28520
3312
-32380
6816
-25710
19955
966
12768
31372
-14435
-16744
-17609
15809
15543
-30755
31583
-2222
19103
-16395
-28909
-27141
10918
15864
17196
31452
19690
-2368
-8523
-3973
-11347
3887
-1472
-14603
6379
-10341
22943
-24188
15147
10249
-9683
-26187
-12886
-14729
-7494
28114
-31987
-6568
8479
-17155
-31976
-11813
28597
30663
20263
3757
-19788
27517
3862
-31441
-1804
-28043
25449
17793
-9177
22798
28442
5148
-2719
6826
-19562
19734
-21440
4586
-28888
23382
-32200
16909
-1993
16082
-24786
3789
22725
-21616
5977
-26438
31380
12453
10904
12001
22136
14527
13130
-5420
-29054
15151
-19997
-6197
10764
-12741
-5257
25998
15959
15534
14226
15086
22186
-18796
6429
3226
5731
30418
21291
2844
-25116
-29050
-18362
11966
7557
11041
-28587
-13175
-3203
-17534
-1962
28596
8293
499
-23123
15338
28300
19875
11389
-6666
-26519
12869
27976
6979
5931
-19836
16264
-3534
-6497
-18944
-21519
-13165
-10730
-18019
25042
10711
19582
-14166
-11281
16191
14830
-23856
16078
28862
28944
-3689
-3408
31950
23866
-4639
8352
-3275
2708
-22031
17544
-30626
-11695
19101
6518
-10453
-21785
-1340
23193
14493
-12014
-15462
9071
27228
4178
-210
6091
271
-11207
10933
-17304
3770
15510
15936
-64
15450
-13763
-13480
-12000
-23751
3112
-32540
24398
-20490
15861
16744
20675
22711
-5758
7869
21426
-384
3317
5504
3043
29061
20625
31616
-7675
-10636
-26939
22312
-27619
-13582
4576
31035
-13227
5211
-8078
-29224
-23090
18303
-4435
8719
2947
1762
-5737
-26963
-15447
-842
-19611
5556
16280
-29933
12911
18853
-10711
-28096
24774
31476
29113
11201
-12104
-17398
-28512
-11825
31975
18937
-7864
-31896
25550
-2589
28734
-16426
21159
15987
-9591
22763
29531
-16347
-16378
-28209
-2274
-21019
-21186
-25557
5851
7872
9393
-4275
-19462
29589
25352
-1324
31946
-4400
24996
-11696
-2406
-30966
15620
-11729
-20871
6968
16828
-3665
28023
-29618
23850
1928
-8063
-28233
24924
-8122
-18892
-14294
-32121
-11815
-4705
5581
-17707
26662
2826
-23564
5535
-9367
-17191
-14711
-26517
6111
22011
-11477
-21809
-20108
10799
19042
26369
20096
23535
7318
6344
-5130
18538
4096
23462
1398
1289
11822
19992
3566
7387
29261
26844
11815
31828
-18850
29250
-4543
13865
-3222
11787
29366
-2330
-32441
22574
20066
-23757
-17141
3037
80
2294
12226
-14920
-1725
-1035
-13674
18617
18940
-11512
26866
24396
-23289
-13623
-15455
-14347
-29434
9940
23322
-30851
7253
21375
25467
14144
30925
-25625
-1641
30037
-8969
-24966
21786
278
6959
-31413
9955
7553
-20575
18628
-14444
3835
2401
-5605
2183
4867
-24676
-5238
-6821
11388
-31078
8064
31040
-16364
9894
-31704
-26362
28949
-9765
-15145
-23578
31558
22688
-26761
15831
31017
4041
3754
25154
-12883
-6370
-28016
19584
12401
-28656
-30713
9739
12482
31344
17787
-16504
20578
-29032
-15083
28837
-17901
23726
-31778
-3008
8619
12207
21810
26011
-28411
11007
21620
-28132
10766
-27988
-22348
-32274
4377
-24159
19713
19157
22296
4464
-7422
-28838
-21287
-13013
-6776
-25853
-5188
-22262
28753
26914
32560
-8094
-18777
-13869
-27990
18338
-7441
14141
30176
4541
-5665
-30945
-3871
-11638
-30263
-11997
15549
9520
-8437
-28942
-21973
-25706
23693
10783
22501
9549
23538
-15738
-28607
-4361
32516
22702
-12140
21138
1364
2186
-18255
20935
-8138
21648
22368
29851
-1941
17231
-24740
13143
10393
22635
-20811
14307
-20538
13464
22598
-9502
-12994
-19579
25349
-12762
-23484
-8324
-25611
-5320
-22664
22860
15235
7703
-17806
2958
12177
-27131
-7325
-32499
-25411
16402
23065
9552
-3965
10661
12358
-28524
-24191
-19741
-1177
12251
5305
-10518
-16156
-494
-19276
11982
17328
28675
-9983
22203
-26859
-2851
-2576
28543
14513
-6782
-19137
-31219
-9935
-1019
-10244
16946
-7463
-11476
22661
3251
18358
-1269
19161
-13381
-10071
21046
-8702
-25125
32501
21993
-21619
28928
-18977
-22048
-20277
32652
-21126
-31991
23669
-28143
32291
2738
-16609
12100
-10728
7358
-9803
25833
29481
-22055
-27905
14877
-19342
1040
-13409
-10307
25577
3954
16412
-8530
-9014
-8101
6835
23393
13428
-16159
-18264
9167
11060
-1805
496
22150
11235
-20836
7857
-16531
22227
-28402
22284
-29921
9095
-154
-18136
-24776
31395
7027
3584
17024
-5178
12160
31487
18754
-2873
-16657
-863
5489
-28516
-19228
3259
3362
-32141
-21778
32517
31120
19971
17429
-16547
28053
21802
27288
-30627
-17181
23999
-11249
-4873
3370
-27108
24580
-9948
20110
7995
12450
-31663
7556
-30740
-16738
-765
32454
-1328
-1654
-4753
-19695
12602
31273
-17648
-19364
14297
-13628
19956
9649
-2361
11872
17821
25322
-14469
-7359
-23311
-4879
15370
-23101
-6919
-30609
14771
-23853
22372
-2801
28359
14298
21305
-1370
27416
630
9860
-32624
12289
-5140
