10000
7214
10390
8523
2446
18811
19329
-15016
-4064
-20207
-6077
-5900
31198
-24851
-32528
5986
-6333
-3027
9665
-822
-31098
-5374
-22814
13114
-25426
-28359
5624
-19396
26184
14919
-7970
1870
31138
23033
9206
-4342
10860
-5180
30415
-28412
23028
17876
21392
-32071
-3148
-9322
13852
30687
18124
4359
-16604
5492
32397
-31389
-13116
-12758
5871
20607
28718
-2171
28692
1252
-5285
-32508
1378
-8039
-7707
32664
7173
-24458
-8460
25520
-362
28462
3961
-28233
-22981
9500
-3942
22157
-32397
-22400
24924
25163
27899
-15977
-22248
4210
-17550
-26186
22810
21401
-21898
12924
32518
-23675
16244
28602
-13383
-29811
-8087
30371
-28535
26628
20355
-24124
30904
-340
13193
15979
16430
4780
-6464
-637
-17539
4345
9731
19361
-2402
15950
21872
25451
-7676
25696
-2026
15953
13190
-7945
8472
-3633
17337
-14022
-13924
-25802
-18256
-2873
-19837
26174
31885
-3495
-10966
-2967
-15797
19322
12325
30014
-26512
2241
-19173
19845
20458
-27307
-29396
15135
19477
12816
14453
-25507
-18276
1512
25486
32269
-27057
19921
-8619
-30012
19928
7309
17562
6773
18489
10882
-4334
26590
-15674
24633
-7292
-21252
1987
-28896
-15585
12118
-28609
-1224
1530
8359
12451
29671
22634
-7600
4064
4183
-23
652
-879
-213
25261
13115
26701
11074
-15898
-19999
18683
-12070
30480
28290
13309
28712
30598
-32526
8797
-12439
7479
-7250
28197
-15333
14370
1860
22760
8487
6409
-10170
8762
-32150
12274
7920
11828
-22288
15016
27141
-15345
-1688
827
-5246
11283
13010
11900
-31426
-22335
-23176
-6786
7324
29852
28455
-19752
-32699
-4184
-32578
29325
8757
-4644
28943
-27538
32000
-21427
19685
-27743
-5752
18239
6084
-10974
9437
-11779
15821
7487
16593
24258
-3270
18546
-10206
-7231
-16023
7856
3822
-31682
-5071
-28147
1233
-23450
-32288
24185
-25786
-27029
23263
-326
22722
14730
15749
28318
-27748
27600
18993
-29839
-12032
-25540
-8227
-21861
-26201
3654
-21570
-5683
-20758
14397
-31639
-23889
31044
-29967
-17872
24792
5842
-5417
-10174
25896
532
-11389
5591
-19299
-13889
-10495
-20149
12272
25589
31015
-13717
-6393
-5040
17010
15577
-13549
-22612
-10209
24711
-10494
4523
8313
-12487
28580
-16095
-24001
27752
-18200
24832
-16967
-11100
-12250
-28034
26651
-6456
-31531
20668
14162
-16309
27028
106
3205
24882
22878
7723
28495
25391
-1303
10756
22739
-18643
21011
17628
2611
-15719
12009
-766
-29466
11993
498
-20122
-10291
-30779
-10189
23108
27056
-7233
-478
9075
14788
-4038
5322
1283
809
5191
-14076
-22964
20379
8806
20260
-11944
-3674
-25704
-8883
1513
-27308
-16568
-13408
10465
-12889
29794
-12966
-2784
19501
15769
-30275
15258
-15994
5682
-4282
-27046
17812
32294
27346
-29952
31315
-22036
29462
-4488
-2196
18877
23635
-31105
-30136
19078
-27677
12306
-30499
-6649
22857
-21449
-22718
-25668
-14964
-275
-29558
-27320
1147
17605
13243
-15947
-6401
-7830
-12290
2583
-25837
-5026
20291
28122
-3817
20713
-32636
26740
13796
24013
31788
21099
16272
24216
9432
-26730
-14053
26356
-25482
-26045
-15005
-23666
9037
11991
31669
26883
-22194
-3021
-19442
32130
3662
-29401
15450
-25640
-7994
25303
-19383
25365
22930
19915
9495
28366
20214
4953
28239
-27834
10508
2891
9843
1444
-4091
8207
-5215
-2109
-8434
-31031
-17714
23446
29855
13815
6862
-426
13753
14250
-27225
-10706
18295
-31821
10943
21327
31766
2306
13101
-32708
23382
-25743
2455
30136
30973
8669
-16691
4889
23379
-31353
-26876
-12212
-29093
-30998
2609
-4030
-6851
-13321
14035
-26190
15234
6092
10282
-26592
-25914
-16764
-27969
-27860
3144
26970
-10597
9197
-20109
-23885
-25258
-21715
-18925
2911
24678
-12945
722
-7228
6580
-15895
-23207
7606
13298
14521
5725
-15684
-4419
-9903
29929
-4734
28430
24979
21955
-31138
-5245
-15078
-28521
-32274
4351
11915
-5594
21716
-2759
9545
4380
26385
-7499
18254
-950
27798
-18373
-24231
24886
-5718
-27573
-18889
-29869
18662
23389
-32267
-30510
-26368
30788
-6698
13907
-11265
25012
2244
-19128
-5739
13116
13021
24189
-25187
21294
-16988
-968
5171
-20770
29839
6977
-4809
-21617
31907
-19092
-21047
-6843
30253
-755
3633
1634
-26532
-6034
-5266
15628
-21733
-25641
-8152
22053
-25006
-885
16803
-6490
1059
-5559
-23866
-19744
18252
5939
12806
5419
7572
18098
30228
-24823
17227
-7169
151
27203
-12581
20080
-1124
-17296
7866
27476
23157
30374
5380
31877
-23655
-13072
4324
16096
-20220
-3227
13725
-26822
23705
18907
-3927
156
8137
-17062
26013
-17225
-15800
20119
7648
4280
-17293
11762
-9315
25280
1065
7819
-18356
14312
-7763
7624
23719
-10478
31157
8615
-25146
-19893
5694
-6796
17644
14273
23201
-13759
-13635
31932
12267
3655
-20723
-16018
14241
-19460
12761
-20441
-24531
4620
8324
31084
8793
-16882
-27691
27986
-29296
-8656
-3246
27477
24374
-4802
3342
-32644
-17967
22377
1520
20657
5571
27241
-10271
32500
-8125
-25835
-22279
4647
31694
-29979
21307
-30823
31240
-25771
-29935
-5273
-9571
12111
30335
-23779
22076
-10559
20198
2351
21713
-13752
-7240
-20908
-3014
3451
7785
15692
19107
5452
70
-6227
17525
-14131
27286
5543
6976
9244
-26232
28625
10625
22340
-1777
-25322
-9482
5666
9798
19564
-4148
30422
5251
19896
-28764
19105
22006
-32401
-5220
-6249
29105
12191
-27438
-10038
-20491
-15598
-27173
-6328
-10527
28780
-948
5054
-843
29807
-11724
-32448
16819
22060
30819
-19030
-17084
-6209
13295
19391
3729
-21804
10223
-10075
5538
-29137
-22883
19249
32544
-24568
-24911
-31082
1922
28877
25300
-28418
14174
13238
20833
30753
31520
32462
25253
-30239
14955
-16026
-21083
27524
15609
12721
-21728
-14490
13932
432
-438
23024
-30917
2488
-19970
14041
-14061
-11501
-5903
32747
22319
-15608
-15561
-7552
-21948
-28806
19523
11832
14118
27079
-14898
-5493
2790
-19696
-11631
-6622
-32215
-26297
-22905
-5085
31928
25311
-26864
-11297
-26285
-4771
30747
10780
20414
-17226
-8035
-21126
-21335
-9371
3542
21976
-30406
-16228
-13222
20178
-7105
-31733
31911
20726
-733
-14499
6868
1802
24088
28743
24778
-24986
29520
28861
-11339
-21876
-20169
-8549
-24765
10794
-1452
-22949
-29096
22675
2178
18276
-32060
31051
1469
-26001
30408
-17198
23599
666
-24900
-6625
7569
-22262
6601
11337
8446
11163
-12819
8977
-9589
4232
-23302
-24361
1114
9021
24358
-18498
-29685
-25918
-11549
11091
23026
8852
29241
-10519
-11744
-26699
-17644
-13452
-27570
2805
-24394
8566
-5697
-15654
-27022
17114
18887
-13814
21653
6531
24166
26498
-17505
-4736
6815
-17771
-2712
21924
30171
-6997
12547
-9221
-27366
29546
-5135
18046
-23151
-3285
3407
3117
-32137
-25159
11768
-22773
26669
-16501
2403
17405
-7093
-27799
-3983
-10595
23274
-30621
-30906
25816
30000
14930
-25489
-9885
-28971
7320
-23529
-7838
-14118
18941
29375
13994
22636
32563
-29520
1268
-5582
17550
29087
20117
-30241
14473
26866
6664
-27838
27201
-27221
20908
4097
-17401
-23318
30278
-24522
1428
17223
24956
7167
20254
11328
-6235
-11016
-15172
-3866
-11729
-4177
-2519
-21301
13620
29388
23116
-23731
-17594
-13164
-30271
-11002
2046
-5035
-11244
-1846
25218
-27653
14517
-17108
-8743
-29307
17311
1544
-16823
4369
26580
-11849
15195
-19536
-20258
15568
-27429
14789
23675
21788
392
-1664
-26227
19313
1498
3478
-453
17236
26841
32415
23503
24080
10020
-5176
9489
-31029
31677
-23170
2994
32020
-8845
1442
17914
10976
22591
-11481
-23839
23013
-6663
26207
25158
-7472
-7722
-8258
12057
3384
23005
-23132
-11072
32728
-2777
16682
-28709
10962
-28122
-6221
1911
22087
-1312
13581
14761
-8001
-28401
2257
27761
-18985
19476
-15272
4425
9553
-13911
-22212
9202
-31596
-18187
-32505
-14572
-5649
-11651
16194
7166
-20540
-21913
-25405
32436
14540
-7721
25002
14044
17670
-8084
-22256
3337
-4880
-574
3992
-6928
15479
-25871
8912
14990
-14506
-21494
-7401
864
20349
-20066
-14809
23080
-7078
24007
12217
3791
-7491
-15391
2376
-2814
-23635
-2663
4199
-4259
-6968
5918
18587
-2163
-6460
13513
31119
-24674
-25865
-8305
18831
31276
16175
-30755
-26638
-10704
-3233
-16751
-18464
-17424
-22840
32746
-27393
15602
27183
23468
14988
-22081
24742
-22483
-29636
24077
-27679
-6398
-8527
32039
-3332
-15314
-9718
5542
26399
-15225
-22311
12645
9248
-26654
-10099
130
-26138
28018
-24848
26593
-18950
-26922
28760
8103
-31295
-4479
-15944
25023
-20741
-27565
6914
10329
-2810
4724
14411
-31845
-2472
-3226
-13326
21532
-9721
13159
13015
376
-4797
10535
-2649
12471
20264
24492
-31720
30428
-10577
-11977
32512
-28718
-20660
31448
-7100
-28343
30896
-27445
-21856
-14534
2826
-12481
9424
22382
-27240
23648
-790
-29957
17623
17787
991
-19365
-127
-32767
9134
31497
25948
-20457
25154
-29271
-9734
-5688
-10184
12492
-29944
6697
32362
25320
15276
12830
6295
16270
-24868
-15900
8065
19077
8292
-12878
4512
-9978
28406
-12672
12589
31228
29540
-14245
-680
23807
3010
21586
-23378
-24666
25634
-30016
32692
-7625
-7453
-16590
21014
23276
593
124
-4361
-15301
-20701
7025
-9694
1342
-3559
-8438
813
-28577
27926
-25337
4943
-2334
-18201
-8331
14051
-10313
8222
16482
-21325
-28313
15963
-7000
-28978
-20617
-22250
27389
27644
9316
20411
11102
-21234
-27948
5134
31686
-13779
6695
-28239
-25324
-524
15645
-32650
4939
-20204
-219
27122
-27041
-20519
12209
2908
31601
22612
18931
18369
-13698
-27503
-11387
-25536
-2655
24920
18213
28441
12501
-6226
-16179
29303
14213
31334
-31128
2589
-380
-7243
11891
-4705
13991
-26091
-793
1057
2010
1977
27773
17664
6348
23593
31162
17893
4761
-3636
-11917
12666
-17985
20437
28120
10926
24359
-8334
-29729
-6963
9618
9188
-25105
4609
-20783
2014
22261
12753
-27534
-31626
12195
-17057
13688
23303
24889
27456
2622
-28803
23450
-21415
4850
-16019
8592
26102
25523
6968
-25129
15024
-21024
-18967
-18234
-23356
19423
1786
-21463
5223
15640
-8271
-21212
-22753
-1783
-8615
-21864
-13244
-1582
-3641
-16733
-19184
-10608
11101
28641
29145
6135
23313
-23520
26623
1655
-24711
32301
-25929
6229
-1994
-29634
26521
1940
-26847
11876
-14648
29121
-5825
10720
3443
-17807
7855
20075
-1817
32083
-5802
-29468
20225
27014
-15354
28783
14978
2887
8618
17092
506
32471
28423
-15582
-1863
30235
11813
-19045
-11345
17181
10842
16996
-14718
29323
24257
-18891
-21564
30263
29880
17902
-1403
24469
-21090
24325
20528
-10816
-14630
-4778
-22484
5750
29742
22110
-5858
-5015
5865
-18948
9564
-15018
19338
31332
-3911
22743
-12679
-13225
15147
-2542
19482
25571
24724
-25311
-195
3462
3731
-11328
-9668
-18922
16958
-11467
8356
-23497
-3371
988
-5293
20932
-19449
-5111
8558
14558
-27848
32064
-12601
24319
-17852
10242
-22438
-9586
-31613
24361
16398
-25447
-30650
-31431
-11281
-22642
28578
-6803
-528
12043
-31337
-28773
-27572
-3852
14281
6843
-1126
16438
-1662
3896
-6100
-23724
19145
5407
28786
4982
17646
20444
-13815
31487
-30646
-22908
-23516
29591
-7918
27952
-8160
-6643
-13798
8654
-6279
-18856
3571
13392
-21398
12211
-29933
25171
-1177
27892
-21656
-17245
18606
27809
-6535
23158
29449
16927
12199
-9658
-22417
8231
-196
-32692
-7025
10585
17779
1351
-11937
-31025
-23144
5378
-21019
30667
20875
255
-8664
8674
-5766
-25407
-24787
-29529
11592
-20517
-16271
-25014
-132
6393
-12942
26274
-16432
-7782
-22747
6763
20487
13053
-29314
24194
17927
-3504
-26386
-6141
-30963
-19543
-23585
-31254
7890
1583
23496
24746
31598
-28246
-2851
15035
-7894
1616
-28883
-1262
-13276
-24709
19324
-21518
29376
30791
28551
-10980
30898
-26977
31723
-2781
-26221
11385
13681
25960
27369
326
14961
13483
643
32767
-26090
-13456
-6521
-20449
-14844
-8518
-15983
-28077
23150
-1471
25837
-552
-5929
6706
14302
-18585
1723
-12955
-31763
1358
-12501
15670
702
-3095
-18637
20744
11256
22217
30749
-19542
31035
11196
-14562
-812
12264
-21582
16478
32215
25438
31094
18284
-369
-3026
-3893
19519
4353
-1809
1863
18540
10336
-2953
27775
-18001
5604
21291
2386
11538
-2754
12778
-24340
11672
-15424
-8403
-26754
15588
32169
-23840
-15820
16778
16165
-14663
2594
20818
-23994
-23409
3582
24936
-12528
-22636
-3479
-10458
339
24105
20335
4894
-3829
-28222
10950
17033
-10217
-10341
9764
8921
9467
9683
-2988
28977
-24450
10850
-29446
-11842
12576
-7972
-12239
11552
-23325
14511
-19539
885
8553
25437
26816
-11243
29972
-16846
-11692
-3253
11987
15204
20108
-3591
-22914
-6854
7230
16537
3228
15454
10112
-5161
-22213
-19675
29558
7670
-14401
6063
14376
-28485
-11642
26002
13570
31712
-18814
-27389
-4947
-4242
-24702
18096
-22734
22956
-16976
4141
-27147
-31107
1262
-30266
-7431
-12015
-24310
28003
23456
3022
4648
28278
-22043
15231
26090
17669
-17822
-22888
-12743
28135
16053
-22385
30699
-1463
5073
-29830
4009
-18260
-18372
-17177
24566
6752
-4167
-16285
10731
12737
-26741
30476
25415
-14882
-13133
15714
-8427
-6259
28211
-29727
-4444
-14437
-29551
-24777
-1860
27375
19629
-4968
-5105
-21708
-5500
-23817
-12756
-27898
-28111
32516
2877
-31871
-30101
-1977
1690
455
-13870
-8401
-25564
-31174
-20004
-21070
5138
-20224
-29974
20950
-17167
7389
-15017
3377
-13801
-553
-27910
17615
-14715
-915
-3930
13888
-8419
-32302
-24661
-22202
-21508
-10739
28844
7574
28165
-11325
18839
24275
-14923
9044
-13713
27284
19393
-11170
-32408
-30276
23848
-23623
25295
-26645
17001
24970
-29125
-21764
2390
4281
19499
-3150
27681
28325
-24152
21475
-17953
10948
-8514
-27415
-20102
-9357
-4926
16412
25138
-6645
-25912
-30647
-12002
-9026
3982
31459
26461
-23220
-12462
-16915
2215
4614
-9831
-25303
-6267
-27369
-20074
-19742
29265
-30096
19252
-11906
-6546
406
8764
14656
23399
5754
-28671
3769
-3390
-9760
11902
-14836
23371
-20305
3005
14875
-9988
12342
20549
7418
-30117
18657
21923
10627
28330
28101
3302
6733
-27224
-19001
-5413
-26640
4148
-29432
25079
-9258
-1417
-2212
-29178
25373
-11239
27198
-5453
-14095
-28574
-30640
17429
14921
-9799
25667
1276
10681
32060
-6441
-25517
3952
30748
-10229
30553
32036
-32584
31029
-22190
-32360
640
27385
-11405
4838
8666
19811
-9826
19057
-5968
26290
-32114
29052
9195
-6444
1832
-29117
-12309
18841
20368
-16558
-11806
-21957
-17372
24079
-3257
-6913
27875
25186
14719
-3235
14749
-7534
-13163
23169
22952
-17597
11612
-10106
10183
-16535
20462
9310
-12836
-12098
-16449
32759
-25252
14058
-23388
8507
-29438
-13833
-2501
-20306
17696
-8394
-1255
-2717
9391
4124
26247
18682
3536
-29372
7247
-13931
-25984
30348
27693
14674
-15936
-785
-17110
-13558
11924
17398
-4670
23556
-17287
-16417
4875
-15136
-5430
-9342
-25342
757
4122
-6166
31670
22169
-6507
-18030
-8741
-32520
23258
-2118
11444
-25073
16863
5312
-24296
12493
-29906
4166
-6502
-12901
22986
-17058
6997
32418
31108
-30947
-20644
6008
-31487
-8641
29202
3376
-2060
-30626
21707
7151
28422
-29887
17868
-416
-11821
-25174
31031
15474
-9764
-7975
-1233
22872
23666
30197
-27269
21128
-19972
-1035
-13023
32253
-20905
12213
6033
-3061
2709
-11970
15858
5491
-27359
-7433
378
-15038
17923
-8929
20040
20960
29536
-11175
-2972
-9512
187
11323
-5725
-16809
29883
-19348
21945
-8555
-12007
-8943
-8050
-1723
9428
-22847
-27444
-17662
30522
11003
-8737
8045
-7182
-7866
-26784
-3747
2504
-24508
19675
25376
28133
10338
1345
30663
29542
15538
-16132
-29791
6480
-29908
31899
8213
6442
22424
-1090
-17400
23938
-17645
24182
7548
-2152
-12395
25721
-24824
2545
-27595
24276
-19496
18102
361
-13263
-18604
20050
7881
9723
-7815
8679
-3855
-8873
-13984
-2714
-17797
8304
27972
-19
30745
-3500
29858
-7934
-18908
20217
-18254
-12172
-1412
19900
-10943
15347
-26603
-5786
-16849
-14057
31374
-2046
12100
-12845
32271
-4248
18491
9471
-25780
-32217
-22205
17059
-23781
23160
-27703
-24802
27570
23792
17401
-28296
5963
-26111
-13748
-31207
-8581
-3880
14339
-18259
21084
-18738
29407
30628
-2727
25128
16055
-5494
-3671
2083
10733
21729
-8658
-12279
30378
-6710
1009
16431
30935
-22947
21326
7483
4449
-7289
3271
-7151
-13496
-15279
6655
1026
337
10845
28637
8848
26148
20545
-15627
-27801
22830
29757
10360
-7665
14039
8150
-23949
-7351
13853
19563
-17715
-10541
-4614
-11178
-3272
2217
27793
-27966
-27967
-19264
-8064
-18942
32557
-12078
17370
21542
-8107
31567
-24681
-6614
-9940
27044
-10299
11851
8660
-18725
15038
26547
17321
-19003
-13355
820
399
31321
-23173
-9725
-19224
-23777
28860
1914
4331
1334
-5672
24591
15977
19168
-376
-6869
-30208
-29983
3304
1260
-5857
-19862
-18491
-27930
12029
-25293
20276
11850
-22923
-23215
-12316
-18953
11654
21772
25152
-4872
15405
-24088
19568
-26525
-8065
28906
23424
31809
-6346
2559
-10443
-13843
-16147
18868
12459
5460
15785
-9935
6402
-12265
-8864
-12535
-1972
15324
-15694
25399
2347
-10715
-3277
1664
1745
20408
15998
-9252
19866
-8935
15489
2139
-9336
-771
-19518
-21697
29412
-5193
-15583
8918
-30556
-10780
-13949
3551
16767
-13645
-16510
-1650
2974
3778
-12548
-2975
2118
-14703
6687
6385
-12392
-7889
-8771
12442
-6443
1736
1613
-13205
4612
11880
32004
-15544
12454
-1594
-4740
6303
-4063
21522
-14622
-14404
-175
31952
10025
-26453
29882
-3209
-5291
-24031
-9304
-18023
-2999
13648
18421
-9919
26481
22081
-3384
-25436
23091
30367
7079
17032
24012
-8014
-1589
22748
-28165
-15557
-20640
27562
11955
-8131
-26986
16827
7652
16321
-21732
-23260
23241
-24190
21440
30301
-24632
5758
-26006
10642
20266
-31110
-23394
1622
-18750
16162
31236
-20867
-23349
-799
-11455
30580
-5137
18363
134
-20942
-23172
-12258
-25495
7153
-4744
21798
17146
20568
-11676
4575
22951
-31864
-21891
30893
19907
-30006
-8
-31702
-7255
-21975
-6253
-6654
-19794
22206
-4913
11436
20327
27955
4489
-22156
-7649
-15472
-17635
19068
-24409
-20991
3115
17717
3213
5400
12407
8570
-28497
-18689
6482
10990
-11969
-5542
-29831
-11894
15493
26983
-18216
6001
25405
9452
-16391
-7239
-9615
-16636
1852
22211
-9379
-26887
11424
-9878
-5798
9628
-9811
-9170
-19784
-5875
-24375
8560
19517
16228
21875
-16330
-28608
24046
18673
-3873
-8971
-22705
-31199
16920
9952
-14196
30514
-28727
-26627
-11808
32030
26045
-14147
25503
-4991
10331
-16014
7412
-26283
-18349
23383
-17439
26118
6936
-15206
-14090
24645
23534
-23253
-17176
-28991
14107
-11961
27124
2905
-31620
-17958
-17476
9589
-14388
4467
15614
-22231
-20665
-4437
19551
17984
4695
-2137
-20873
-13539
-16753
-12376
25713
-17516
21487
-23952
22246
11123
21916
3170
-5093
-28406
25155
-32231
18525
-15909
13228
-21285
-32376
-23929
-25347
10148
12036
5420
-19286
2033
27634
-12220
-31771
6872
2157
15271
-2617
-16240
10692
-6584
-1250
-22039
-31756
-4588
6579
-15951
-980
15943
11213
-13629
12399
6577
9812
-24620
-14962
-21110
25329
-26376
-4666
11460
-8273
7908
-24164
30001
2212
-17525
2643
-818
-18462
-18068
-25774
19365
-13178
-8384
19935
840
-32370
-17817
30357
20799
-584
6503
-4498
-5185
-31889
16798
10157
27684
-26150
26914
24799
-6847
-18318
26331
-4194
10490
-30820
16954
13154
12297
-11882
-27894
15905
-25132
-29936
24543
30980
4216
11884
-11930
3096
-2272
30352
-21036
-13030
19515
-1512
125
-21403
-31524
21221
15483
10634
-21626
-1114
-23703
-32680
-17374
-29693
-8516
31502
57
-16620
-23420
-30075
14899
-29221
9019
-26575
-23229
-10508
7682
25745
20872
25578
21845
-8811
29579
-20584
7485
5801
27009
11800
-2758
16620
-31362
-16317
-7684
21437
-9989
-26339
4954
-19142
19980
5941
-28101
-24891
7844
-21601
32192
-14867
22906
-13536
-21244
10848
-4301
32674
-22158
-5496
23991
-19167
24624
-16025
20435
14179
8315
30739
-23737
6627
29385
24845
19908
-16280
-3862
-31345
31795
9405
25966
-938
15124
25565
12790
1202
-16482
27142
-15681
30516
-9454
31373
-8265
3330
519
6692
-11852
-9295
-8315
6433
845
-18993
-3872
24062
-8850
19750
18767
16345
9511
-24460
-28004
-28914
-30810
18984
-831
31024
-11936
21190
16539
-21032
23041
-19041
10723
27444
10042
30076
-15576
-26305
-29086
777
24816
12528
5990
23547
-10180
-20778
-3117
-18892
-10131
-31602
11512
26046
24744
31514
-17280
20810
-22926
19947
32616
19809
-13842
27961
-19410
6009
22429
10880
30604
4408
-11010
-27725
-28454
12862
-32663
-5557
-3931
-9748
-3608
-24144
19846
-5634
-6948
-2235
8746
-26520
-10687
10519
877
2857
15826
31625
28568
23115
-11943
-1944
1625
-2413
-26194
14720
-5874
954
-10631
-31493
30839
-32260
-4492
-5121
-6800
-5671
25626
30961
-7847
-18914
26092
-13687
5739
-10586
-8517
26328
-21071
6549
15463
-16393
9984
-24605
-17527
-22803
-26602
-11826
-12789
8493
18424
-31693
13529
19949
-25794
29944
-26590
10138
-30826
-12564
-29638
-21228
-27084
28387
13920
-3368
-22856
-4811
-63
-15476
30532
12629
-29496
-16989
27304
10671
-28904
24146
18273
-20522
-8231
-5343
10428
22694
27283
-25750
12671
1855
1458
-30848
15664
-5792
16771
-31129
23984
20663
10347
15970
24199
9784
16816
8544
20316
-3354
25599
-26522
7806
28438
-6119
-14110
-17247
-10284
2652
30996
5405
3893
-9801
-2262
-12786
13229
413
9347
-18547
-24806
14997
-20766
-11953
3682
32211
-24907
5501
1160
28665
-32724
26350
-12069
5170
-18982
-13535
-32744
-17065
-31444
14190
24805
-12047
-9236
-23423
14099
-32537
31293
24887
29902
28928
-11855
-2689
15445
-4608
22635
-22924
4685
1241
29271
24395
8252
22609
-25083
6644
1807
-28080
5094
-25474
16789
28482
9674
-28723
-5890
22233
-8444
-23818
7533
-1096
17653
-20046
19538
25577
-25044
-7689
-7952
9496
-17113
6794
-18284
-182
10475
28685
-4007
-21779
32621
-3838
12628
8959
23615
-18479
554
-13184
-15290
-24563
-25112
-9996
2816
15748
-2837
-26685
-29304
-32123
-14232
-1100
-5208
-22815
31466
-256
-24233
-1927
-3897
-2875
-30811
10800
-23646
-24239
16471
-16116
159
-21302
17219
-12025
24078
11653
21142
10432
-9045
-1780
2951
-2382
-8965
32392
-26476
21332
15893
17389
21064
19442
9132
18548
-22786
-78
-11027
-1716
31719
11279
-28216
28936
4390
-12259
-29741
28687
14163
6139
27558
22501
12938
-30078
-1282
14776
13898
-32562
3583
-9100
-30967
11620
-32466
3716
-13777
22105
-10476
26792
25630
-3196
6916
26467
7590
-14553
-3989
17827
27485
27714
22703
-2225
-15794
-9698
-2894
-23500
-8727
29680
-5112
28488
-15571
-29913
18676
-18823
-2959
-31277
-6505
27629
-31701
-18117
4066
-28259
26067
-32059
-13519
30166
-14042
-7789
-260
15030
11232
-6142
8056
25301
-22292
-21237
-12700
17393
7048
31650
12098
-21721
29779
19833
-1671
-3322
-6238
9017
-7047
23652
-23355
7366
-22277
30481
-12927
26843
32261
23674
-1735
-6588
27932
-11993
-29978
26021
17763
-6410
-2113
-32438
-8950
14609
-30541
17778
25461
-6802
29711
2881
31878
16727
-2463
-25838
-25169
17358
-2774
3369
-32258
-30089
4308
22278
-13387
-8636
2426
12412
-31711
21954
22001
-13543
1016
15256
31009
20359
1120
-22075
-28159
1070
25312
32560
17111
12240
5633
4919
-6138
16385
848
-11595
-12600
-24960
-25259
-16069
-27334
29414
20824
24504
-24832
20476
-13454
12307
-17787
-420
-6236
11472
5451
25024
-956
2742
16411
2185
-23576
30107
-6466
-5386
29143
16939
9178
29748
29287
10808
4420
-21337
28344
1849
-20384
-8881
-29119
-7366
-10326
10200
9972
29469
28304
-8270
4309
-16800
-15805
29686
-20321
-26965
-18448
-30616
-30366
32613
13566
16223
29971
-4036
-348
2639
-32496
-17887
-2049
-19808
-22003
13714
13478
17244
-31584
-19556
4615
1500
-22164
-13727
-30404
-31100
-4624
6353
-14304
-5212
5628
26703
-27459
13474
4767
16301
14904
1782
6888
17392
-32005
-20201
27068
4093
-21502
29806
-4311
11032
-27402
-9220
13914
10762
-13187
7143
-4166
14225
11617
-12232
190
-16366
26603
12824
-32458
-2917
20106
-21135
-26837
9407
-17227
-3238
-26416
-20425
18785
-9756
24205
-4051
16289
-15733
-29316
15922
11013
-26742
-6162
12478
4394
-14356
-28756
-25298
19425
-25041
-32598
-30306
30380
-3438
-12326
4708
18146
28279
2991
2055
-8222
22108
18396
23962
25662
-9969
-19998
-2325
486
-21742
20970
14992
4859
-31341
30520
14025
2856
31087
-2310
-16803
-30300
11863
16340
-6306
-18250
-12909
-6181
32112
-13800
11869
14596
20570
-11761
-15541
-27260
15059
23658
-7199
-27120
-29441
29524
31616
-22763
-23762
-24749
-6841
11169
22176
-8086
9958
6420
30842
-31122
-26089
30002
18697
-30883
-28395
30944
-19399
27136
17286
5981
-1402
-31979
-20557
12855
18198
6516
518
-18678
-4149
1367
16187
3601
30848
-14065
-18002
13769
-12084
-30822
23417
5825
14610
13689
-4517
-27777
-18143
-1558
-10506
-10741
-7138
18634
-32164
23531
1129
-19782
-7065
23620
-3809
-24630
-4372
9544
32530
-1497
-11725
-24569
7038
-1865
18225
-26779
-6437
-3155
7826
28129
30742
14360
-8754
-27687
-3050
1895
-16902
-11081
17972
8448
19406
10472
373
32464
-18159
4089
-17758
-29380
-2886
6113
-28154
22372
-8020
-21531
-19369
-21500
-5546
-30834
6952
-1798
16785
-25214
-30197
-30110
14169
-26267
-1473
7891
18318
31418
-13848
14914
-26738
-3860
-9669
-25992
-6011
-30308
-8599
21498
26675
-15173
18732
31540
-7708
-26182
23176
-599
23131
27322
29843
6279
-9787
-1334
27033
-23405
3496
-10775
-8649
-19894
18869
-1018
3510
23954
31511
-578
-10456
-31542
-29863
-30614
-3084
16218
-18528
-4112
-8635
-13678
10575
-16283
-7052
28117
-23549
-12860
-3239
26282
-11096
-30056
25549
20551
24427
-24044
-15664
-20844
17896
8217
-12452
2459
2920
26178
7204
-12186
19941
30528
-32333
-16373
-16193
27889
24801
15225
-22461
-31412
-21317
30139
6274
-17391
-29956
-29583
-24092
17034
4171
22929
-17145
15729
17514
27296
4591
20245
16473
18611
-31724
6065
10851
22765
26798
-9028
25085
16917
12212
9735
13542
8420
-22727
17764
17120
17703
-25891
-16401
-31328
-26422
30644
-29060
-3750
30934
25865
30664
8567
7163
-20852
-1806
-26906
-9413
-415
-23624
-13198
-18022
-28967
12854
10946
-24426
17233
6373
-15842
-25680
2191
-13489
25519
-11071
18766
-16229
2849
-25935
29305
-26482
-2877
-17698
15387
2299
7445
75
-20120
8282
-29202
28443
-13435
26952
-3220
-9095
-27171
-5801
-7484
7549
12860
23405
-15616
-339
-25684
21646
-16814
11348
26909
-11644
-11089
-29931
-2467
20768
21049
-27874
16437
-23831
-15396
-8208
-12285
-12693
-18671
-5244
28057
-6778
-25725
24120
-16050
9129
-4764
5204
32653
-29363
-14017
28014
32146
-6104
15879
18771
-4263
-5569
-6287
10812
26051
-25095
-20930
2653
30439
-16072
-4458
8946
15811
15634
8467
12674
-2464
209
27668
8616
29564
-19693
-9006
23465
-8782
-5978
14429
18069
-15558
-14655
9395
25856
8997
9717
-3908
-30629
-1268
14903
29608
-22498
3963
24228
-22653
25143
11338
-14913
-5602
-28875
20404
29940
-11260
26086
22351
-2570
10612
18040
-30838
10930
-8695
-16071
12415
13494
6631
6822
8170
-8932
-4692
-32696
-15054
-9813
4968
-8938
14198
-17803
-27493
3171
13527
-28990
23586
22691
18133
-22357
-12011
4001
6751
21174
-16288
-8462
27979
8787
-19950
11190
-12368
-21339
-13794
29010
-31566
11465
12114
27008
3023
-10621
-25885
14080
-17314
10937
15267
8761
15015
10056
9140
19660
-24272
-4853
-32415
10644
31398
22166
-27467
-12689
16892
-15773
-20910
15241
-7550
5089
28919
-21353
31793
-26787
-31216
32155
-18099
17877
15937
-26756
-6021
-23292
16234
3371
7107
-20726
-31994
12462
-23158
1803
-19907
-27675
-29320
-13530
697
-4354
-781
-15140
-5043
-28408
-14657
-6642
12781
-31253
-11007
-7948
27270
375
-16714
-9347
-22787
-30141
13000
-24360
-27082
16268
-3650
11432
-9742
-14156
-17774
9733
-24676
6090
5469
30485
21198
22297
32657
24752
28543
-2965
-1600
30675
31842
31613
31401
14496
-32678
20342
-17291
-220
-3646
21766
-6770
-10848
20762
28756
-21998
12807
25217
26575
13571
-23921
-29807
-22511
9477
19873
16635
-25735
18800
-25505
-15857
22111
-21298
-31681
22409
-31510
6380
-24349
11824
-23673
4383
-23647
-7882
-8082
29217
3473
19648
-1038
15011
6271
-3777
-5440
19433
9719
17438
7391
-19610
-29376
-17744
32082
-32361
3556
-30352
-32088
6124
31124
-23353
8939
-7389
30986
6932
-30246
-15586
-11667
-17740
14483
18119
25964
27377
23741
-25215
12561
-4470
-19359
-29127
-16528
-7136
-30740
23527
25830
9632
-12865
14124
24162
27359
-22281
-22858
-5951
27748
-28417
-20898
-13816
-7051
-28940
17752
-15717
-24235
-31177
-8061
6693
30808
-22889
-29383
30220
8737
15466
17056
-20138
25813
-18644
-30912
23992
-30220
-9677
8100
-26879
31998
27538
32410
-32019
9360
29582
-29547
26369
11065
-16657
-29923
29948
31163
29647
6484
-12505
12694
-19039
-11537
10897
-19346
-13501
-22772
21187
-17977
-30409
22746
-25903
-25690
-23237
16929
25404
31624
29659
23089
-7795
-21145
-28821
31984
-21250
4136
-32099
4940
-21051
-14611
14105
-6581
-15634
16125
-11630
13983
20130
-7885
-30079
-24837
13992
3885
19529
5857
-1030
-16140
18738
-9141
8002
-9244
8321
-30470
-21765
-22869
-30177
2779
-28828
3440
16098
-23106
26234
-365
-13688
26572
-3764
5902
-23162
21516
-28547
-28505
-2084
1051
6086
6426
5270
-22551
2430
-20319
1107
-29088
-18426
19651
2649
6
4611
9905
23149
-26382
-1107
-3847
-8441
15370
8747
-20697
-23806
-11017
-19650
-23190
3189
-13945
-12271
-8056
-15708
-25922
23279
-443
1237
-7829
24424
-6432
-31142
-30819
-2411
5603
26181
-26853
-7576
5648
-15972
14043
-12537
-4648
25117
-7984
-11311
-16263
-24447
25782
-11626
-28701
20571
-11946
13540
-27285
-14606
17741
-30189
28082
-1668
1686
20763
10619
28761
-15926
22494
-29571
-15226
9191
-4840
5884
1465
-27913
21390
-26838
-3210
-3007
-11783
-14342
-30600
19822
-3055
-29701
-13041
2369
-20166
25422
-23077
623
27108
12843
978
-8114
-24521
13355
9274
24250
10229
20249
-6552
13484
-20089
30189
16062
29254
7245
-31481
-21380
-1067
-20419
-1702
-10164
20847
-9111
21188
9661
-4765
-8707
12513
-11687
-5081
-16730
-23269
24982
26990
8497
7707
-12851
-2632
30949
15796
21802
5650
25922
19373
1464
-27421
-11069
30959
-2525
11692
-9089
-18602
20838
-1320
-462
26010
32246
18754
19527
0
-720
20587
7668
-9248
12128
-20059
31041
-8388
18867
-17035
10876
-32182
14586
30394
-14938
-585
-16395
-3436
-19409
18400
-8294
26049
-29735
-14870
-28467
-10021
-18470
-27502
7587
26594
3632
5712
583
-17440
-23721
25923
1270
4970
123
-3446
-3403
19248
29585
292
28999
25436
646
7780
18257
15731
-8499
4260
-1897
-21181
19975
-12960
-27207
-10342
-17782
9623
-26669
-26791
113
10838
24132
20440
-15570
31333
19217
27260
-24209
31781
-28040
28754
176
-10710
-26961
-10092
8114
-8861
-8633
16822
19015
18881
13004
-11443
-21266
18407
-21341
26315
-17590
-24026
-13188
-20938
-18524
-32518
-27418
5470
7217
-31741
30783
-4508
-6629
-15606
19925
-24956
-19756
3145
-29187
27992
6720
28917
-11442
3441
29790
-6426
17939
-15466
-9285
-21631
-21784
22987
-7949
-7670
31872
27398
-15186
-169
21847
6518
-23807
30576
8582
-18906
25450
9549
-11554
16903
9229
26025
5206
-17703
-31865
22050
10132
-11133
-6486
26189
-25247
16028
7400
17340
-19761
30426
-29498
29654
-6390
7251
30269
31937
24643
22854
-28423
-25902
20101
-13440
-28769
27164
-21405
-27441
26126
-27733
-6668
-21717
-1134
27721
5814
1644
18824
8491
-19297
10492
-1925
6457
-24589
-32563
24406
9039
16427
2691
-2904
16661
22283
16059
-228
14808
12421
-3075
14966
-15379
-23374
25470
12652
-5558
-32488
-20920
-18377
12769
-8313
-16502
955
-11593
-6394
4540
27882
-5448
10996
-18381
13339
30086
12944
-30523
-2944
-21176
9009
16255
10061
-25530
21374
-23923
25658
-27655
11233
-19928
-32261
-9795
25864
-32722
21997
16050
22120
-5991
-18743
-23998
21685
-16387
6061
-17013
-8300
-3831
-23066
-27912
-25674
2255
22861
-17361
-17814
4641
18750
31178
16341
-233
8057
1726
14993
13058
18878
28539
-21006
8143
15219
-2966
-11124
-11954
-25571
18255
-7574
-11770
-8446
-25613
30566
24651
2502
28804
-6804
-8715
4572
3690
-20371
24659
-30761
-9434
-28509
-30037
725
6638
30873
31313
4543
-31943
28157
-32462
-6110
10604
-7096
-24515
2783
31718
16152
-19947
-29264
-4417
-32398
19524
-23079
-19983
-9265
16017
-21817
-29924
26681
-2009
4036
19672
19332
-14567
29158
-22536
-532
-20168
21028
6677
28046
-336
14308
28323
10173
8597
-11763
-28635
-7438
-2161
-9471
14098
-5381
-26142
28800
5886
-15153
5445
22354
24622
-8733
-17362
30361
-4766
21171
4867
-21136
-30063
-30242
26237
-25849
4457
9308
-9926
29593
17049
-5067
30391
12060
-29138
-10074
14613
3399
1961
3880
-29109
-14586
2510
3103
1908
50
2528
6512
-1017
12653
-11974
-8683
14750
-25098
2740
28875
-14643
16324
-28045
13849
-7183
-24487
19898
7298
27470
-25762
16039
-29657
7756
29192
30534
27539
10542
-11794
26762
-23882
7002
21595
-25581
-10042
19961
-22626
20971
5831
8828
-6156
30853
25333
-20756
-7711
20927
14063
18232
29896
29218
-19585
-5667
-2070
32571
5789
-29012
6268
13850
-31706
-15628
15699
-467
8432
-11475
30550
-8705
17213
-29172
21284
24894
9027
7106
32552
-15679
-7446
-21871
7477
7507
30317
-8497
-26200
21395
31990
4258
-28573
-11844
6372
-22985
-26069
13008
-11579
-20902
11744
28789
8539
13496
28969
11506
16895
-22176
-18783
16492
8554
7331
-22505
28126
2092
14240
-18390
-22566
-20807
-17629
2573
-4390
-17001
-9889
11493
-31904
21703
1
11949
22462
-17144
-32571
-747
-3288
12557
-6511
29
-23012
6474
30461
-21159
-6004
10713
20555
22290
28512
3140
21569
13454
-19265
-18427
7884
-1899
21239
13521
16219
7071
-32127
-20325
14148
-9135
-12832
6369
29975
17985
-27315
-19660
12026
13515
-31133
-18855
30834
26622
-11812
-29174
10538
24018
-9973
4803
30574
-2048
13471
23064
-8880
19079
-19478
23944
11783
2603
-2353
-12455
10923
-19185
-16684
2958
4731
24229
9510
344
-12919
-9044
-29860
18087
-9542
-20947
-16396
2080
-23985
-23606
-15147
20714
-16678
-23641
8112
307
21046
-4698
-8111
-21676
-26655
30984
-18119
-13148
13441
-8791
-22339
-27557
7250
6613
-11968
-23967
-23358
12386
26161
-31441
2056
-5096
-972
-11302
-3064
30966
-27020
-13422
-6493
17723
21423
8924
-12805
-18959
26424
21897
-15815
3818
20590
-3056
-12538
29019
2417
17147
-13394
8270
18382
12550
-30298
-14769
-9966
-11024
-11732
7460
-301
17950
-4313
24087
-30662
2270
-17109
-560
-22462
-19632
21540
-15938
24872
3625
24121
-30327
11821
-23185
4400
-318
1650
-16429
32371
-5005
6126
-23058
-17000
-29031
-11719
-29569
18413
-29146
10207
17652
5211
2744
30190
-2259
-20831
21867
-15686
22911
-2364
-20218
14316
-2134
32687
6865
-11466
11015
-3850
28871
-22196
-14641
-11836
-19502
-20232
-32120
-29378
-23855
31918
-19406
-19771
-2654
29656
6889
13064
-1330
-2745
-21411
15570
-23687
11
-11129
-21761
7964
-12682
3853
-30277
3606
-25206
7333
-31249
-24444
-4629
-11945
-30491
-4281
-25135
-30249
12254
-18717
3472
9556
4377
-19548
-28298
10754
-16461
32013
-5489
30764
28460
28445
-25710
386
2713
-31595
-3724
23772
-15767
5052
-23530
-9699
16205
-16756
-530
-10093
-25160
-9340
8498
3093
30456
27073
-28315
15918
-20915
28484
-3836
16965
-9157
14454
1013
-31580
-21950
-1441
-19259
-3435
-22486
3723
11288
-17656
9151
11131
-23057
-21163
-22641
-4912
26068
-10405
-4606
5760
22243
-22875
-21269
-10898
25069
-20565
3128
-13307
28974
-12953
-15268
-23508
-30594
-4851
23414
12401
-5172
22730
-28429
-17637
-32581
-4397
32693
25447
31092
-27529
26320
-1393
22797
-19818
-28736
-15952
18023
14655
30104
-23048
1063
-24577
15350
21497
8224
-14947
-5975
-20901
1610
28655
8657
1810
12651
6806
-21995
-23558
10350
24975
-17808
10954
6368
26581
31889
-13992
-370
-19110
29472
12915
27769
12294
-4181
-22271
25914
15532
-2468
31862
-3405
1157
-4799
24265
-24463
-19107
-25649
9042
-30224
-2734
28638
11305
11185
5578
-3316
-25244
29842
25145
-20943
9411
15349
13020
28894
-30542
-4939
15238
-263
23061
21444
-3314
11838
28360
-29610
-2193
-25064
-23910
-7168
-26773
16885
10738
23670
-4860
-18765
-30574
-25300
-6153
-7938
12027
18043
-28717
-935
-26976
-25442
10363
19957
-7203
3141
25229
31376
24516
2815
-5162
-13365
31458
8177
12983
17253
15239
1929
316
19381
-4862
30319
23208
-2178
26744
26192
-9994
19304
-2951
-7259
-5658
-2764
-13987
16327
-27056
84
-8617
-75
-20554
9302
19620
20362
27580
-26832
-6419
16054
-6078
11806
-13788
20791
4902
6828
13768
-12571
24944
7880
25764
10643
-26407
19904
24949
1635
24417
-21105
9658
8534
17520
20623
17409
25788
18229
22775
-29963
30821
16115
-30218
-22333
-14050
27602
-557
31010
3082
-18781
-3655
29670
25464
-28933
22598
5596
-3228
-20891
-7416
341
-30827
14300
12441
20401
-9162
-21407
5433
-5100
25456
-20618
9240
-21389
25020
6205
20384
-595
32045
2634
2669
18039
6949
-30910
-28452
13612
-16356
4367
32479
15297
-16081
32555
-15786
31385
-21969
5334
9897
31597
30237
12500
20605
-30093
-2506
-3528
-14120
26829
-16313
7045
10199
22082
29814
-10414
11957
-16898
-17843
-17060
27394
-804
21564
-28106
31763
-5657
29319
-15055
14765
-13076
26743
5253
14358
-28565
-30980
-23522
24587
3802
27822
-26499
-28088
-29230
30835
4209
-4964
14896
-22471
2568
16022
-22136
-5086
2833
22480
8873
7699
8529
-30559
27271
-6472
18349
-14423
12986
18527
-14640
-5902
2894
-29891
2950
-24479
29233
25823
22914
-11369
-17848
32152
-29837
18203
-21000
-23652
10867
11508
22401
-16161
27206
17860
-3726
-15923
14451
10863
-20527
-15262
-20526
2408
-28044
-493
-19924
8641
30923
8683
-22731
-29129
-6988
1702
7442
18830
-26277
-5985
19714
1831
2704
-27299
25685
15659
12138
-29879
19116
-26935
24757
17962
-1547
14956
1942
23119
26606
-30040
-30142
-5990
32231
-5329
7889
21377
8790
27174
-12736
4719
19290
-27936
19557
-5068
16346
-8731
9003
30817
15520
-4942
-6167
-10690
20635
-17727
727
-26619
17361
22835
-28629
-3009
26030
-21233
541
3911
-40
-30466
-19077
-8951
-9992
-28868
3322
-17092
9105
-8612
-13959
26337
-12820
13210
7519
-7657
-17569
-19057
-12134
4726
-15425
-7479
-16770
4514
-11434
20843
13858
27228
32044
12780
-8217
16146
-13915
-17696
7227
-8608
-12369
7885
29206
12390
-21677
-10951
17021
22426
12713
-9266
4848
-23384
2295
16794
20666
-25808
7584
-7660
27135
10418
-8260
32085
18410
-19544
-32631
4435
2659
-28569
3011
-12560
-7103
10048
-20806
-29786
11711
-14540
4795
8934
29174
2028
22393
-2358
19832
20941
8046
-4643
21360
25602
-10947
-17344
23104
6924
-27530
-28708
-6233
-14233
-26081
-7252
-14180
-3068
4454
32620
-22958
23311
8528
17076
1449
29381
31638
-1308
-23267
30743
-11247
2574
19013
13014
-19454
3966
4433
21276
16414
32174
23682
-22868
-20392
-22460
20706
-25848
26560
-10107
-21486
-7704
-15662
12759
-12400
21079
28291
-13542
-10066
2267
-3286
14524
-20698
1938
-27582
14052
-25189
25293
-8936
25681
-6540
11761
4594
-22141
14478
14821
28876
4326
-24581
-23883
-19031
-28601
-12394
3381
-25588
11683
-23062
7768
29432
10706
-32536
26534
18617
-8320
13235
32755
17841
-28003
2875
-7603
-17781
-26969
-3993
-15725
-30884
25936
20654
20035
-31350
-11910
21450
-13880
-30691
5508
-11351
29648
-12781
26423
6064
-58
17474
15794
-10611
-32009
-22034
15018
23044
-14006
-12434
-20985
9479
-14108
-25979
-14314
26619
1417
-26805
-12377
-26364
-26889
-27336
8339
31770
2690
24812
-14762
26926
-6210
15182
-575
-8327
-31726
25819
28298
-8766
12600
17184
11528
32046
-27175
-26659
32087
30433
27037
1728
19001
-31014
9236
-24719
-2571
29263
23284
19127
-11918
-19326
-17999
8193
-9356
32093
-30886
-6682
-1681
18915
-12405
-31308
-8038
8663
-20114
-25227
-31634
-2252
3046
6430
-13397
23478
21706
-14056
18017
-3551
-20418
30608
13230
25072
-3543
-30053
29173
19579
278
-21465
26933
-783
-31233
562
28591
-27479
23830
-17649
-24939
13830
-23286
-1854
-4294
14906
-9380
-11046
24901
-28818
14532
28029
1871
-28192
-17498
-23214
-5319
3621
14612
30201
32614
-19792
-30868
27898
25
-15467
27519
28821
27683
11738
-3278
30460
31753
-26330
15560
19440
-232
26404
-4507
-21859
-20063
-9784
-6193
16541
-31997
-2577
-14170
-1002
22132
21229
8777
25884
4121
-10703
-23319
4102
5477
16126
17727
15618
25207
-30852
18465
26476
-28303
-12464
384
-5157
-9876
1173
2051
-10257
-30607
-12936
-15799
20121
-26926
2214
-12939
28714
25420
-5843
14516
24897
15261
15814
11819
-19141
17919
-12288
-22282
16395
-8350
19969
2933
-4584
683
-13936
-264
-1480
-14077
-2287
651
11906
-15356
14838
27285
-21993
-16376
1040
-10157
-18801
29954
-27346
-8981
-19825
-23343
20469
-13651
-12197
-26391
21683
-27052
-14424
-8699
-21443
21387
-24593
-10117
12245
-26153
14184
-25023
28544
3537
17924
5783
3251
14484
-31007
-2385
26438
-25611
-20855
-1368
-27728
-9270
1593
-1902
19051
21277
5634
9829
-9043
16738
32639
18271
-32329
-29002
-8228
-17510
-7824
-8512
-4775
-16100
27123
-7555
553
24382
22189
-12663
30185
7361
-17452
30724
8379
-30416
1734
29170
15003
-7749
22298
9675
20329
-22268
-14569
24158
29032
-15958
31038
-31679
-8631
-9905
-17729
25852
-20578
-28929
8588
31030
-2399
-5700
25265
-2043
6875
-20462
-29116
3181
-16358
8464
-1358
-28666
-14484
-6096
-31135
-9444
3450
2989
-19554
-10101
-13853
-4434
-8333
25431
13444
-15371
11482
18507
16818
18008
-22055
12956
12023
-3307
13273
-16089
35
19596
-30156
-21334
27994
11607
6787
-29973
-6388
19147
27344
-8903
-4352
16483
32203
-23863
-20621
-12877
-19221
23570
-31451
-11637
-11125
-5366
-13953
-26919
22607
773
15578
-21128
22781
8569
30852
-1216
-23182
2238
19017
-13627
19973
-2609
-26057
-2293
-10146
21285
30267
-13787
1454
-29991
-8858
27581
-28534
-21226
-3108
-18125
-23235
23773
21027
-18302
20780
26122
6715
23532
-11073
20150
20341
-9585
31046
-21040
-23020
-24863
-13632
10455
-4228
-16860
-20762
24321
25424
2855
16314
-16277
-18168
-26643
-31278
-32509
6068
12181
-28686
29341
1822
-22822
-21912
31139
13121
-3630
15227
-4706
10728
9942
30296
17126
7456
24761
-23986
-20593
18289
19364
-2243
23824
-13415
-28810
28937
-7992
18195
3072
199
25664
-20619
22720
12675
8933
-13925
27175
-14985
-7620
10560
-5814
-20327
-5603
-27452
-29333
28272
9853
23051
-16185
6370
-21419
-3079
286
-17468
12405
-21659
-2494
716
17930
18299
21371
13065
32670
-2690
12496
20715
12334
4778
-27821
8735
5942
-22106
2853
-7068
2065
-12105
13326
8434
-19735
-25548
31106
-26964
-17428
1169
6955
13046
25844
-29238
-9182
-10330
-16207
-21008
17557
27462
-13343
-17911
-12013
-17221
6213
8905
23591
-26372
14635
5245
1156
-8368
19968
23582
-4176
13588
-15190
-8869
-18393
30204
13180
-22000
-30961
-6361
28834
-1104
1592
-28691
-29386
-11684
19867
-2616
12498
-16017
10106
6947
-23483
8835
-9459
10268
15368
18212
2556
-17870
17601
-14529
-20047
31434
2549
19661
-7148
12802
-18226
23645
-23957
30222
3755
23889
-13204
29418
-15370
11802
-17007
1526
-9959
28386
2739
-30032
-18397
-32439
4304
20501
-6405
-19860
18471
1468
-22111
28203
17255
19073
-26361
24691
25992
-12827
23855
-12946
-24295
10433
2044
-13428
10672
-23940
-13895
31421
-1449
-30090
-22269
-1888
14705
-5114
-25294
-21654
-21583
17249
-16819
-23344
-28305
-32624
-30188
-8288
12295
28542
-10874
14398
-26246
12546
20902
-22599
11366
-12828
21368
31193
7941
7181
19521
-3256
9538
-19899
23314
-14732
-17923
-26158
-66
13409
-3759
-24342
3052
-7973
2484
14146
-7279
-31790
17667
11562
11500
-12465
-26767
-2406
13259
5964
23762
8829
-328
3485
29425
20147
10289
10005
25299
30057
-4975
-31862
-21346
-19840
-16199
-23654
-11540
2804
-5813
5951
-6408
2592
19830
9627
4675
-7988
-25734
-28399
-5356
17282
17308
-7158
-4020
3994
11066
-17697
-32359
7042
-5378
23267
-18311
-26542
9941
11238
20519
10940
15685
-29277
-25852
-24591
-16331
-1247
13122
30971
-15183
-11746
23657
24984
-2796
-30588
29284
3474
-26621
8846
24891
25134
-17131
7258
-8900
-31670
271
32117
-20409
18704
25916
3489
13119
26228
26922
-22195
24377
1232
20304
17457
7799
-29311
14768
29955
12875
9305
28473
-16736
8075
-19637
-7855
3162
27352
14646
-5713
-25362
-8366
-15505
-18542
986
-27862
25058
-5144
19656
26430
-2121
-21623
-22406
-29857
3426
15844
-15985
-16267
31592
-20499
4050
-24962
-28667
-2389
27527
-22100
31369
31676
-24928
-3616
14177
1436
-3236
799
6838
9922
8281
-6338
-11848
19707
-32409
-24999
9803
-9965
-8940
-5094
-6762
9482
-19750
28234
10523
22109
30073
-26509
8043
12360
29429
4595
16488
-3485
4482
-8783
-4562
-30913
20883
-1836
32224
4505
-20212
-28116
-25699
-31321
-3407
-29406
17140
-15042
3290
2768
4320
-27633
29793
11392
26539
26460
1459
-316
23559
-4163
-12035
25045
-20040
-4776
-3434
27934
13545
466
32611
-11888
30471
-1739
-18253
-21545
-22244
7905
15852
30249
-27750
27177
-5353
-27732
12182
2551
10574
13586
4898
-3944
-27602
-11994
31192
-13939
-20354
31286
-17772
2239
-22809
-5839
2441
-24713
25102
-10978
31059
23262
19408
-2128
30974
4490
30881
27802
12883
9340
-18864
-30590
23307
-20784
-14541
31886
-14326
14767
-30064
-18935
25574
-3213
27610
-16143
20978
13957
22419
-9364
18865
15605
-20261
7617
10333
12384
-20932
-29249
32484
-4949
-16474
-4950
-1115
-563
23466
-18711
-17613
-13438
10984
27587
7375
27713
-15500
-11164
11498
-4940
25903
-3779
17051
29824
21507
-31689
-8275
-7038
1422
22127
28570
23102
853
19929
21304
13359
-25110
21671
-14618
18920
-29784
-1957
8763
-30161
-371
-6325
2470
32576
27746
27550
8791
27148
-22723
18922
-21293
11537
5462
8552
-26989
-5762
21162
-23357
3410
208
-3976
-8666
17261
18843
-30115
-23094
-17069
12483
-3451
4739
-16802
21611
-7732
16649
-25630
7490
12542
-6627
-22500
1023
1091
-19908
-24217
-9869
1783
21130
-11756
21597
-17642
-5464
24851
-1538
4323
20944
405
26362
-9017
18221
-7942
20609
-31103
1138
-6359
-11623
-11291
15352
-7910
-29564
-12840
16273
-1095
-16270
2866
29091
-15397
10194
-889
9150
11671
4422
8825
-24137
-13850
11962
-23851
22263
-20566
13802
-23553
-6750
18437
24310
2725
10228
-5539
29293
-4375
6501
-7102
-18902
4516
5436
-3649
25093
5014
-27462
-10104
26797
23339
-29367
-30498
5478
23366
23776
30350
3983
-25099
-31234
-14289
17630
-10700
-18962
-3121
19615
15650
15312
18261
8756
-1294
-60
28490
-13573
27965
-26995
-14335
-12671
-9859
22482
-30152
-24915
18556
8156
-6216
29655
26842
-27295
31759
-17209
-16388
1722
-11154
-20452
9374
17298
-3305
-4214
23175
31901
25392
-17678
19114
-5349
-18197
5721
-12411
27627
31036
783
-24062
2944
371
13060
3504
-29555
-17260
-19565
-8537
-17736
19276
28187
16419
-31136
-19595
4379
-19278
31172
24692
-22017
-4279
-6268
27959
11641
-10095
-20071
-13236
20012
6374
30334
-18152
-13768
6305
17237
-11723
-23488
16387
-24237
19996
29878
4537
29467
26352
28471
6736
-9228
-21719
-30515
-2744
-14200
29736
27701
27115
2310
-23252
28790
9207
32598
22715
-13673
20784
22113
29346
-5898
26222
-10950
-17721
-25669
26848
30265
16881
-12357
30105
-10546
-31483
-3151
11285
30895
16021
24721
16110
-32032
-16812
-10845
16132
-16217
10746
15121
-21014
27786
-2228
-29028
-10179
7647
2898
-24301
-9012
9321
-3134
-29539
-7685
-5231
-4345
-12712
13202
-28377
29507
6671
19255
14843
15028
9271
336
-15135
27489
15843
-17077
-24282
14211
5145
21922
-22085
-23033
16805
-31799
19835
196
3477
9975
12831
-18313
-14779
14153
-2516
16914
24878
-20986
5837
26314
16826
6168
-10571
-29611
27035
15492
21699
-1462
18325
19645
13965
-3600
-1796
-2042
-8101
9000
-7288
3123
11682
-6564
-28151
1015
-23036
-11519
-27709
16091
-21479
14119
12911
18015
-3049
-24899
22178
-27514
24096
27149
-12980
1265
-12542
10470
12250
-2250
-18229
15117
31007
-19301
-28962
5315
-19922
30597
10406
16365
20486
20690
26533
26261
25361
-1623
-3721
28009
-6670
-23228
-7739
14893
27954
25215
13851
24797
-3536
29365
7733
28982
14444
20308
-47
-12475
-10675
30565
5083
20331
-21164
11547
-15873
29004
22655
-10222
8908
-12028
792
2124
-2500
-17171
-15383
-18677
30458
-13658
-16686
22046
-29082
9355
4067
-19076
9022
-2050
-3269
-6723
-485
3974
21362
-17018
-20427
15984
29658
-31677
12229
7783
25275
-20736
-811
18616
-6621
-17706
-14454
163
20727
-14988
-28945
-14059
-31847
-17847
-30132
-19376
5347
22072
6529
8548
-8563
17491
22500
30654
-4226
10961
23097
-6752
23935
3524
7828
13249
28589
1864
-4157
-19119
9328
32310
-13518
21600
31449
2766
-6741
9626
-2884
-18665
24597
20671
-15385
-6936
-3638
14388
25567
-30002
26691
-29920
25541
-19154
20397
-19633
21021
-3542
13894
14615
-13531
-8390
-32136
19483
-474
-14666
-19962
27800
-24684
29136
1388
-27189
29828
-14012
-27741
-4728
-16598
-12630
3923
14090
3415
6729
-9558
21956
-7206
32630
-18458
17887
12857
-6615
-21276
-3404
-26174
8854
17617
-25002
17563
19856
-30979
-19991
-2668
25031
-6081
-11287
22097
-13280
-25566
26130
32496
-12454
-18899
-31089
-23633
-27403
20481
-1295
-13985
5580
-10320
28027
10050
-20750
10017
-5506
-25856
21973
14954
6618
-312
-15329
4966
-31708
-5488
-18346
31820
-28657
-23073
28275
-22761
26524
-11934
-4649
-682
-6477
-10397
-9991
27281
-10061
-28229
6397
11702
27414
24047
14888
-14369
-521
-22774
10787
-32745
2621
-9933
-12638
-15526
-21549
-12918
-28276
16796
5029
8505
-32025
-26506
5635
931
-97
-32188
-3659
-2887
-30742
-30569
1571
-31522
-8488
-12341
11521
-13500
27591
-17633
28339
-713
-10548
15983
13630
31897
12773
27147
3834
25109
-22211
-4
-16349
6210
-18444
15579
26840
17327
-14398
3270
421
739
-27412
-2652
31393
21032
-4141
-15162
10062
18957
30093
22145
14546
-28133
18972
18549
2630
28710
14175
29223
9099
-24537
32503
29778
6602
11084
8093
31742
-10609
403
-14066
-14249
-26844
13426
19555
-11569
26849
-32449
-20022
-25901
-12004
28195
-1569
-28581
25642
-22274
-25605
5242
9324
-1755
17307
9378
-658
21219
27677
-22770
-6474
6688
-27583
22158
3674
-13282
-18684
20760
-21121
-23350
2644
-16769
-9986
9502
-17190
2635
17661
-1919
26856
-17595
-19721
-27973
-27978
-31559
14829
29251
-4879
3360
1420
8329
24507
31296
-18606
32637
24968
2910
-30586
22855
-11566
3658
9838
-29598
13878
13644
-13070
-31020
26006
-25104
-21311
30729
2085
18041
-21576
-31886
8062
-26338
29278
-25318
13618
6681
14017
17537
24375
-16113
-8967
25324
-15066
-23166
11847
24596
-12871
-12433
-19434
25501
2889
-7744
21425
24141
16612
23078
9997
8619
-67
4957
-32504
27590
26420
29800
1178
-12137
9404
-716
-15949
-21167
-23096
16208
-19770
17269
-26980
19435
23831
-11805
-32300
-27877
-21875
-16289
-32351
-3978
12031
-24385
-31792
20651
11794
-15615
-14520
-4893
11556
28706
13938
9785
-30547
9652
-23485
31835
-13025
-24323
9566
-29027
23476
-16420
-26875
-8503
28267
10145
-20031
-24561
28734
-22503
3547
-29982
16673
-13064
20747
-18144
-21778
-11809
-16416
-1694
32309
29068
-21323
-13527
10197
-2234
25335
-25484
-14301
26094
-22721
-31939
-30828
-21081
29951
-26530
-74
-10707
3255
-7220
-77
1639
-193
-10606
12162
23155
5299
-17162
-19280
-3935
22181
20866
27753
-6418
-9797
17163
-28737
-31712
15229
-10186
-18721
-9567
-8598
3063
6594
19085
14367
3476
-23407
-24430
-15713
4483
8769
-5534
-28247
30570
-108
-28939
-14235
4062
6477
17031
-32033
-25812
-7533
-1256
-912
21040
-30872
-18355
15358
-31244
-26598
16213
-26480
30659
6536
24520
13661
14380
-21268
13407
27837
8974
-27526
5422
-1523
-28093
24947
19198
10736
7535
-8533
30510
-3356
11814
-7261
-9800
22007
-19820
-25037
27945
29521
-23191
-16244
25185
26978
15131
10092
29142
-13381
-1266
-24690
8500
22524
13592
28776
-20073
32295
8275
-30297
22366
-14949
-2791
-5205
-223
-3892
31249
-14634
-3629
22812
-29940
27968
-4011
19382
1259
5105
21737
-3822
4976
31495
-3069
21962
-11655
17087
-8147
-26835
-14298
-20989
28577
19637
26496
19237
-27407
-32477
2692
23752
24124
7518
-10391
3356
16689
-15214
670
-4273
21826
-24038
25118
17267
29198
-28187
14421
-1267
25610
4655
-23322
-1612
17936
9031
-29926
-10253
-1562
20530
-1029
31717
5156
22089
32556
-10749
14644
8069
25946
30494
-27358
8211
29326
16854
-22657
-23375
-26120
-27764
-26594
-24090
-29871
-7178
-30631
5464
-21388
-5872
12765
-21069
13120
-11221
-1475
21848
-12144
612
-32347
-29426
19770
-9930
-27311
9902
-5034
30258
-16512
-26993
18494
766
20028
-28190
-11765
-26932
-22805
13436
23508
22780
31619
-23480
-9060
12582
-5055
1249
-1842
10657
-16969
17771
16719
-3589
10669
-22990
2058
5779
-18275
31247
-6949
24621
-17243
-24742
-5134
-31169
27755
25551
30173
19720
-17431
32509
-27607
2265
-32443
23390
-22208
7293
9837
22819
-22862
2389
22692
-6783
-2139
-29705
4156
10796
-18421
12774
10507
11507
-11506
-16621
-26442
24890
-8839
-18797
-9407
20026
17532
27040
-13261
-1858
11673
-3378
-15363
-1069
-25202
-15127
9359
26364
-15442
-1146
-18326
24433
10589
-27657
-14623
-4258
-19466
-7819
3059
-6900
-18340
-19774
-13038
23529
-7522
-12577
-20929
-2484
-17185
-18877
32170
14702
4014
-19417
-19527
-19773
9005
26796
-26459
710
3959
-8048
22442
-15943
-12185
22579
17559
23359
-31768
6312
29289
-20895
3012
-5326
-16941
-2939
-28740
12627
8504
11805
5925
-4589
2277
-8602
-29226
-18291
-10697
31790
12889
-15393
23733
-30334
22039
26269
21808
-2471
10712
9289
25926
12710
15563
-31655
1217
-3474
-15885
1095
26974
3357
-22716
-17121
-15635
-5124
19269
-10203
3956
28991
4760
17931
-3691
12230
29328
4264
-6652
20237
26346
-7868
16906
-31379
18802
-20663
-23829
-3088
-30940
10784
24871
-14710
-6742
12683
-10431
4989
16801
-17066
-19325
-11225
-3208
-30805
30163
12607
21108
18294
-20576
-16315
-14977
23908
25940
11269
3370
29749
-27321
-15899
-30649
-32187
13857
32355
19280
-27601
5690
-17760
2852
-27795
-15309
-17996
8774
-31807
-3588
-29351
-26420
-17975
15438
26196
-19949
-3294
-10779
15991
-4422
-15146
-1575
31578
-26220
-25736
-6178
-5788
-4132
17330
-32736
10900
-14589
-2985
14147
-803
10518
1758
30075
11461
4291
-7888
8395
16102
3280
-21840
16261
-878
-20323
-20136
-321
-22440
22820
-4550
-11608
3780
28608
-12988
-8554
-25686
-9318
3390
24537
-32470
-27213
-11851
-542
15660
4853
17452
-12783
-22464
-19016
-2346
-31306
-14439
-25527
1181
16654
15547
6026
2773
11602
13342
8621
28524
349
-4914
-21391
17955
-2994
26439
21035
-15439
17738
-23078
18045
31688
15191
-19813
24940
-6113
-16043
10790
-17306
24582
-19123
-2280
18615
-22342
19885
-27957
23551
2177
29118
20156
-12886
12877
12832
11837
-22255
21245
13330
4993
3212
23613
2664
4869
-5850
19086
22016
9070
-11152
23454
26609
-22963
32708
7914
14513
-28290
15343
13087
32072
-10940
30801
20042
-20333
30592
30033
-27753
-18571
26652
13367
-4557
5747
-30227
-9016
-24252
6622
26121
18388
-9108
-5078
15310
-14084
21518
-16111
21318
-13504
-2071
24350
-5373
-5905
-11668
31498
12820
5922
5237
6978
8963
24630
22034
-17155
-9709
-19067
-32015
19214
-6806
31971
30964
-3304
19366
28845
-8600
20337
9917
9480
-10156
6248
25402
31284
-21416
-1883
-28421
16888
-21190
3813
-10359
1482
-15161
-19432
5255
4357
17435
-18487
-15574
-7048
6705
-11338
11690
-14727
-3464
-10549
-8070
3086
30148
23576
28493
-6314
22237
158
-9836
-8571
-7930
4188
23065
-28397
4538
-29057
19354
-17270
22495
-21303
-18121
-170
31967
-24490
7999
-23713
-21414
11920
5898
15362
-23410
-5974
-22364
-17685
15491
18419
-7777
15469
14779
3099
-9934
-751
-23038
-27272
21380
23625
-11483
-32198
-18535
-18909
1969
11976
-18151
15674
-31551
-1047
-10756
-19728
-3734
-21476
-29589
-11760
-10486
-10551
-4788
-28431
24357
-11289
26341
15536
-6846
-1812
1231
2497
-24618
9641
17908
18093
6223
-31647
-31882
12689
8586
28199
-4561
-1352
30512
-25939
-11832
9770
-32001
-24893
5056
-3741
5659
968
28345
22706
-21086
22990
-24669
5336
17037
-29394
-6616
3906
22577
14046
21512
-14519
17183
-22449
22425
28726
-13140
9771
-9592
12067
3283
17753
-32153
-6739
9266
19403
-25911
7158
-18113
18999
-18481
-29692
-22683
8489
-30999
15521
30435
23769
-29625
-21106
26698
5479
22669
-20422
6928
6568
-32446
24709
15611
2540
20977
11896
-12068
-255
31821
-13836
23141
-32656
23808
28884
-11740
-24242
-3770
4101
11628
21086
-32304
18169
-31727
-4250
9644
-28470
3236
23094
-834
905
25795
30847
29992
-14063
-1542
27213
-14665
-6391
-17993
230
-10251
760
-14143
6750
-6273
-11995
4182
-12829
26206
-10098
-32385
-14081
22687
11676
-8493
23948
-4062
-10277
-24015
-27649
16159
-11789
20250
11539
-7135
-14068
107
3521
-22401
-11123
28124
-31076
16093
-1450
10091
-11688
-21588
-7097
12472
17455
-12937
-9405
-24131
-18385
1242
-7664
4684
-11296
-2696
-8813
-5641
-28712
15925
-10228
-23007
32631
-13574
-21680
24768
7563
16241
30131
16040
1228
1553
20506
9811
5587
21858
15020
5592
3877
-15940
12662
-2756
19398
-671
3435
10143
13629
-1136
-3939
20986
31266
-12246
-23047
-9010
19172
3317
-20313
9118
11408
26729
4249
-22769
-16511
28946
-18396
14407
-556
-9765
9459
6983
-14993
19891
5178
-29760
-8338
-31948
6022
-4816
29751
-30437
2161
18355
28099
-23433
28897
-25045
-8894
-2630
-163
-3458
-9086
-17845
14556
12954
11004
14669
9396
11919
3307
32143
-24167
-24157
12768
20641
-11865
11917
-21424
27664
-21363
22093
-27637
26443
-31137
-494
-12943
-16469
3430
11296
-28504
20739
20175
18574
1443
28902
-4485
2324
7986
26867
-26626
14409
-22410
21261
16164
26820
-27457
30946
-5396
9684
14864
19470
-27987
-2466
9198
-24647
-18729
29029
31318
26865
-10280
-19311
31337
-30473
31143
-15070
-298
30876
-1105
-14653
13950
-789
-9580
12997
-5964
11073
-10825
3320
13362
-26948
19429
-1310
3672
5688
-6374
12269
32230
-26498
-5733
23751
5702
-23800
10407
17704
-16452
-13319
14457
-24573
-31737
-4981
-963
17276
-16978
29834
20244
-24991
26142
4126
1681
5215
-10294
-26516
4546
23748
11989
-22317
-19482
-1023
10801
-10944
-9029
-6102
5267
18580
19773
9541
379
-25355
30372
19678
6237
26125
21992
-24362
-26116
23518
9906
12367
-17526
23866
-14088
-4674
-30285
-10887
-31621
-22395
-25286
-28145
-16553
2423
67
31206
23895
12087
20169
6040
30038
25219
25983
-19411
-32317
9693
-80
15850
15592
-11509
20767
-8330
-16715
20125
17813
29875
-27842
-9696
-25003
9453
7772
13464
-11727
-5424
21598
2102
27727
24939
26956
-14522
16634
10230
25142
-16703
-16964
-1808
29586
-31858
1392
-11210
26391
-7150
-6257
-28195
-16268
-4104
20229
25149
20143
24160
-20781
22843
13627
2141
-6436
-6659
-32516
6987
5953
-21326
10822
28855
-18576
-22673
15716
22697
5417
12742
28910
14486
-20226
745
-16830
-29981
17369
-16305
-15871
-6372
-29403
21541
-2209
26959
22294
-6274
-6797
21693
15534
9201
-5576
-18248
-32151
-27166
17744
-1155
-11181
522
-26871
-20093
-16740
6863
28242
-2487
-22570
2561
-21762
-15614
5373
19952
-18337
9678
-15435
16740
8255
-21318
12000
-1801
11905
12153
-18543
16757
8837
4883
-29578
12204
30932
20336
15665
-28089
472
6553
-13216
13493
-16496
5207
24823
14526
10909
-3769
-32185
-28532
21137
-13134
2159
-758
28289
10747
17996
-15138
-2349
6935
-22757
-5793
29766
-14804
-31009
19243
27890
24608
-8186
29998
10471
19274
5660
-3926
21878
-14556
23170
18452
-27199
-27837
-11355
20478
24385
-28638
-19796
1694
10196
28109
27552
22881
-15757
28412
7004
-7802
6377
26821
32164
2289
22085
13189
24598
-26727
24712
19964
9491
-15865
9469
-29409
19240
-2925
-9447
16103
-5016
-622
5667
-8025
1462
11883
-3158
-19941
-32611
-27735
13749
5663
-22189
-25532
2616
-2509
9584
-3415
5537
1845
1186
-2829
31438
-6315
12993
-29124
-27428
-27954
3951
-27405
-3291
-7865
10147
19650
-18415
-26298
-28788
32197
-23044
-9308
22269
19687
-25371
30766
26000
10256
-22871
-27255
20421
-4235
-353
26150
24821
32136
-25829
-25421
-31424
-20124
22805
9096
-20028
-5412
-29434
-17477
-22732
-5593
-14957
6263
-8906
-8157
-20388
-1269
30556
30797
20234
22727
14026
25234
-86
19032
-986
-6329
-30467
14937
-4304
-17500
-30105
-1086
1305
9966
10021
-32534
26925
-15409
13744
12661
22077
-9598
-15724
-17720
-9460
29850
21051
21148
-602
-19242
16249
22437
-22059
-29269
-9500
4702
6306
-9200
1172
-20671
-20575
11443
-10582
6880
12106
-32440
-20315
-3455
16653
-21504
22943
-17535
-10648
24814
-21860
-29595
5834
-8426
23000
-30272
-12670
-2600
-8110
29150
-10861
26567
15222
-24729
4933
-30666
73
-12701
28369
2088
12172
9351
19287
-21039
19488
-23909
27481
-16422
-8411
-4404
22551
-22403
8119
28377
-5930
22404
-13515
17363
-3980
-25969
-25229
-11670
23934
12256
31515
5377
32263
-18620
14850
-16903
-21399
-8890
-9517
-19362
-25109
-14264
-29505
24219
-3414
6974
27907
11666
6200
-28092
-9976
-14018
-4980
22969
-15002
14117
-9418
-31003
26047
22633
-26820
11250
-16597
-17332
27967
15475
9577
-30681
-4675
-231
22860
24369
9700
14659
29699
-5357
-29482
5530
29300
-8133
1747
19458
-20021
22148
8833
-1421
542
-479
19465
4980
549
-5742
-1491
15441
-707
-28016
-31754
12148
-12101
-17179
9043
28984
-19956
9786
-16419
4006
-1501
-19009
-8851
10537
-17983
6331
29246
-26734
-19934
14087
-5160
28428
-5117
26490
-30309
31930
16163
13778
-15245
18905
21402
6573
28989
29160
-29169
-10511
-22165
28173
-9595
-23264
8083
-17102
-22892
15192
27238
22084
-25825
-2838
24473
-8829
-17877
30689
20413
-6850
-24087
-26117
29559
5020
18874
-17509
25025
8820
5802
15807
31881
23918
18502
24442
-21280
-16943
9819
14851
19131
-22564
-23476
-7677
27459
-18847
-9527
19295
-5022
19940
-1917
-1150
-13241
-29779
4010
545
26713
25869
31365
29860
4179
-13143
24540
-10543
-23427
-22204
23687
-29033
-11551
26738
-28721
31406
-11395
-2158
-19212
31107
25175
-2552
-2264
8576
-2094
-22159
-13994
-1550
10285
29712
-9922
-18185
-32124
-21313
-16677
11214
18054
7692
-17838
-30323
-13917
-15641
-29802
-25272
-13423
8401
7540
-4720
-15633
7438
26777
-9664
15346
-31395
14535
1839
-26035
25762
-22025
30313
-12227
-29286
14575
-14660
4775
-2312
8258
-15849
28364
5474
-12468
8645
-2706
-26455
21704
-16583
-28795
-30311
25387
580
-5238
13723
-31984
23767
-9612
27295
15715
-26379
-25397
-20443
-14626
14468
-3445
17603
14509
-21506
-11051
695
22308
22513
-6205
2443
14680
20645
-3245
25172
-18972
24729
-10177
-22416
-6890
-7813
6045
30653
-31303
-26432
29400
7503
26394
25631
30206
19794
-4691
-22343
19352
-7312
-6414
-6055
-23314
20188
-1706
-31890
12126
-1963
-25417
-24641
-3439
-5271
-21073
12879
6847
18397
-16622
-5066
25310
9357
-10730
4753
18786
-8226
-25880
-28752
12516
15120
29672
12215
-76
6851
32537
-13230
17434
23834
20778
21920
15973
15155
-10226
-187
-2824
1360
30885
30595
-1398
-16968
28576
13820
-18422
-1217
15281
-190
16999
-28383
-16932
-30539
-13528
31733
-27339
-25118
17612
-2097
-17599
-12367
30704
-23876
-23463
-31673
28669
27885
15899
-19886
15111
9792
-922
-25760
29715
-11580
7645
-24604
17262
-14780
4813
32726
-21808
-20642
29439
31522
48
-29210
14576
-2462
12402
-27885
1477
-12550
13790
-30214
31916
20525
-288
22209
7931
-13404
9964
-25411
-28988
6818
-10655
-24279
-8975
-245
-12795
32531
-31832
-7903
24554
14129
26694
8019
-25177
27350
-27436
-16971
19377
3197
3611
-31571
-31422
-23021
-30407
239
30685
29737
-14148
-13256
5612
-22283
-8828
-15853
31208
4905
-29671
-31822
4116
12480
-3176
-23016
-18149
17314
-10567
-22463
-30550
-9326
15818
4667
3671
-2561
-14810
16105
-699
7736
3108
11401
2213
15913
4904
-1577
-18484
7711
31655
-23614
7264
16942
31040
9705
17575
-31598
-7073
3804
25453
-3326
-1264
-17617
-16954
2535
29277
-3374
-22300
-11530
26656
9559
-10724
29247
20011
-23376
-4868
14672
-21309
21628
-26404
1701
12072
11490
-13106
24962
19512
4676
3087
-18123
22400
26271
-13194
8024
-27140
-32331
-16236
28252
-19327
-18245
-27491
-30888
-2605
10120
27679
-20553
-1744
-13151
-24925
13387
12378
1122
944
7568
-21855
32539
-10032
25771
11530
19694
-28365
11349
-24809
-30682
12909
21299
229
-1381
-29083
-13624
-18921
15468
17440
-7123
8993
-1431
-6829
12893
-13614
6288
11835
-20476
-19712
9649
3578
-20112
15965
-17686
-9363
13508
-14433
21416
9079
12032
-21137
25907
-28656
11438
-28800
-23819
28141
-15275
-13318
9337
5300
26514
-3553
21104
-16911
2686
-30107
23255
-8593
-773
28911
28183
-20570
-9744
3310
-20378
-30419
-28895
13902
-10929
4696
21735
27593
-20719
19626
32578
-27739
-15974
27308
9806
-24746
22408
23749
-17195
5776
6600
-22304
7861
13788
-2943
-5622
-8344
-8363
22844
11916
924
1609
10663
478
-858
10234
-19298
23239
3332
-28804
-2286
350
24650
-5613
6908
2628
-13270
-24298
22446
-6835
-6145
9767
-12146
-28942
21943
9199
10920
18563
-18905
15391
-2414
1324
6960
-7383
17376
265
-7371
5022
962
-6864
19022
19742
-14360
-19366
-8744
2570
18735
-30088
-20835
-15207
-32739
10661
30376
-30489
-20859
-15602
-9312
7313
-11487
25550
-14152
-11412
-16158
4112
2047
8938
-8456
-12358
4717
3243
-8909
-27676
-16257
31523
-24042
-10808
-17244
13846
-14968
-7950
28250
25910
10806
30392
23129
10965
-8790
