10000
-12063
24825
6894
18651
4513
-12235
-5269
-20496
20340
-19160
17904
-25478
2488
1357
-3236
-18174
25395
24862
2872
19004
2768
28033
-31639
-12169
22044
13681
-4498
-8754
-27592
-15917
-27995
15623
32298
-5558
7690
8412
5563
29012
-13339
6923
27546
-23570
-25582
23537
21512
-30013
14406
15725
14570
-16105
21707
6500
-9290
31852
-18568
-12351
23254
-8417
28781
-8043
1632
-19878
-27086
-26584
28764
24798
-5346
1147
-19557
5104
10054
-4301
4792
-10758
-20087
-32585
-27320
11919
25179
24562
-9576
-17342
-10169
14026
18420
-265
8893
-25180
-9769
25002
-31093
-4659
-3320
17185
-26198
19808
-31991
-29616
15031
-2297
-29919
20702
29013
-20116
19471
30197
20685
-29392
-7432
-31364
-7717
-23501
16367
-16605
-24388
-22447
21774
-21656
11638
-799
24404
-22798
6121
16329
-28368
-2015
5682
15071
-23354
-16237
-2760
-916
-3690
8542
21896
-12706
24286
-16670
-30255
-7109
31288
25178
-16100
7742
24510
-18311
5803
29009
-27353
4185
-19443
-4040
-28055
10316
-30473
11629
23337
17695
27810
-15763
613
30035
16470
-2446
22596
16048
-22303
-22326
21093
19649
-2526
8041
-20873
12115
-22486
21638
-7189
-10490
-10543
14578
26772
3468
8564
-17815
30770
12452
534
-8288
16706
-25633
-7399
8894
-10680
-1700
-22175
-28710
20911
-8725
-14683
-7313
28133
-6686
5913
25339
-12858
27311
15421
-27620
-19509
30328
-12815
9170
28031
25970
4410
-8652
26214
4951
-25678
7649
20571
-3621
6720
30623
-18548
9375
2277
-19613
-14827
1228
-32634
7921
14493
-27254
26911
-3002
27531
-23980
-32600
4504
-1885
-321
3211
26415
-22746
-29002
-16004
-25000
24434
12708
-2291
27440
30644
11372
6125
-2423
5592
-16516
-21095
29745
4150
-24597
-27839
-15256
-31181
16136
2867
-32489
-3261
-4492
29799
-13027
-9421
23187
-21475
30795
-18918
-19028
-3218
618
19094
11467
6981
-3469
26254
-26676
-2350
-25988
-2340
2964
-28261
-31780
5074
27952
-1127
4038
-14517
-22804
-18578
-25029
25871
20366
-11946
32003
15301
-21424
25431
-3173
-8162
-18897
-7845
16722
20242
26124
-1666
-19001
3112
-10943
-8515
-22792
22936
-30478
22560
14773
-17406
9566
-2483
-30905
-15509
-14810
-11390
6544
-961
8434
-354
23866
-9094
-32215
-22056
-6333
-31246
2304
-22523
-7073
-21543
32424
30188
-9842
6082
7501
-21357
-28994
-32373
13362
-19159
-16933
-24570
16862
-32740
-5043
3246
8859
565
19337
-14355
20216
32718
199
-29518
-10824
-1941
-21140
-14250
24865
-23510
20118
275
22493
-21698
26490
30876
10524
21227
-31602
-12026
13376
-16842
27314
-26374
15344
-10809
15858
28735
5270
-21754
23792
-4422
-25313
-32046
21739
-608
-27203
-4830
12072
-30711
-27508
-3446
22385
-15641
-4845
-20036
4753
-24055
30574
4862
-1241
-25191
-10361
30777
-18590
6243
19668
3059
-5305
-28296
-20747
-28682
-29445
-24216
-9708
3266
1765
26617
-3849
21315
25531
-6708
313
-4121
-29554
12150
-4376
-19891
-27893
14098
-29058
-18148
-23222
20477
-540
26981
12584
29520
-28107
26704
-30021
-20170
22843
24231
-29449
-12107
8537
-459
-1013
-31578
10713
-25605
-25997
-15777
-15281
-18177
8153
16236
29596
32333
31720
-13101
-16536
25055
-2633
28410
-29289
20621
14736
-14093
22548
-17042
31960
-6211
28260
27663
571
-21151
-7784
28552
31067
21444
-8291
27100
16766
29723
21869
-6631
5177
-7099
19284
-1193
16776
19953
5934
24786
-30368
27296
10481
-14103
25307
-1263
24056
2224
4661
4552
9093
1499
-22482
-9818
-10553
-21591
-18550
18072
-9117
-26090
17676
-17335
-7837
24283
-5408
-10932
-24584
-3192
4452
-17100
-23057
27538
-24110
7170
11729
-16124
13816
11676
15811
13840
-17376
1190
-20550
9001
-3622
622
16926
16938
-28849
-11014
-18676
3830
10121
966
17873
-11254
26974
455
-10151
-22678
-4608
2153
24009
30664
-23781
30670
23150
-9855
-12198
19292
-9521
-25141
29826
18495
-32148
-16230
1242
-15332
3448
12307
-9139
-19071
11174
-23104
2103
-19847
-11850
32374
30773
16949
-19827
-28226
29340
-18440
-5524
4788
27139
-12100
27142
736
-3877
5998
6020
-10849
-11101
-7633
30381
-32721
2862
7165
-7814
19282
-30910
30275
9973
32008
18006
-31290
-31559
-5021
26851
19773
15531
-4796
8824
27370
13493
-2454
15562
-13220
22491
10592
-21427
2834
27603
-12208
-1694
-18132
-18858
-12387
-11255
18568
295
-18193
-16272
-22049
-27791
292
8991
4104
-26794
8875
-17439
8335
19268
-20693
-6734
11881
27055
19578
13871
-24365
-12094
15506
24456
27095
-17355
2235
-17381
-14662
16946
17335
13588
7871
32467
9708
-30632
5224
-24084
6115
-8566
-4046
15069
-19658
-2075
25696
-23835
-27890
16244
13809
61
20561
10276
-31546
27066
18689
-3601
4182
-3977
-32191
22247
22853
20135
21612
-16532
-29801
12693
-27792
12234
32012
18135
10706
3712
-24024
1911
-20097
14961
-13148
19839
-9743
924
16014
23170
16273
15043
-26436
28180
-14400
20460
20154
27726
-5626
226
29199
-5195
-12738
6069
-23752
18093
12860
14646
-27468
-23577
-5682
-17276
7526
2998
20241
-15458
-30917
-25010
-27500
20487
31615
-17854
20857
-24396
7818
-4493
2447
-7769
-26690
14169
6318
-17176
3815
-30813
27383
17337
11035
11100
-20016
9516
-31336
-4889
-31809
22954
12728
-17628
-13753
-12077
24539
-7924
-27722
19955
-24580
-20271
32073
-18176
23628
26980
31791
12952
-24622
3562
3355
-24265
-31498
-8222
-20301
-3551
-29347
3296
-22444
-17645
-1440
8471
-15169
-10827
15886
-28713
-10682
29714
21468
-19075
-6120
26274
8030
-17431
31297
-25373
-7115
-19161
-3935
1514
31167
19777
-14975
-21811
-16826
28876
28163
-32615
-22651
9713
10293
31571
-29297
20126
-9641
-2779
4690
-11346
10
-27041
-7558
-17236
-11468
12725
-16290
-25829
6214
19244
-607
20878
14388
4767
10268
26520
11829
4009
5721
-24977
31310
15213
-20541
9421
15718
22285
-273
8163
-3016
-21044
5827
14636
-20388
-16781
-27749
-19783
15246
25930
-1195
-15768
19709
16286
-21616
3780
24269
15171
7473
-5942
-19390
25077
22416
15774
-8434
-8948
-11730
-18285
24691
-10630
-1634
-14170
21419
-17267
7756
-15328
-28138
22407
13251
-11709
16100
-27668
16540
-7796
-30000
15726
17616
30412
-28874
25709
-8446
9552
-26002
-3310
231
23757
-3531
-15442
22000
-25303
27804
-10237
-24995
28227
-8339
-7128
-20526
-5550
-17949
-28880
-25314
19957
27151
4949
-10933
-30907
-3104
-6620
21185
-743
-12652
27485
31428
-4899
1779
-30166
8606
18526
5143
29894
8149
2122
32034
18354
-12820
-24031
21950
-22692
-5031
-26583
-892
4775
10497
22319
12365
-26700
-14903
-32172
19724
27176
-15747
27732
-9202
-27988
12737
-8689
31519
16876
2293
18833
18200
31120
8899
2313
-27972
15846
22261
24429
5742
-14101
4089
-5017
-4423
-588
-30049
-12972
17632
14393
9825
7816
-13108
915
1108
-11347
-2972
18321
-3383
21241
19801
22128
17964
27047
14320
-13817
30289
22594
32727
28551
-3117
17891
13421
-11363
-14902
-6846
-17663
-30528
2475
-6920
-4189
-26227
3213
-31192
31580
26230
31780
-27562
-5972
-5222
-26491
-18654
22690
10372
-29151
16439
-23847
-28855
-8548
-6493
-17095
23305
15712
-1883
3564
-4134
15598
-2849
-8193
7648
17772
26115
15863
-12718
-14589
-7225
9923
-25384
21768
1885
14813
-3724
-24759
-30960
-11715
-16188
27513
27861
-22132
10814
-7041
19411
31734
14523
-3141
15896
-16592
8832
-15615
-3505
6288
-6272
-3887
-6419
-20039
32592
21783
-21909
-14762
28734
-25076
19565
-747
32750
10446
-31506
-22933
8118
4903
20759
13800
-19174
-24738
26589
-21020
3417
2651
-2739
-7083
3501
-29678
-22113
-20533
26487
-3725
1691
21020
-8494
-11628
-26940
18182
-16047
-11331
-14530
18015
-25528
-9679
1741
-6100
1645
-14929
-13988
-474
12758
26125
1968
10277
22622
26572
12286
-31281
13909
-14171
1729
12733
-17519
3082
-16078
-24906
14916
29486
12575
4768
8398
30367
-14161
-30026
29934
21306
-5670
-7445
23015
-16224
30723
20629
-23521
16758
30579
-26528
16999
-5731
-14754
14801
29418
-10261
6370
-7431
25404
-5117
24362
29667
7189
-16782
4242
-19533
19346
2241
-17880
3567
26545
-26772
-5855
14520
-24790
19846
5419
13147
-25673
-26653
22118
-10702
11957
4961
-3805
-31692
28331
-19294
15363
-15187
-14109
13222
24302
15142
483
-11724
-18133
11596
-16954
-32746
-27544
20879
1856
-2844
22584
-13310
-11897
4611
9562
31595
9805
3907
-969
18414
-16519
-7173
-22257
8545
5336
-26229
24421
-30177
29522
-14405
-30041
-10323
-26349
3369
21289
-11997
18438
-14681
28624
16745
-8210
-26994
-6182
-5648
31253
32723
14854
15661
11302
-7901
23360
-23325
11663
-31005
19408
4273
32410
12870
-30194
2843
12059
6574
-27819
-1652
-29924
29900
2624
24630
-21070
22976
7869
14786
-19638
6603
11888
-10971
-13054
-15315
16491
1065
-29704
-1760
-15621
-8632
-1343
-7330
-23641
19830
9192
-9413
12729
-25958
-810
31085
23478
14909
-11008
-14518
-19979
10249
28841
27339
-9014
30281
-30853
28
-16411
-10749
12443
8154
-5762
-23593
-23316
1660
30615
8277
10430
-29756
30312
31504
25483
11163
23146
26728
10511
-32729
8693
-29300
-13573
29566
5315
22475
-15306
-26324
16906
-21728
22122
-26895
3154
-30060
10643
-20343
-6599
-31417
4325
32761
-15378
-17587
-29882
-30406
-10720
24685
29618
14448
1377
-17052
-28975
21616
-29386
-4633
-13272
-30625
-16083
-611
-5143
3778
5433
-15898
-15003
-30967
-18237
24965
28374
19016
-8740
-1293
-30080
-7713
-21941
22464
32530
-31184
-27326
-18896
9804
-16139
-18831
18193
32432
-11879
-20605
382
13060
31202
31329
19380
-13268
26458
5399
-885
-30190
-787
-2047
-3111
16612
-25142
-10879
-22866
3469
30028
10878
-2342
29829
27335
3826
-11432
8569
564
-28078
-6555
-24784
627
27203
24264
26549
-24317
18251
-31615
9954
-13360
-4515
23204
15319
19600
-12540
-12927
-10264
-5831
29261
26812
14254
16419
-30289
-29930
-30629
-24342
-12294
-21244
15503
-11700
29488
-1483
-14592
-21560
4820
10641
-9232
17279
4029
5744
28636
-8075
-22266
4841
-4101
-14850
4190
5733
-20527
7341
-31999
-7088
14980
-9209
26040
-889
-3631
10617
6567
-1747
-17889
15970
-31919
14775
-11855
30221
9719
-7551
-3249
-16505
-3689
-17261
21828
-21703
-20276
32546
29130
11196
-28747
-10535
-6149
2626
-18147
-29032
-12352
7143
25593
16820
19398
7517
-4810
12350
-11112
5880
26457
543
-22011
10035
23788
15826
-16088
23851
-1167
19894
31835
-8995
-17296
12944
-3684
14590
8705
17926
13529
16072
10554
-3365
-22050
-20270
-21076
-6875
-30123
-10753
-1199
638
14950
28342
-9325
-23108
-1350
-26345
-12532
19912
-6085
-29552
16524
-19039
6623
-15694
-113
-21269
14601
14018
-2113
7147
22910
-15683
21029
-10602
-9484
21002
-14895
4383
32421
6294
28882
-26
-15581
25899
32100
20848
-29807
23374
20643
13497
21177
7242
26414
-25746
2107
-1455
31751
-27932
17180
-19223
636
14756
-23614
25514
-17603
-17497
2799
-25441
2697
14272
-11898
-18884
-14508
6867
26306
4023
-20230
-21818
2466
-29427
31252
-95
19676
-12340
-32119
30865
-18874
11895
3683
-10699
-24011
32379
8043
-9459
3374
-5522
19075
14427
-29105
-31982
2924
-11958
-9381
-22883
-30374
-20891
-21853
13804
22520
-31750
-28595
-24103
24814
15574
-21123
18644
26454
2384
-5678
-4698
-32666
-25368
1858
-24586
14657
-22569
16058
17864
-336
-17683
31962
9415
-24060
-22083
27106
-14640
30625
10339
23753
-27405
-2105
17970
-16184
-16989
-12481
31121
-21277
-386
16312
17925
-301
-26566
1955
29497
-14172
-979
-17803
10105
22374
5689
-6013
-4664
-13642
-1003
-777
-9866
-9674
-22722
3012
-26027
7404
23033
22982
14710
-23675
10416
-28717
-24302
12935
-29592
-24761
18401
-15758
-172
-8608
32416
10217
-4755
-30481
24735
23850
-31096
-21405
7676
-32612
24844
-378
7067
-11152
-26372
27906
-3081
-16793
-32562
14841
-31503
-30215
2092
3795
-13636
7950
-6431
-7218
-17268
-12728
20246
-2243
15489
5313
690
-11719
11393
-14467
24625
2674
1350
-24146
31894
-27867
-7843
32170
-29736
-1150
23794
-7846
-6385
1210
-26511
-17546
-12608
22356
-28507
26682
17960
-24306
1338
-704
-511
18849
149
10185
-7903
-30169
-12329
25896
22611
15606
-29779
14844
-6113
-2016
-5858
-15810
1686
-2322
24339
31396
20722
10758
9032
8977
11736
-20926
-17286
24635
8463
15166
-13304
12442
-19908
23568
-5994
22119
22790
23230
-27087
23625
5468
15036
-1292
-26596
14332
-30698
10158
-5523
-25399
-18360
8272
10998
25259
29606
-11651
-19471
-29559
-14488
15816
-6849
-9376
13351
-14443
3120
-2787
-18984
-8307
-21685
7261
-18835
23480
26828
-20231
-22563
1077
-8194
-11052
29876
-18595
-8148
2871
7686
30398
17637
23000
-1340
-16838
7544
24704
-20573
6401
-29689
-9702
-27862
3639
-26996
23685
-29174
8220
-24859
-4977
7499
30150
18731
9182
461
20075
-380
-10041
-22165
-28330
-31897
30050
2943
26179
29007
-27804
-27116
-2717
10545
13327
27456
-322
24343
-3654
-8037
23133
-11675
15281
-9029
-15171
3483
27940
10067
6375
25786
1539
612
9183
28771
-27214
-31607
30132
-15435
1583
26370
32040
21873
-22824
-395
-9197
1052
1726
-27579
30971
-32761
15608
17631
7947
-21144
-10980
21866
19229
-18923
1810
18801
21235
31434
9752
-31533
19348
-21361
8460
-19837
14282
15872
3085
5730
-18083
21242
-15546
-6529
-8692
-7110
8377
4772
-19665
25905
9266
-20537
-4630
-8683
-10321
-24017
-738
-23814
-2504
-16035
-1303
-15482
-14154
14343
29147
5027
22545
11259
-17434
-1473
601
929
-22273
14455
-483
10687
-13444
-5708
11891
5438
-29657
8494
-21074
25515
-10235
21738
8397
-953
24105
6581
-15539
28605
-11364
-18086
20187
30768
-20468
13369
11420
7729
23524
24270
3668
32257
30593
-6440
-21985
18821
11487
-20207
-25899
21191
18260
22318
-1176
9845
16891
-22229
-22934
13921
13112
-27925
5119
-14876
5263
-15082
-24352
-30836
-31726
27488
104
21608
-5436
-5313
12643
-18510
9718
-20500
7236
-14881
27265
-24705
-27251
14405
-32728
340
21229
22510
-9481
-25661
7376
10285
-8874
-24446
-24948
-16245
22686
-25491
-25413
6854
-29415
12750
-15443
-5921
19944
22824
-8034
21674
-21491
-25238
15276
-6304
-32316
-10903
5907
18248
-13425
-24852
-16113
-8587
-2492
15164
-21245
-3530
10389
-20547
-1295
-13742
-14550
16355
29605
-13472
576
-26840
5218
-22094
-7926
12131
11913
25900
21448
25990
-2289
30153
-22736
-21350
-13590
9889
-31304
13146
-10074
-27965
-13184
7224
-30273
-9522
21965
19194
-12176
31613
-12039
32061
4350
-16396
-23490
-5079
11512
827
-29937
8496
32659
17145
18257
-2740
-29787
48
23569
-11262
-5310
-26827
29059
24301
31377
-24123
-13723
-2594
21132
-3061
4213
16261
28361
-3570
32460
-27328
-26953
-10029
-31875
4034
-22127
-2089
-32544
-6462
1923
76
-14122
-23856
-7669
6229
10759
-12764
10412
29057
-9466
-18604
-5735
-31405
-27617
-2043
-5312
7884
5625
32660
8616
-22112
-17277
17893
-4944
11930
-27501
-25688
-7830
-12559
12374
-28600
26514
21386
28513
12145
-31262
20924
-6843
18453
-18519
-8119
16403
30171
14626
27763
7968
22299
18085
13389
20505
-11466
-25475
-31291
-18214
-10176
-2233
-6727
31704
-17017
6007
-22786
-13523
13612
15016
-29107
2213
-21461
10408
-32511
3248
24072
-20913
-19255
30402
3970
26275
5831
-28752
19717
11734
-23500
-19814
23538
-28840
20360
5713
30732
16888
23776
22054
-5627
-21676
-11999
31033
13771
-25131
19249
15270
17770
-8419
15529
-10187
4910
19141
19900
9420
-20556
13252
-21251
-5390
9058
-28762
-1469
-1212
19182
3075
-28234
-26694
20436
20415
-24241
27356
18396
-6292
-32027
19704
10290
-15882
-24150
-21201
-10212
2221
12371
17129
12904
-14479
-29864
29824
27155
-7107
-19215
28190
15011
-13539
19429
5133
-31670
29067
-29356
26332
-9040
-28892
6282
-20958
-2137
23034
-32455
2473
-13597
17039
26963
31383
18890
-9541
18750
-18248
-28406
-26703
30525
22302
22550
-29665
-32300
-29888
22024
22707
30086
31896
31114
-1667
-27631
-6997
17856
4752
-25003
7273
29362
-3615
-21284
18572
16332
27898
-21352
-21559
-22109
-31724
-13992
24106
-15384
26438
-19642
32231
-20829
11160
-25140
-30929
-30985
-2528
32669
4010
28712
10578
20208
-19045
25113
20820
7103
-25128
-27202
-22897
25313
27519
-31371
17365
-16625
14555
-20960
26579
-28878
-19726
-691
11360
23066
21141
12219
-26175
29478
20529
-7772
-18775
5052
-14869
-2797
1149
-19641
-16070
-24863
-29177
-25507
-12526
29161
7031
-26754
-8667
-25094
-7302
-3070
-10356
-5401
18390
3438
7415
-11273
-12655
-12899
5780
8593
-25672
-20411
-6678
-29136
-5758
-28024
6284
-1866
-32688
16704
-15817
32103
-12163
-20195
-29728
5305
-6325
-27805
-20660
4714
-28253
-18296
-1007
-10020
-14270
-15229
7814
19008
4095
-28167
10673
20413
29706
-5205
23982
-21179
270
9739
-26684
-12290
-17150
8114
-17185
4217
-4879
21811
6820
-943
-1598
21600
17427
10837
22379
17471
-28866
-23472
18285
-26107
22894
-21820
-20193
-24736
-22391
31782
3724
-14623
-3506
-29697
13215
-8780
-16892
13336
21437
5895
-6062
-25976
6478
-5629
3041
16144
-19393
-17153
-2549
-30771
-22020
-8584
31243
-19226
23822
-24364
-24460
1888
26198
11818
1953
13444
-3673
12259
-17514
20248
-28510
19461
-21979
22167
27589
-30206
1792
27999
13028
-19167
22507
27901
2989
29220
7439
18048
12471
-17426
-451
-6399
-6842
26670
-6850
-963
-2222
-596
1607
-30817
10888
-26599
-12888
-24634
239
28147
-1857
23821
21526
419
9334
-2611
-27911
29594
3478
-31039
25331
21902
-11010
-26280
28431
-2904
-26722
19530
4883
-9591
25376
996
-19340
10475
-31130
27468
-14044
1590
28277
-18438
15570
-25783
19123
27002
-14824
-296
-20767
1417
-3
-14491
1869
24604
13577
-29821
28743
-6504
-7989
13467
5266
-26359
29030
-7124
20209
8856
-17633
1672
8136
-6366
14241
-26526
29620
-3702
-4521
27765
-10248
-24197
-7731
-17215
-25756
5306
-32052
-21665
-26663
32393
18630
29825
22212
6634
-28582
4233
-23669
-19418
28327
24476
-9946
-16507
-31632
-17280
16750
32160
-10552
15054
7327
-24945
-23899
10773
-6778
-32608
-28664
-6728
1167
11908
-14800
15168
8819
-21525
13036
-30264
-24639
-15858
8468
-4176
1294
-3355
22105
23818
-31106
12343
-32652
208
-7744
-28175
708
-17260
12911
17
28124
29326
-19005
-15566
29938
-21577
-21851
21116
234
-10646
-13692
4469
19945
16592
-25817
18102
-6618
-6199
-11440
25324
-4206
-27585
-17979
13842
12028
27855
-10287
3458
-19749
-21705
16183
-11443
29455
1467
-31599
1503
-5212
24668
23341
-28265
-19683
16420
-32440
14797
-17659
4402
15386
16234
-26625
-15046
-23970
3333
10965
-28771
10565
-25181
-2878
8883
-26165
-1753
-17349
23086
-18793
-27822
-25160
3796
3941
-14811
1271
-15848
-24420
-16026
24034
-25766
2325
4394
7231
22924
20411
9745
9216
540
-16318
-2793
29738
-13950
23445
1759
17988
32130
-27004
-25346
1244
29168
23750
-20994
20019
-10370
7627
-11893
18126
-1010
19664
18515
-16905
-22710
28332
20979
629
-28369
1153
-5753
-30051
-12074
-22388
-2351
4458
30222
24579
-17638
30124
-14424
-15878
29811
-10392
-11046
-28142
2422
16845
-11413
-4244
-7067
-28419
888
-26680
8526
-17543
13113
-32530
14981
14745
-11806
-8851
-12615
381
-8847
23922
-5889
-29180
5532
26154
9987
-31202
3445
-7545
-14590
-10113
-19439
-7394
17293
-16173
6406
-21804
28329
25022
7509
-15585
13874
17169
-19616
-3793
7277
28807
24651
-6284
-27777
10116
-25056
6379
3321
15345
-17805
11912
25157
3771
-5283
22081
-16697
-5202
-10265
31161
29068
27435
29447
3543
16474
574
-16709
-8867
11623
15090
-26570
-5771
1089
26768
-31767
-16073
-26209
23831
15157
-14925
-22295
-16192
-21172
-31778
723
18443
-13448
-32473
-31146
-20794
-6536
23303
29652
-28101
19001
-13987
-12768
-3886
9422
-19637
-12251
22757
12606
-25567
15176
31885
3923
-821
-17653
10830
29049
31123
-25487
-1879
-18242
23576
-17963
13398
30692
5285
14016
-25602
11449
99
11434
-402
-11199
-7738
-28457
26434
16918
-19803
-18400
-9429
7095
-17751
22030
31732
-9349
-3449
-2358
-31731
32448
16406
13722
-4402
15271
-26978
-6663
-30011
1140
7002
19179
-27844
3529
-23269
-2301
-14669
9662
32005
21630
1571
-17177
10140
-17235
-24922
-30081
-142
2950
14337
5189
-7621
-12295
19499
20450
20472
-20846
30004
-5969
25659
32229
-22098
-21421
-12856
22270
-10547
-2329
24800
-13750
-27462
77
-29895
20089
5865
-17927
-26376
-29004
23880
32188
-10190
-18617
15920
-11945
18729
20555
-12946
-16971
-29069
23316
26372
-4837
24146
10791
-1599
2558
30258
4894
-5026
20192
-27598
-13972
-21934
1305
18092
-20616
-6910
29995
-23945
20602
10275
-31
25556
-1139
-23525
-3125
-1849
-31713
-32001
16618
16479
-29305
8443
27675
-25058
-27990
17405
-27780
3977
20936
25826
8950
-7624
-2175
32118
-18287
-29055
-15146
1117
-12989
-9268
25301
22478
22779
-18414
-30262
24819
-9720
26378
13303
-6818
13368
-288
12652
9684
-5504
-26412
112
-9256
348
24078
-26077
-8799
-20745
8213
4830
-6859
15741
22576
-30408
-14158
-764
-24449
1835
-26514
25216
19236
-25318
377
11533
18785
-31234
-20317
20823
31677
-8960
-11298
-6336
-12433
-7137
-7879
-28620
7432
2582
10273
7101
-23476
27443
-3462
-7339
-16778
-717
1974
-20825
5717
12463
25559
14002
28385
25396
-18143
-23339
-9131
22860
31416
-3291
-29840
-23233
-22144
13535
13457
-31650
32699
7639
17494
-27329
-11473
-19049
-7334
20534
30605
-23485
-26865
15322
-16288
-2048
12742
-9165
-7452
-8418
-5981
-29425
25338
10775
7182
10093
-12692
-32730
32472
299
-6443
-3429
-9691
-16473
19554
4986
29676
-25281
-32477
-3018
22552
-11060
20183
-31021
17625
-3721
2997
-19640
11374
-501
7617
-10713
2448
20834
31170
-8032
-19156
8799
16088
-25871
-12066
-19865
1605
-1843
5694
10739
-7918
-5344
-6350
11855
-6110
32365
23262
-1011
-28255
8633
13265
-17827
-2339
-31019
-13794
9803
-15366
-14950
2489
-20906
31696
1965
9126
23228
-22896
12429
11719
-24287
27190
-19967
-24610
-23667
-27085
29886
6758
-2656
20299
32284
-25398
-23397
25013
24898
4647
9009
-15891
-8730
12734
-11004
-15617
-10822
-16886
23053
-4473
-78
11921
11879
-23719
12859
-17366
-19308
-31552
25099
-28402
19918
-22955
13070
-9182
30331
9278
-19679
-19644
-28152
-11070
-32424
17775
-2964
19993
5458
-12492
-6851
1295
25481
-14050
721
-29436
-3100
-29467
-25147
25752
29303
7486
-12304
4700
25577
-17945
-9345
-7944
2597
29540
-9758
28100
19260
5811
-23140
-2240
-4274
10507
-13414
-26874
1081
20526
12530
25270
-5428
14210
-8090
21274
-8966
-6800
309
-29362
25495
-24453
-30302
14319
22997
-15860
-18852
-23601
-3090
-17304
-391
-11038
25528
15923
-32438
-6038
-8805
24173
-18479
14741
-16633
-32598
13980
20987
14914
8820
6191
-3093
-24370
12887
25747
14011
29986
-6688
-14823
10722
10294
-11292
-3623
-28606
17223
-8927
-20877
25428
-10896
15745
3439
-32304
-30239
-15461
25374
-19627
18522
-27005
5172
-21866
-2006
5642
-27079
23350
18108
-26232
-13490
-19513
31834
-19475
22813
6909
12517
7117
-11843
1981
24435
17159
-24498
-16384
-17067
5693
7959
-20912
15336
-7668
21831
1852
-26428
22448
-10299
18942
-7688
19575
-4483
6156
30049
14414
-19910
-20377
-13845
30983
-32187
-28410
19624
-5772
28912
7017
12995
16225
-23446
-22974
-20508
-24788
1650
-12761
11418
-2807
-4906
27552
12357
-20258
20171
-30075
15821
11886
5188
-23810
-6203
-16104
19107
30042
30890
11504
11733
-6254
-22308
-20983
-19942
-23677
1233
-22908
2898
18152
23330
22884
-9242
18100
-2632
5237
16139
30650
-19676
19027
-8636
11443
9895
474
6582
21682
-6732
-26087
-17808
19448
-30497
-22927
-517
-15886
-30178
-5226
17520
-21564
-23342
-22805
1364
-29714
-10761
15063
3555
26204
30819
25410
31557
-26481
-22994
-8066
28051
-14967
-12204
23978
-27756
5380
-21793
-4975
25649
-22414
-18278
-2219
-8177
19508
12763
-12001
-27628
10310
-6817
13541
-19364
-26079
24642
-9993
9247
11073
15400
-29443
458
-8503
-7777
-4685
-31476
-27020
-22559
2215
8784
9618
-22071
29331
2423
-3228
27554
-9176
21348
-4740
-22016
-22262
-7718
22029
26330
-20850
-20450
-20021
-9977
-10494
22558
10495
-14386
-16167
24002
17817
21340
29883
-30804
-4773
-30065
-9337
17702
26720
2077
-32368
10793
21817
21372
-17562
31258
-19162
10125
-8179
18138
4913
3765
26364
7922
4154
29754
18694
-25620
713
-3252
31848
19536
-28401
-22136
-28041
-13222
422
24342
22398
30423
3775
-12835
-896
-4588
9079
32695
9069
-20141
-10480
21231
-15432
-811
5804
22637
-8373
24631
13586
13523
-31614
20456
-28655
-27152
-25625
-14578
-21507
-9982
21736
31279
-8873
-17534
-3897
6301
-31987
30439
21297
1688
8474
-28473
-25275
26207
-7258
17813
-16390
15511
4467
29633
31749
12998
3883
-24485
5358
27097
-30410
30160
-25788
23711
21492
-8109
-21068
31859
-870
-25284
24823
-29730
17311
-21064
17923
-25790
-18499
-11034
8562
-12803
4868
-5046
-16208
27733
-17310
25751
-14465
-21693
3175
-5064
27758
18153
12153
-17721
30596
-25514
-15677
-14770
-19318
25274
25358
-27887
-26855
-2162
-21317
-19378
19258
-134
-610
-18297
4305
1380
-28490
-20291
-25009
-18497
-26051
-9749
-31237
-20369
20730
-18808
-17561
26001
-7678
-1376
5821
26536
5103
-16474
23072
31898
-9727
-12014
849
-20328
-10735
19650
-14198
13230
12607
24679
25234
28300
27414
23342
-3368
-11965
-14254
17585
19241
-5666
26690
21040
-2365
-10327
21897
22685
21397
5136
-27877
16751
30820
-31272
21378
11876
-18460
11833
-21910
-19281
8846
-11596
16590
-2667
24515
-3494
818
25336
-4646
24062
21037
28352
-8899
-22735
3343
-24720
31693
25303
12172
-2743
17177
6553
-21563
-30092
9376
-29148
-18200
-1510
-11521
-10242
13218
-13309
-13651
-20513
-22265
-12519
-5619
23751
-895
-7103
7340
-29053
4541
-6261
-14809
13104
-28420
-10215
-26190
23120
22602
-14264
-3522
18770
9385
16591
-8529
-13102
-8159
14843
20962
444
-19235
11501
-10230
22067
-25873
-28628
-8712
2611
1904
-20641
19022
-18549
976
-1631
12603
-19961
28709
20383
19172
-30849
-10566
2294
-14723
-25876
25967
21373
-10228
-7803
-22208
-19280
13371
-23495
23996
19983
-27132
20169
19403
20832
19713
-665
-13752
-18795
29624
-18960
-8028
-12723
15950
80
-14309
-21030
19764
8710
-2489
25196
-22193
17426
3202
24923
2449
1324
394
-10313
8392
29770
11242
25953
30378
9131
-2756
22811
30010
-16005
-23618
871
-8106
-8741
-2575
25936
26386
13122
-24794
24230
-30808
8749
21705
-32693
-7598
-9398
11258
7621
15882
-21078
24096
16085
3347
-5362
1349
-13884
-10708
15601
30229
1812
318
30657
27234
25278
-16547
22098
15267
-22587
-25497
-11632
-20048
3490
19214
18439
-7768
3887
-17098
-22583
29248
-20475
-32447
-6346
-24098
-8568
4367
25592
30249
29229
-23943
-17662
-28774
425
-16666
-10585
-5963
-26362
-19549
28492
19504
10038
-3594
-1118
6609
23542
-28030
-5081
-22222
-27094
-5434
17739
-22570
-18166
28006
2825
-13261
20860
9801
167
4866
21202
22914
5370
-26207
-4883
24374
16711
-8088
-20160
40
-2657
242
-32692
-28158
24612
12836
-3181
19489
-21072
6635
12939
17160
-9352
341
9938
-10580
-6719
25652
-9609
-25503
1497
-15669
-26080
-6714
-11043
3979
-11670
12759
-3437
14859
-6959
-19982
1548
16815
-17520
-25564
27352
11284
-23582
-17582
7259
-17947
-5616
-20940
-6648
-12544
10766
11228
2881
7881
17393
-19288
27494
5430
9668
32184
-7227
-32184
-17791
12704
-4728
245
-26679
25426
5043
24418
32633
-20320
-19149
-22742
13473
2158
-13836
-8439
-2815
5914
-11490
27943
32286
20036
-11051
-13247
-10710
1277
30941
-32185
-26714
-29883
10074
-29589
-23756
-28791
-14547
19083
-1952
24384
27892
-8668
-10562
-17747
24556
6547
-23933
-2709
-11409
24858
880
26263
-24196
-11845
-7287
2115
27521
23216
23006
21952
-19072
-11791
20789
16347
18586
-6107
-16012
-22926
-1424
25075
24843
26028
22243
-20063
-7947
-7609
-9152
-17412
-11455
-17660
19124
-7902
5877
10179
-7024
21804
-30435
8670
-4427
-1520
-29854
13602
7612
-6000
-22947
-12263
-739
-13139
15873
-277
-1391
-27373
508
31899
3232
-16860
19617
-4337
19281
-13632
-18515
23438
28970
18647
18712
8322
17887
30346
-3193
4563
-26120
-10430
-272
19451
-21220
29598
-11614
-25205
-23763
-21401
-25158
-9796
-7644
31714
-32144
31851
-1064
-13551
-15464
17523
-27781
-19195
7645
20200
19684
-3204
-21858
25564
-28380
-22734
-19791
-22882
-14885
-15966
-14689
14868
3869
-10623
31630
-12614
-8896
2770
-17649
16837
7540
19741
17761
-18917
-22064
21091
-6791
21906
-16721
-723
-18192
7647
-2420
20224
17281
-7676
-12898
-24848
-6481
-20880
-17878
22388
32462
-2202
-25114
-5141
-19096
30665
-13365
-17654
29327
-5767
-20758
-12881
18852
-13858
-26242
28087
14721
8821
-18758
-4954
-26854
10546
11699
-15118
30549
30450
15900
17102
-7060
10671
16730
-10551
-21039
-29515
20811
30731
7155
-19463
-8526
19573
13580
-7342
-26761
-2790
26020
23605
5323
-26627
6859
7316
5146
5945
3759
3267
-22039
-17862
13787
5547
21767
21912
-1918
30727
6255
18654
6273
19248
31102
-1585
17390
17850
-13293
-5419
-2122
-29808
32446
-16606
-26832
13392
3155
26978
12257
27524
19333
-3406
-30996
-17551
-12217
-2866
-27080
15248
-3776
-3153
14000
25356
-27140
12987
5023
-7788
-22826
-19883
21625
-12889
6456
14767
20965
-191
26443
-13001
15299
-2828
-23463
-10460
-4617
27125
13733
16143
16917
-11954
4420
-31308
18725
6529
-20901
32706
-26334
-24609
-7053
-25443
-24518
1111
24550
1639
-20426
-14957
-30270
1480
-3256
24494
18247
14531
-6342
-235
-1877
-16221
-9482
28922
227
-8412
9215
-28465
-28430
-31306
-27655
-24047
-26649
-15606
27107
-2324
-22503
31986
-25404
31875
2692
-20374
18718
27303
-18077
-14843
6776
8940
-30722
12161
22173
-6209
-27179
-8265
32710
30621
-4785
-6076
-11662
20087
27601
-27394
-12148
16716
30604
16221
-16138
17423
14062
21330
17014
-9143
-16456
29075
-30600
-9828
20407
10431
-16448
24141
31594
31967
23935
-4894
-10831
-23790
25089
27074
-3788
3509
24238
-26839
30916
-26748
-26677
4718
23934
-26838
14409
-724
30862
7778
-8112
7100
-11089
18619
-21569
457
29265
18016
14708
-6334
-27058
-7764
-7999
25506
-1268
14800
-27317
-18911
28333
14705
-10920
28892
-19145
1917
31871
-19023
-18869
4283
13385
21426
9664
-15098
-1848
5317
5533
-27528
17952
-11786
-20197
-7612
10236
-30536
6291
2412
9322
11785
-28039
-22903
-13340
12035
29245
7587
24083
26417
18466
23390
20934
-7066
-17935
-23177
29902
12208
17392
-21365
-27403
22342
-11800
-9503
6419
-30552
19595
32497
-24883
2123
-28202
9125
-11533
28415
16571
-3790
-6246
-27477
19956
8197
-26608
-23492
5576
-30816
9285
-25805
-19317
-23730
-84
14851
-4764
-8567
-23774
-21309
-15058
-29675
-14828
25015
-14383
-27113
-25926
29328
22993
-27764
-8525
-4183
12850
-27106
-23124
17510
-18924
11634
-15656
13584
17238
-12374
-5832
4655
-15838
28948
18679
22399
18056
30883
15723
7514
-23903
-30298
30909
5276
25991
17667
26058
-9760
14784
-4133
-16966
-27384
10128
10886
-22556
-25946
29668
14702
-30680
29505
15755
11049
9005
-19691
-28601
-15753
18287
4955
17541
-5217
2074
-28376
-22379
-24587
6473
-15724
-18379
5091
-10816
20838
-27495
11466
-24547
16345
-4329
-1956
-24380
16155
21083
18394
-26616
-5446
30637
19929
-32491
-5818
26931
15761
10376
13465
-12836
5367
-13162
-6986
4892
4814
-9370
-11186
18710
17422
-2435
21381
-25159
31172
12702
-20736
-32396
-3213
-11286
26029
27825
19110
2555
1047
-21673
17547
-20672
-22095
-29193
-23425
31934
-21610
-24202
-24590
5041
27392
27786
18230
-12719
4492
18265
-10067
-12694
-24756
-27129
25838
-15323
-5452
-9970
-9301
-20518
11586
-29855
-24501
16287
22946
-21763
-23345
31059
8086
10235
-2234
13924
7274
-1732
28095
-15070
-2842
4834
-25734
-6167
13374
-12905
8632
17948
15732
-17085
10122
7768
-1157
4331
13427
-9243
-61
27430
12597
30489
18158
-23363
16208
-21993
-9451
28987
-22412
-12423
-17166
7597
-30835
-19155
23860
-7257
-25812
-28431
28326
29250
12389
2827
-26141
-26515
-15711
16394
-16108
27490
-17005
4262
-653
23651
-31055
-10620
7863
-6904
8313
5964
-15559
-4937
-32031
17298
4967
595
3387
-15664
-20870
32636
-7247
27820
-6624
-7855
-79
-25771
32757
15018
26092
-18844
24740
-23783
-31938
31078
-15646
18632
-10756
12262
-14893
-8019
21045
26288
28500
11424
-16497
17576
23709
-7226
17338
-25268
19789
7987
19376
19197
14203
391
-22264
-909
31191
-28769
-7459
10628
2933
-5235
-19816
-11971
-32332
-10352
22815
-4537
-8082
-20038
-3452
21753
-23573
16895
-21775
22962
-30138
-19216
-25885
30315
-4165
3169
24797
6415
-16895
-20354
26442
-10606
2613
-12067
-4514
31676
22455
-20890
-489
-21265
-8025
13152
-356
-29671
-404
12062
-18079
-1384
1143
-15975
2556
22033
-6638
17744
5541
8789
16387
-6960
11432
-32413
-12132
18209
-24562
23638
1507
-32387
216
-4208
-244
-13177
-9105
-27104
-18482
13160
-12729
-18395
21883
-3280
-6991
-14625
16569
1941
5260
-17980
-19107
1493
4916
21892
-13474
24031
17491
-18594
27654
-20643
6503
3592
19424
21175
-29875
-11022
7494
-18365
-20080
-15822
10329
-16849
29390
22039
-21959
-3709
4395
-8257
-11075
-9236
-25455
15984
15640
8747
14053
-562
16415
20158
32388
-32419
19340
22156
22343
32290
-14039
-25799
3785
-24199
14246
-3403
-4292
27216
-30050
-984
2036
17184
18364
20113
9370
-23610
1317
2174
-29434
1290
-24917
13323
-16862
925
-23493
7558
-6416
16164
15924
-19876
-16355
-31349
3068
-21419
-15456
-28225
-5376
-12653
-2863
-23680
-12952
11805
3116
25802
12730
2305
-4266
-7555
15597
10736
28724
-2400
8250
235
357
23198
9873
21238
32496
-17119
7150
16683
5661
-20269
15982
-13187
-28583
-30515
5137
-14586
-13169
-19168
-7482
-19984
769
-16615
-5937
13131
1024
20130
-21426
-31420
14239
539
-15188
29862
-18955
-21649
7615
724
-12098
20444
-1152
-10571
-30518
32204
-2035
27072
17057
5355
-5373
-3500
26449
-32279
-27024
-14724
-31870
-29332
-32630
-32496
-31316
11880
3467
-2087
30137
-28031
-15712
24975
26867
-17405
24354
10842
4575
-25836
6011
24248
-26180
-18100
-4319
-13801
-20946
19541
-13716
-31927
16202
21536
-32060
-25059
20577
31952
-27433
1770
15568
-20340
2823
-20652
4577
695
-22656
31091
10223
-20321
-26755
12924
-1015
-17824
1255
-1545
3414
29042
19606
-11483
-22532
3824
-7392
20365
21319
20068
3307
26333
7565
4320
-29553
-7400
21519
24598
-2407
-24395
2808
-18575
-26646
-9007
-21912
22211
25856
22278
12018
16869
-491
9174
-26927
-22123
8195
-11559
-17693
25744
25177
1925
-16082
8287
-16130
7541
18549
-26734
28082
4911
4672
-25133
-16952
4536
24950
-22032
-21010
-20018
13435
-18403
-16574
-22784
28821
-4339
-10740
14982
27652
-7474
558
28021
2480
30730
-10010
-23330
32491
19751
-18532
28024
-22333
15444
-5361
11291
-24546
-12383
-31597
29570
-4636
2695
6946
-4593
-10257
-17256
30639
-2765
18631
-3167
-18854
-4609
-1396
-818
-15300
-6463
22121
9143
-29067
-28960
10747
12264
23455
-2819
2659
22776
11931
22364
8424
4085
-1624
1641
-8784
-2046
-24525
-6365
13337
-176
-14820
-7224
-18711
5312
30837
29504
13774
-6702
4502
7156
-22893
18685
-13859
-25252
-11127
-27084
-6543
22751
12360
20931
26633
-5473
23399
-26504
-22120
27718
-1378
-9917
6569
4352
3330
-6949
-14682
-8347
-6328
18366
-16753
-32681
-29339
4171
-28862
21219
-22483
28558
14958
-12065
-24674
-23870
-4930
19054
25775
7416
-15370
22638
9085
31375
-24253
-14069
-11512
-10155
-19977
28228
21308
-8831
-28520
21530
10088
-24299
26319
17708
19672
-1047
-17820
-17288
6893
-19690
-21145
-19612
-24979
12566
-10576
6771
10525
11667
-26261
28625
262
-25356
-12900
763
22335
11457
13043
9410
-11956
15704
27641
30238
29740
-26638
23546
3162
11639
-6944
8728
14670
9269
-6125
9294
-1639
9667
-6409
-21617
30932
12396
-20908
9217
-5123
20422
16210
16096
32765
28904
-17308
14948
-19956
8532
6693
-26631
-23588
14899
-13932
30705
7414
-30294
22623
-462
-25769
23705
10393
22066
2962
20284
-8811
-22304
22165
14535
-13518
1990
12212
-21060
-22214
13533
-17837
5018
-17613
24352
-22555
14887
-12334
12696
1654
7180
28230
13970
-16377
-21065
4319
15949
12087
-12363
-32322
15053
11776
24567
13516
-17687
-16270
17534
-29235
-20879
-25365
-18000
22490
31295
2421
28066
355
20220
1113
-26585
26116
5645
-25519
-25203
23736
32214
27290
-8864
-6464
-11057
396
17767
-14160
-10723
-23019
2687
-22282
4737
-1363
10203
9559
5048
-28354
-6485
-32213
-28434
13591
-19913
26439
-2654
23956
28055
-15918
5731
12581
20156
13402
2318
18267
20600
-22139
19494
-12181
19569
2587
20213
14345
-2782
-6921
-26943
12270
-29097
25851
12801
31355
-20669
-29478
6180
30533
-24551
-29249
30172
24760
-31918
-17616
8916
-17855
14301
21848
-25914
2985
31090
-19674
22017
-17248
7970
3185
27621
-2235
-15489
9557
-10987
-12534
2472
4453
25823
6578
-7585
-30670
8513
-25776
-7309
-28822
19706
-22875
-17712
-31733
10244
-2963
22714
4749
32352
-12244
-14585
-18502
-2945
-9942
-18857
30434
1229
-14529
-17702
25755
-25409
-12157
-5551
9900
1791
-2025
12748
747
-3419
16098
-32454
-3824
-5394
23264
-27334
-20344
-7351
29541
809
24102
-22431
-11385
27890
-11681
3476
-16314
-4884
-11989
7061
5499
16213
-9084
6344
5144
29509
29808
-11835
-20424
-10938
-15054
8686
-15431
27144
-25619
23329
23854
-6955
-14656
26152
-6767
-9882
-12152
-29242
13822
30498
25587
29267
-15201
10855
30674
-18667
602
-3000
29884
-12487
989
-21575
28280
-29932
-4745
-6193
-6881
-30153
-6331
9975
-22836
-9457
31577
17470
7669
28962
8104
-9529
22549
-23085
-13584
8089
-7476
2038
-26800
29401
14155
-15636
19873
30546
-8644
10577
-25486
-15579
-24374
-5368
-28194
-9570
-7737
-32760
-12981
-11176
12146
17235
11970
-28348
-20627
-22605
30757
-29795
20774
-996
1079
-9407
16480
-14096
9743
-24267
-31238
-4335
-13395
-31619
-13129
-24595
31000
-27687
22762
23422
2195
-4006
5228
-3591
18583
-19787
32470
1596
6455
-28504
29628
7843
-16325
-1462
7510
-4577
6742
-10068
-23709
-12878
-31847
-10134
19740
10063
31746
10011
-9925
-26163
9080
-29005
7086
-6447
-28833
19183
-447
5696
24591
-31659
-405
-1685
-10832
1237
25778
-21090
11385
2565
-15595
-23637
-16235
-21222
-18506
21438
-5599
-30984
17882
4365
-29909
-23135
-31788
20567
-16911
7106
-20437
-15214
-27118
-1644
-10541
13184
-28307
22036
17252
-15991
-8095
-16335
-26119
2911
23649
19006
-21155
6968
9738
-20091
31335
-2452
-7610
-26522
18945
27049
14674
-19346
-16424
-25083
24000
5139
28938
-8861
-20833
-27647
884
26217
23579
9132
17109
18256
-30837
-8928
13848
27785
-14426
17380
2762
30991
10139
-18946
-16284
-2592
15978
26637
24291
-22233
18715
31028
118
-31678
3936
-7961
24051
-26633
-9965
-13003
30396
-29898
-3896
10424
15298
18723
16507
22858
18868
-28718
31212
8803
-9033
4621
9103
22680
24551
-26920
-9205
24960
-26321
32303
10414
-6444
11336
27938
-29908
-8971
-24626
-24064
-12650
-14671
8022
15260
2928
-17888
-4118
-16183
-3939
-24876
4725
21957
-2503
-31249
-8986
-31468
3157
-21533
5135
14503
-17461
22730
16334
-24751
6956
21131
2593
26143
1041
9315
5350
3247
9609
4754
-4028
14722
20394
-27444
16610
-15569
-26613
-20100
-5766
-12333
5537
-32346
-19315
-2149
-10548
26208
12030
21684
10806
-32173
22696
-17590
26337
26144
5494
5858
-11013
20946
16382
22482
-14961
19290
23519
25629
15083
-6731
15460
32080
2729
24299
26358
27455
11601
-31797
18655
9021
-12967
-32156
30812
-775
4300
28932
-26151
-8545
12240
3762
-1551
9632
24070
-486
-309
32029
5732
28563
6655
-26213
9638
7347
11419
-30724
-22953
23443
-7446
17898
-22228
27826
-28919
19146
32364
21654
12775
18074
-16669
16967
2100
-11540
375
1489
25935
-9272
-1646
5830
-15950
4809
-32218
10937
22123
-16075
3829
6531
-31755
31968
24323
1687
27287
22814
19223
17730
-17943
-28324
-10610
-16418
18839
-14035
23407
30481
12108
9680
-29912
27695
-31564
-22861
16866
-5726
27788
28902
-32708
-3945
-9499
-27874
29773
-24611
7393
-18425
16423
-32094
5393
13807
32324
-18031
-5806
-30428
31813
4292
3560
-2781
-15330
-16808
22027
-23390
-14622
7610
-26529
10418
25232
-10818
-5624
11771
8714
20147
14957
12411
-4057
22225
-30690
11031
18244
4409
-17416
12312
-20445
20336
-21209
3899
31289
10668
-3555
-17154
-23102
16898
-27719
3237
-21474
-32014
2971
-9227
1664
21454
25325
14521
-24777
-24840
-12520
17474
-3894
-5278
11995
32437
26405
-22485
-31011
-28022
31264
15452
29480
-27919
29836
31489
11578
-12957
31775
9029
22100
-25329
15030
-27025
29663
676
-13909
32006
28416
3337
-21986
5320
-6402
-18104
-13225
-11275
32731
19675
30336
28576
-29450
28169
5060
-2266
20655
12863
-14454
21087
31140
-14901
3093
14491
3754
-1448
-11585
-30780
8933
11329
-27829
32347
30733
-5503
-28347
28792
-17419
3079
17099
-12941
31393
-29707
-6050
-23116
-11617
-5314
-23630
3802
24067
30964
-7822
28075
-19598
-18625
6891
-5742
19140
-3319
4521
-17539
-12299
-8491
-19440
9040
-25579
-4657
-28236
13500
-30868
23340
18358
21846
23398
-9571
32428
28967
-30229
-4778
26133
7456
-11803
6887
24320
5280
-27319
-289
23463
18964
2627
-20892
15274
-23010
3025
-9097
-19033
4196
-29370
10970
-9462
14681
-18849
25644
-18318
28399
-24082
-12033
19757
13581
-32659
11149
-24362
-19113
23930
-18768
-27395
-12075
-30932
-719
14425
-10294
26320
13206
28787
-31232
21650
8631
5322
16428
6964
-29709
-30249
-5162
15866
11414
-6500
9483
-4638
-23075
-6067
-22219
-9358
-16885
-14675
-21646
-8822
27568
15366
-2840
25562
10638
13139
3680
-15926
-27853
2321
-24393
26680
7712
-8600
8680
18187
18086
24568
11352
4220
-25026
-2726
11036
8167
-4434
-6930
-9157
-17032
-4482
-23528
22113
-2378
513
11133
-28868
-8192
-31548
-14816
24086
-12548
30988
15998
-14031
27271
-30834
30251
-18998
29675
6076
-6807
11640
29284
22591
4598
19296
-32335
-4789
-15121
-30275
-31556
16095
-13038
1133
-30512
13378
18482
14556
-5746
18896
-12892
-23066
18973
22957
32059
-28989
15845
-30125
-27967
-24435
-18051
-15271
-30894
13145
2170
7464
3725
-19728
-9712
5764
-7874
-13501
18734
-3409
27802
-263
16161
16106
-28996
19868
8668
-16109
-20051
-16812
4884
1470
-20544
-9836
-1699
3841
-230
-3477
-7430
-2084
18949
2019
-3795
-10175
-27542
-8819
-32642
27421
10996
21478
-15044
792
-4476
3672
2261
-26729
-18433
-28472
2292
-8184
11458
11002
25522
31016
-22001
-16957
14401
6427
11687
31514
29027
-27040
-23845
-16882
8062
-18249
-13973
4905
795
24558
1921
-10088
-8488
-31577
3419
-3254
14039
-3568
-27060
-25339
6557
-3583
-21542
21585
-11616
12193
-23212
-24437
-11990
16968
512
15716
-29778
32539
-7273
-25244
12602
19112
16570
-4943
25477
24688
-15875
13487
-7613
-6251
9196
12089
-14129
6080
-25835
-4405
29728
-19832
-6352
4756
-20430
10639
-2860
14382
30775
30681
20109
-10698
-23416
-11233
28175
-15568
12830
18259
27536
-10954
8340
24707
-12325
-2991
10585
11583
-6408
15853
-27611
11972
-13150
-30424
16726
10547
-3412
10002
-16978
17374
-25637
-19517
-24882
-15099
2487
-7911
-19275
-4708
-18244
17566
7571
19126
12931
-28553
-24225
16352
760
24348
9569
-25278
5163
9158
-26922
3530
-4799
-10750
13135
15501
-4331
-14137
-641
18867
-19736
7136
-28565
9604
-14444
25798
-13341
20558
17835
21335
20485
-2927
7161
-17866
-11044
17653
-23768
31755
-7973
15519
-23650
12533
-26378
-18034
-22474
-7250
-4567
-19097
5452
-26902
24544
20431
-29939
-26450
30266
-15143
16028
-4412
-3279
-5371
-28425
-7501
-26479
-27953
5314
-31158
-22706
-21797
-12349
9173
-12015
655
-24243
1090
-9577
24698
5787
9502
32385
18521
3517
20974
-27977
-11979
25312
-19573
-3377
-12002
-29226
-26848
51
-24888
645
23559
30268
-13741
30348
28153
14761
-4835
-15028
-17630
-7920
-23914
-26346
-5537
-27054
31501
25907
27288
19671
31027
19035
-28310
11333
19824
32236
13925
-2143
8708
22533
9075
-23382
-28691
24280
1458
-1264
258
28664
-14409
-21137
-28251
-23099
-10275
-15436
-19515
26262
30352
-1062
-15246
16971
-26549
2149
-14792
-4022
10807
-23552
11770
-2440
-9732
-20730
-3097
1556
22807
-5404
-17919
-22775
-23292
21025
10654
-27125
23060
-15652
31511
17013
5571
2300
22514
-1169
25686
-26821
32387
-28371
16365
6822
1831
-19462
-27488
21940
26753
16125
-19807
-17294
23093
1418
-9041
-9690
14021
-28161
-15552
-16503
-12679
-21535
15724
-30469
-6895
-5311
-22672
-9963
-27873
2521
20703
2436
-5250
15047
8595
-29901
8382
-32458
-13544
17896
195
-12165
10911
-23451
-27519
-11900
8399
16693
-26789
-10001
-29652
22215
-17104
-20756
-2974
-21015
-20835
-3373
12951
-1880
8150
14852
7685
3590
-32299
18672
11135
-29131
-6826
-5342
-26758
-29833
19781
-31178
30849
16407
-25934
-19702
-17668
12378
20609
16356
-20751
-29762
-4013
-28312
-9911
3390
24943
-16568
22679
11496
-15680
-27266
17885
31937
29083
-20312
5621
27266
31808
26992
2042
12899
-19628
-18235
1163
398
-32253
3098
-29364
5251
-28290
8365
17002
31361
15306
-29797
11114
10621
-19583
16657
-22723
22938
-23008
-15329
-30253
-24022
-2559
20778
5555
855
11701
-16435
12716
-17093
-1009
18520
-21830
22991
-22725
29718
20900
16357
7989
27795
5496
9717
6810
6405
740
31209
-3847
26441
5552
12223
-29958
15563
-6611
-3953
13292
-2017
-1254
13164
-654
-14110
8171
8533
31344
30782
-12240
-24136
-17940
-23257
-23018
6975
-16361
-16401
-2519
-1407
31823
14115
-18130
27809
-2894
-3455
21653
6967
20750
-24970
9642
280
-27930
2094
-14144
-7395
854
-12138
-2163
21716
5882
24290
-18076
-7645
-7908
-19086
25045
-20546
14124
-1979
18932
24941
-25685
32749
22182
28386
16630
-17560
18907
-30379
-2953
12756
2383
22263
-1894
2380
-26828
6855
-8015
-7384
25064
26965
14261
21180
-4734
22820
-16640
-13412
31044
-30441
28224
-24961
3660
13677
-1498
-27831
-23137
-19654
12698
1839
-6383
-23758
24881
30486
-25225
27557
15537
7707
-26467
29741
-4085
14809
-1164
-20657
10470
-22988
5130
-10926
-31937
1287
-29251
-22260
-21431
-31210
-29092
-15816
-5984
-15721
1355
-8941
-22074
-20971
-3482
-1382
-15274
13729
12776
-4148
23496
-13920
4012
13728
-27665
28288
-5382
23986
26083
31583
27447
9403
-14594
17372
-28965
10700
-3606
-20189
-27964
6443
-10697
-25344
16166
-31791
24334
18284
-15849
-14712
31901
12692
25766
-13883
-10857
10693
19734
20716
7711
11633
-20386
-18977
30743
-23922
17291
13341
18667
23967
23981
-30268
29795
-6713
-18832
-6476
-21178
-32337
-16190
23977
-8898
29098
336
2117
6717
-30462
-32093
-19312
-7465
-13842
1430
-7824
596
17348
-12795
-25105
11388
-15820
23037
-20337
18399
25920
25681
28726
16015
-3575
-28006
-15305
-2389
-27017
71
11532
20757
-25657
-11804
28275
5106
-24598
-1526
1198
16940
-20839
26440
23493
16648
-10389
-11975
26404
-22608
-9456
1049
10447
-26083
27738
13014
22539
-14460
-27834
19742
5412
-29309
28602
8586
14395
-3711
30113
-4857
28154
23453
6712
18693
-10506
21637
-14719
-457
6212
26130
7744
-13227
13110
-19596
-26104
-15403
-21720
916
-31328
27580
12867
2706
9048
-13619
-30897
-11664
-2811
26252
28766
-5307
-22565
26834
-14541
20060
-9308
-687
-6175
-21416
-9102
16787
2838
-31626
-2458
7851
14134
-23310
21721
8860
28755
-30860
-7266
15333
-29907
-6577
11941
-535
-26470
-3120
-25860
21620
-8050
8996
12119
9795
-2862
-30583
16037
22866
29775
7402
18866
-28983
8684
-17929
-25436
-26267
15933
-26918
32682
12723
19215
-5934
-2014
-22403
-10137
-28536
13406
-18300
3940
12714
32394
-22251
18219
9626
22678
4285
-29846
31281
-12221
-23117
30575
-8370
-2146
-16628
9107
30156
-138
27121
-8453
-17239
-16515
-13838
1883
31286
9411
-8144
18659
-31091
-1326
8000
1777
7704
24620
9996
-21154
21268
-20780
-20228
11090
-957
-5916
3744
-3366
7753
-10995
-1913
3971
-9811
-24524
-5013
22365
14648
11514
-714
22344
28171
7508
-4848
5670
-22698
-3656
14373
-19975
19352
-3920
23513
-14570
-14657
23936
-25335
1428
-13977
5580
10543
28557
-3166
32715
13279
12320
28187
2951
15578
-21006
-1243
13902
-5647
-26852
-4144
17020
-9557
-15101
27332
-24833
-11271
-25992
29762
4077
16835
11801
6107
-21750
-1318
25284
-2038
3881
-6285
10933
11626
30693
-17516
-24819
-16077
18984
20441
17492
25800
29231
17283
1586
1910
30025
-15360
3553
-19492
1346
-6786
-28447
21893
-21355
-23517
17712
10010
10136
20001
1062
11300
-22327
24939
31872
-11703
-20972
31076
-18375
28204
30842
-21634
-5876
-5364
24407
21717
-27309
-1936
-27351
10813
-25285
12013
-20828
29173
-14350
14771
-12824
28760
26972
28136
-19997
-15854
10841
28013
-32601
29977
-24966
5063
-18046
-11555
-31079
161
18181
12871
-27746
109
-12332
18714
17199
17764
-1267
18103
-10976
19243
26603
628
-30617
860
-7953
-17525
-762
4210
-10032
-19990
-11435
-31970
28699
-18721
-15160
-24184
19452
18621
-23567
22284
-15491
13592
22977
11968
-20963
-22148
25204
-16053
21713
5810
-16976
18356
-3099
-23368
8255
5375
19560
3694
5947
-8765
29655
-11729
11247
-18304
3230
30726
-5979
17391
5328
-1616
-10962
5847
2725
-11777
-5836
-22924
6944
-5424
19232
23434
31368
17241
-17445
-31980
4839
-17371
16696
-6390
-17036
2873
140
10890
15327
-1208
-3382
29716
-28703
4391
-15533
-13577
-9945
-22189
6476
-21266
24364
8246
17766
25357
-6386
2513
14497
31988
30793
-12611
-11870
30284
10760
1100
-15148
-10179
-4640
31105
9063
20554
-11000
28644
-29679
-11887
18563
-7736
-14402
21077
2713
-12760
3626
10605
10958
21450
-31325
-4518
-435
-14450
-12847
23446
4277
1933
-3162
-1301
-20216
10942
10558
-29979
-14497
11841
1747
-23449
-13281
17074
-28494
30358
24584
-3266
-14962
21147
23839
-9701
-9386
24637
-4279
8310
27104
16435
18357
28762
21489
13530
-8934
-23169
26841
-23506
-8546
15714
3903
13637
16176
13248
4497
-243
2314
23819
-21204
4232
-13744
-9550
-22851
-12264
-23407
10586
18571
-31663
11347
-9660
-27605
-5113
271
1401
3195
23080
-554
-32518
-25223
18558
-9379
25361
26779
-31728
-26286
-29869
-5447
-7262
30435
-648
-119
-205
-9919
-29433
28162
-6819
-6306
25180
-9203
24877
1865
12865
29918
16305
2202
-3257
22987
12189
-21055
-31412
16941
1043
21868
-25695
-26851
22495
30165
31726
16193
7353
-5875
-5237
30675
-24238
-8900
16348
9732
2756
14706
-25973
-8485
4837
16414
1325
-18800
14623
23191
17207
-4106
-10446
-18452
22929
23858
-14034
2397
9244
-21486
-2705
5473
-1718
-20361
-13079
19589
-24289
10737
-4780
9305
22425
-14067
-29853
-25485
5660
-14020
5050
23671
-18542
22651
-12504
14224
17364
-19604
19959
-32124
5101
-22092
21455
30528
20160
21852
8319
30271
11
-6945
8531
-32072
8718
-24165
-2005
10103
21708
7637
-11156
-7802
6319
1023
5456
-32313
-12053
-10973
4645
32213
-9355
7206
27177
-22248
22934
-4607
-9446
14418
30550
-286
-1341
-8081
-22591
4244
-11204
-31464
28072
-21876
14133
18397
31064
-7916
-16828
-27855
-7533
8211
-8751
16928
10972
-25908
-6229
23370
1924
-15543
2191
30978
22097
-8714
7412
-18261
-18062
5202
-21063
-20708
6650
-3664
-255
19101
31425
-17062
-18939
-26405
-15985
-31454
-2602
22317
15058
13035
5662
-19453
21293
28046
19128
-2892
3051
-7380
13171
-19818
14553
21486
9742
1803
27975
434
20746
-27591
15130
23088
-152
3706
3336
-15967
31220
-4718
-6499
17503
-6019
-25042
-6848
14606
31625
-23084
1293
-2042
8111
-30220
25783
-6667
6727
-10064
11152
26801
-28997
-27803
-24144
-14178
25797
-10004
-14868
18818
-13478
30682
-29535
-15622
-13559
-12258
-22928
-8160
557
20660
1105
22803
-27248
17955
21246
-4912
17868
18848
-29588
23849
5075
-21718
-11478
-4632
15680
17611
-29044
25269
27770
-7997
-13857
-17094
27889
-3131
-21601
20715
-4938
-20120
25546
-19536
-8809
-10909
-28811
14191
-11147
-17429
347
-20793
-29723
-15338
11749
31484
-30700
17355
8952
-26012
-17898
17460
-3682
-16987
23984
-10358
6394
-21034
-31284
21286
-3483
19892
-23787
6029
-23251
8870
-20984
-24659
-21028
-29847
-28215
-10609
-2775
-32287
14247
20912
24585
23826
-603
-11795
-30032
9972
17053
-27699
26839
22578
-13703
-17896
-1408
-29655
-24432
-4926
7350
22415
5235
-6691
-31972
26157
-30447
237
-30715
-16934
-1541
-20689
-31216
-6163
15389
-2157
-12092
-31027
-15714
-15935
15195
-17894
5697
-21291
32589
-10291
-2542
13561
28696
7747
28895
12501
32068
5348
-21965
-1886
-4615
3004
-26454
26229
28482
3433
-24520
160
9295
19165
-734
-28790
8587
16482
-55
-15252
14968
1671
9687
8252
-8351
27679
22768
30329
14865
15045
-16611
13990
21281
31180
1766
26631
6072
-13051
26477
-23452
30511
-29043
-246
7516
3229
-32571
23355
-5099
-7344
-14199
-9086
-10799
772
-31916
-14291
-28367
11862
-28693
1701
4092
-22716
27229
20327
-26252
-9140
1450
-17305
32056
31316
22380
-32252
-29670
-1675
8574
-8699
-6988
19384
-9574
9941
21975
-12073
24537
5554
-26581
-6387
-10367
-4692
-22689
4631
-18097
-21161
22922
14867
21270
27235
19850
-17608
27751
17858
8552
-19924
29297
-8104
9364
32520
-8456
24304
13270
-13800
-8918
27792
-12506
6781
-24873
1347
5587
-11890
-14344
18120
-22652
200
-29856
22142
28940
15459
10771
22155
29339
3617
-29995
-6929
11078
-24312
26257
27310
-8625
-11083
-11380
22647
14067
-14138
23243
11831
-26530
26742
3284
7438
10144
28759
17733
-20653
30487
-2850
-11474
6256
2350
25780
-8275
29391
32454
-15654
-23415
-26921
-13442
31722
-32420
4143
-11246
12997
2753
-22807
-4342
-26461
-28891
-17124
-16059
-26490
9797
16508
-29369
-11330
-13047
23502
6716
14419
-10813
-6087
10421
-21003
-1917
-24573
20254
-24286
-3461
32127
11109
23659
-13275
7496
-32065
28165
-26264
-1906
22725
13599
-22714
-1468
-19128
29471
7622
-29013
-21297
18687
-17204
321
-27232
-10391
27768
-9115
-11885
-10531
4633
31474
-15580
-3924
-16685
18551
-19326
7377
-23163
-24824
13148
21882
12909
15485
-14628
-570
-3481
22191
25052
3987
-25996
-26255
-26539
9223
-25764
-31947
-1625
-6752
-28032
25569
548
2764
21479
32510
19865
-18185
-14296
-26907
11021
6171
-19016
-22609
16692
24790
-7885
-20646
-14837
13576
30663
9425
-443
-7742
-12839
-20338
-12906
2010
-4962
-18637
21992
-29510
-15088
15023
-19866
7997
3282
32098
20423
13798
-20126
7225
7944
-22352
-24334
20504
-10285
-12743
189
2205
17188
20296
-30118
-21631
18937
-16943
11992
-14183
24896
-30791
2817
-18935
9891
2203
-10801
-7134
12827
18156
5365
32720
-4364
-23900
5486
32262
7026
6546
-20707
-14642
24232
-21565
14049
11997
-2355
4360
-20831
-27057
-13338
-12863
-7705
-9790
22891
-9044
3339
-17783
23222
-4958
3834
-20277
6032
16277
13291
1203
-19928
785
-12118
-14119
27204
-30161
27137
16937
-10893
-22877
-15540
-3495
6299
11023
-23113
-30695
23518
18674
15286
30376
28038
-15811
25275
-31048
16677
13464
-25211
17756
-30240
19496
8617
28829
6280
-22629
1263
-18013
16580
25785
-20980
-17398
266
17937
-15872
-18260
11068
-18271
23523
3950
15331
8598
-28599
15550
20319
9220
15128
-24232
13688
11280
-6057
-5426
-9454
-29740
-23732
-30745
-19140
-11313
32306
-4918
-25578
30375
-13879
18042
-11134
-24879
-30189
22226
-18186
26318
-5653
28436
-26484
-16553
15480
-26564
31516
-31930
-6011
30360
13352
6326
-7272
-24207
-11934
-22991
19206
13998
23165
-17026
-20606
22288
-30969
9195
-11916
7115
-21955
1205
2793
-13423
25117
28983
-28072
32397
-32557
-21346
16633
-10591
28727
-25525
-7359
-15648
-299
16165
7287
12457
14727
15874
-19681
24087
-21441
-32709
29880
-19178
16887
1975
21693
-16824
17679
-8281
-19717
-28163
25158
20046
-13118
-14847
17472
24117
7021
-7996
-21895
-3076
15300
-24929
-3863
30980
21910
5002
-15623
-27212
14579
12936
-17580
-16205
-1513
-28716
-18081
11686
-18508
-68
-12720
10843
23447
-16403
-15737
-18380
31964
-24660
-25893
5981
-4526
-1070
-32280
-31384
28899
-27180
-29755
-15787
-20158
-16871
18212
28488
-14403
-21682
-14801
27607
1702
-1317
7904
7265
-9130
3508
-13473
-26819
27309
31457
21465
-18818
24930
4339
31757
-6985
12990
-920
-14151
-14693
-7550
22621
10311
29343
-22839
6783
-20484
-9188
-5885
-1443
18136
25171
-31723
18199
11167
28193
20215
4186
-11809
546
20195
29872
19552
15701
-4225
20587
-18060
26760
-23545
-11767
897
29288
28279
-21734
-12379
-25098
-173
-1134
20223
-22885
23886
15849
10197
1940
-8021
22528
-29115
19922
-20598
18775
17284
25576
12467
14652
31804
24465
-673
9310
-18463
-24426
-30470
10650
27761
-12048
-19648
1861
-15433
-5796
-3107
-32151
-32451
-1730
-21599
28777
25536
-24314
-21285
-31035
4579
13566
2303
25076
32591
-24227
-10412
-32229
18331
11181
-24635
15860
15614
-8647
-27670
-4393
-12465
-9614
-1889
5832
9374
-3719
29931
-7576
-20645
-25328
-10788
-31985
14452
-23462
-5010
-20348
-13214
4860
-22906
13854
-4231
12093
-19181
24008
5045
19663
16669
-25082
3397
7984
32618
8767
-3064
-11325
-8786
-571
-28786
18494
-2480
-29842
8142
6426
-14054
-22244
-21920
-12288
1448
11155
-14432
-39
-25554
-27624
11231
13414
-13305
-31258
-3954
9910
-4561
-6257
28455
4072
4709
10884
8119
26428
19800
5303
2758
1927
-26329
957
-17948
1281
28085
-17449
21063
30178
-686
32145
-24331
-20261
20080
31600
-20845
-21874
4712
-31808
11777
8391
-26911
18233
23947
-27073
31208
31205
-8688
11959
8666
11207
-20681
11175
25100
16715
28229
10614
28791
20594
6495
27912
-27039
24218
24178
3704
16795
-4269
32398
30363
-883
-9612
15177
15689
26818
-518
-6105
13149
11732
-15175
21034
13643
-15411
-2989
-10101
20054
23617
-2599
24989
-2946
-6486
14664
4291
21470
-32574
16653
29416
-14062
25416
-22521
17568
-16618
-1425
-12923
12984
-5479
-10955
-28446
22756
3774
26908
1599
17389
-11613
-29463
-4341
-1881
14248
-31744
31133
27518
20226
-27282
9888
13175
-2738
4443
2039
8210
-2822
-13324
10210
-14690
-10981
-16095
8354
-14016
8879
-27281
-1566
4100
-10051
-10306
25521
27007
28773
-24640
28347
-13604
-25302
-7761
-10402
-11551
-21184
26904
-21433
1518
-14581
6498
19546
29623
-20580
23655
17016
-1814
-6005
-21700
9869
13638
13907
-15607
24596
-15723
6628
-5136
-29681
-32083
-31620
1866
13915
22640
-29052
-25828
24137
-9211
-26064
25098
30292
9628
-8464
-16102
-30959
346
17533
8125
31886
-22695
-19611
27767
24389
22009
-5912
-27813
-10841
26602
-29320
-22370
14126
21252
1299
-11253
-1456
-8097
-27367
16651
17138
-3169
-18586
22740
-937
-7335
-19873
14213
-3758
-18138
-18902
-14208
-21534
-16643
23428
-18623
-15466
-15168
-32434
-22382
-27033
15871
-4547
2527
1914
-19416
-20734
9273
-14898
12329
-19605
24891
-884
29507
17369
-4985
28243
-10372
19803
11172
22801
-3611
-1499
-10658
20058
14845
-6557
-5330
20884
-5051
-15815
25754
-30279
13357
741
26338
31395
21484
-14184
-13974
29176
-18903
23074
16935
-32572
-6546
7372
8072
4610
-30337
32569
-1179
31699
17984
-18862
32597
-22514
1389
32490
31293
11795
-2641
-16499
-1021
27436
23189
-31313
-25179
-28534
-16357
21187
-18305
-15719
-5052
14459
24973
11475
17803
-25043
-16732
24196
19825
24807
-10992
24458
4594
-18776
4079
30645
10870
1739
6690
-2078
-12745
17255
-17910
31135
-10394
24154
3326
-15190
-26620
-29268
8303
-27658
13219
29238
-12468
22166
-14192
9902
21648
-24684
23043
4715
24925
27113
482
-14713
-11488
22519
-9283
-16227
30244
29216
-13077
-18993
8482
-22201
17832
-325
1552
2192
-4599
-7020
-8779
-2331
-7479
18918
-28424
-4255
-6681
-29752
7641
-4759
26612
7357
-6361
-11198
11141
8619
-6269
-25175
-10974
3111
-21337
8516
-19812
15605
-8627
30338
18505
-26483
-4343
-15437
-9771
-3229
-31802
-28456
-23770
-20754
-11591
-1971
-32546
21759
-1294
-12233
5297
-1040
-11274
746
24837
11963
28493
-30634
22626
31830
18923
17092
32157
2940
12694
21522
20271
-3742
-5950
19472
-32624
-14857
4133
20521
12823
-30746
-12381
2364
-18368
-16705
24848
-27788
28430
25199
-24739
20280
15289
6218
16883
18035
-19867
-27257
31452
-12278
28977
-4710
-24861
-26751
2589
14785
-23771
4685
3492
-18682
-11036
-27558
3376
-12365
13649
-20687
16811
23229
22619
-5407
-88
-15965
-18700
-2649
-24440
11652
3382
15703
22798
5561
15717
16857
-21761
22682
15659
-3891
9783
-6314
26842
-18061
29239
-30511
23637
-9979
-10776
32624
-20463
10704
-3298
27357
18297
5768
-9415
20925
11728
28446
17804
11117
-20044
-13515
13747
-20548
8599
4606
25198
-16955
6060
-14894
4918
782
4378
27496
-1721
-4821
-19260
600
-16897
-18611
32063
29952
-6130
-18825
-32067
16817
-21304
-27732
5491
-30887
312
-13215
-10568
-8470
-24578
-19830
-18054
25675
-15267
20908
16255
-9608
16914
30658
-5824
11415
28640
-3650
-6044
-22351
13569
16464
5585
11170
-27278
-16545
14819
-3715
-365
15990
-9500
32164
12542
-25305
296
-7404
15944
-13856
16859
-2720
-27982
21836
19614
11647
-17576
-22837
-11833
13883
-4719
1838
4263
-3460
-25269
926
-2619
2040
15431
14663
21234
-21636
7512
1020
2025
13556
-23698
-29724
-30455
-16513
-20815
-27541
-10160
-11955
30673
29037
1120
19361
8145
21555
22610
16025
25645
1145
-29341
27059
-25639
27406
-26538
28692
12433
15410
-13967
14217
-19012
-18645
8823
-25740
-27642
-26773
10776
29943
32438
-523
20754
-15897
-14282
7112
6896
9433
25877
6726
-388
20448
22896
-585
-7070
-15162
22796
-4907
11738
-7806
-5460
11505
-8344
-21099
-2029
-14246
-22770
28479
5191
8457
-32679
2949
15450
27927
-13230
-1198
24133
-6704
26715
-26289
-9644
-30296
30112
9953
-16394
-7131
11006
17171
25315
10440
16192
-6908
16051
-27608
-7
31456
22499
-1035
-13609
-22878
-18213
23231
-21515
8201
21408
-2396
-8759
10679
-24543
16328
20443
-12546
-19538
-15089
-8776
20170
-19271
11892
-2225
-31751
-27454
9081
28574
19484
-26065
-9492
20027
-19212
-3322
-13864
17466
-59
-17669
8174
793
-23792
5594
-13779
25499
-12153
28879
23727
11917
-31444
326
26430
16682
19643
-2451
2451
17103
-20314
10897
14593
24856
9671
-29491
-5635
-23054
-29550
11595
-29656
15188
5145
16203
4373
30262
-18942
-23676
18577
-559
-6715
9392
-32142
-27307
22789
31132
25114
14300
-24596
17944
4385
-11522
4934
-1488
4032
-21878
27628
-27163
27294
10062
26355
-30009
-24455
-17781
16872
2635
-824
-2942
29470
24074
28443
-4375
-12916
23731
23263
4238
17195
29263
16351
19942
-17585
8117
13298
19638
-24448
-31814
13501
-23283
14791
-15867
31987
11874
-6263
-10817
-7782
4193
-226
-27144
19085
-1811
8261
-7424
-29663
-25901
-4209
30205
16879
5161
-21767
-25830
9394
-2071
-8897
26203
12156
-18016
-12620
30696
-3733
26619
-24782
-11598
7865
31585
-24951
30389
-9317
-659
4554
24477
21644
-7689
-32164
-20142
24015
-19038
-10118
887
27953
-5557
20376
28826
-30257
-32289
4287
-26965
-12411
7696
26671
20114
-20031
-10103
-28730
-32742
9391
-23050
12098
-18374
-27390
-28397
-24806
-28355
-27303
23169
-1316
-9479
-3614
-18239
4535
17828
30780
-21328
17698
-25844
-4771
3331
15391
-6218
-6054
-11141
-25080
24739
28360
15823
-23312
13559
-30283
20634
-22298
21887
10903
-3558
-10626
-94
27143
21269
27206
-26452
-26612
21139
5007
-357
-1887
-29302
23176
12828
-6458
13358
-3369
-25
27197
-25392
13194
7492
-27778
-15221
-27241
5447
8185
-19881
26424
-24892
-29390
-3157
-5060
-26121
-13578
-30360
-2066
26856
12785
26352
-30691
29919
-30260
-15076
8147
-23927
10261
28363
6130
19878
17265
26223
13153
-2697
22346
-20959
-15040
-69
27424
-29485
10417
20387
-3652
-1029
7389
-16614
-12699
-8199
-26336
-647
7656
922
31909
13019
6833
18660
-31366
2588
-8945
-19409
-20359
-22732
-26767
-514
-8155
5
17373
-2184
6914
-5846
-10466
-22524
-20094
32019
-2244
1695
22897
-27236
-31621
2937
15347
-30878
19100
-25807
-6014
3610
4137
1709
20851
-5171
-8557
-6497
17814
15819
2382
18429
2189
-24007
-4820
7896
19854
31245
26892
1019
-727
31160
-17993
17347
22782
-14104
-15309
-14045
-21082
-6212
27823
15822
-16495
-28053
12701
466
-29534
1780
-13997
-32751
12624
-17623
-4363
-12205
12051
-2937
6085
31128
-15000
-16728
30070
-23991
3844
-27199
8036
1821
-8615
28867
16852
29079
1298
-11883
-22873
21879
-22581
-24470
17213
-16950
31346
12880
28030
-17899
-1136
-10231
-1823
-962
16459
-19093
22855
-156
-705
-16383
11585
11190
12964
-1183
13259
5326
-32404
25892
4105
28963
1752
19712
6660
-29178
9451
11037
21669
-16734
-7870
-2391
16749
-24857
-2177
22777
15262
-29447
-23640
8302
-8115
-21578
-29261
8676
13867
19635
31799
23295
26862
14061
-7873
13974
-17849
-27741
-32358
20865
-281
-32494
-15699
-26713
3452
-19851
21208
-22013
-3512
17901
8721
-22402
-21170
30635
8058
-1528
32206
-6884
-7192
32391
3386
-6460
-14150
-22477
-29811
-9782
-20939
-17407
-9763
13000
-21400
-941
-5955
-12260
-2562
-9737
12091
12078
-16890
-30955
18360
30867
-17802
27148
-12509
12497
20361
-221
-3667
259
-7981
-27936
6521
15953
-8706
4364
-17667
16054
29852
-6590
-26847
32239
-22540
-12449
30818
-4401
-21557
11694
-9281
4053
-22080
5557
-28122
25873
-32662
9465
21469
-16725
-8143
30255
-7317
14339
-8188
26158
-14447
22413
29127
-26092
-23653
19905
2686
13851
-30647
29909
25359
-16999
21982
-27126
-23483
-15194
29412
-30911
21415
9239
-3332
-25482
24946
4281
1492
2217
20184
31996
-3089
-28794
-7240
-108
12038
-30756
-2524
14072
-13771
-8009
-17729
-6219
14361
24281
15559
-27944
1032
24327
-18484
13099
-17932
14876
-9900
-12274
-8698
32734
4570
4354
17825
-21894
10701
6131
659
-25336
32180
29572
2228
22906
28943
4909
-20412
-30421
906
30895
-29791
6829
-20976
-658
