10000
26527
26523
26509
26491
26480
26451
26431
26424
26394
26365
26345
26342
26321
26308
26293
26266
26249
26244
26221
26208
26178
26154
26146
26138
26126
26100
26093
26078
26054
26045
26029
26002
25999
25992
25980
25977
25971
25965
25950
25929
25905
25878
25858
25841
25839
25835
25828
25825
25810
25790
25764
25763
25734
25707
25690
25677
25664
25636
25634
25622
25617
25612
25585
25575
25563
25555
25546
25521
25496
25482
25462
25449
25423
25400
25392
25364
25337
25324
25315
25301
25274
25268
25242
25232
25202
25178
25162
25153
25144
25135
25116
25096
25088
25070
25044
25034
25005
24996
24976
24950
24935
24921
24916
24898
24875
24845
24835
24817
24799
24785
24775
24746
24737
24709
24694
24669
24666
24660
24648
24643
24615
24595
24585
24581
24574
24573
24557
24545
24543
24539
24515
24510
24502
24476
24453
24447
24428
24405
24390
24365
24348
24340
24325
24322
24301
24271
24247
24225
24197
24172
24154
24131
24129
24102
24089
24063
24059
24043
24022
24006
24000
23995
23967
23960
23944
23930
23915
23904
23882
23870
23865
23840
23814
23790
23782
23759
23736
23725
23702
23686
23675
23655
23627
23616
23615
23599
23570
23550
23525
23522
23519
23518
23497
23489
23462
23456
23455
23434
23428
23424
23406
23395
23382
23376
23353
23339
23334
23323
23295
23280
23264
23260
23238
23221
23204
23189
23174
23167
23139
23122
23103
23100
23087
23078
23072
23046
23032
23030
23020
23013
23002
22979
22954
22931
22925
22907
22877
22853
22836
22819
22813
22807
22783
22769
22767
22743
22719
22712
22692
22675
22650
22648
22624
22613
22583
22580
22556
22542
22528
22499
22470
22468
22457
22448
22420
22390
22386
22374
22352
22337
22307
22306
22279
22264
22250
22238
22215
22185
22175
22164
22161
22144
22116
22104
22074
22055
22040
22010
22005
21987
21966
21958
21945
21932
21925
21920
21896
21876
21858
21829
21828
21799
21798
21783
21770
21746
21731
21728
21720
21709
21687
21673
21656
21634
21623
21602
21588
21579
21572
21542
21533
21531
21517
21508
21501
21496
21493
21468
21441
21419
21403
21401
21386
21380
21357
21330
21322
21309
21307
21288
21275
21250
21221
21214
21202
21187
21177
21162
21158
21131
21109
21097
21088
21067
21041
21029
21018
20992
20978
20948
20932
20918
20907
20892
20868
20854
20831
20802
20788
20777
20764
20756
20739
20736
20710
20689
20668
20645
20626
20606
20578
20565
20551
20540
20526
20521
20507
20487
20462
20434
20433
20432
20425
20408
20399
20375
20361
20331
20319
20312
20293
20292
20286
20260
20242
20241
20229
20199
20187
20160
20149
20125
20111
20098
20074
20063
20051
20039
20020
20010
19995
19980
19957
19946
19924
19903
19874
19852
19843
19814
19807
19794
19772
19748
19747
19727
19711
19700
19686
19682
19673
19645
19620
19619
19611
19608
19586
19561
19553
19544
19516
19488
19459
19434
19429
19413
19384
19366
19362
19340
19311
19290
19277
19251
19230
19229
19224
19204
19182
19152
19144
19122
19094
19089
19063
19049
19038
19015
18990
18985
18963
18949
18941
18912
18888
18885
18863
18843
18827
18812
18799
18790
18770
18750
18733
18706
18678
18655
18631
18620
18590
18588
18561
18540
18524
18494
18492
18472
18454
18441
18429
18421
18401
18390
18375
18350
18345
18325
18304
18294
18279
18271
18260
18259
18253
18237
18220
18211
18188
18173
18157
18129
18126
18096
18068
18042
18013
17990
17968
17964
17957
17942
17934
17913
17909
17898
17892
17867
17849
17831
17805
17788
17775
17755
17727
17715
17687
17663
17633
17607
17593
17565
17542
17524
17522
17520
17492
17467
17441
17414
17391
17371
17356
17340
17310
17308
17304
17287
17285
17277
17265
17250
17230
17226
17220
17207
17198
17182
17160
17144
17142
17132
17131
17116
17098
17093
17072
17058
17036
17016
17014
17002
16996
16981
16959
16958
16944
16938
16928
16915
16887
16869
16856
16839
16826
16811
16795
16784
16770
16740
16720
16712
16685
16655
16637
16607
16602
16591
16570
16561
16556
16527
16512
16490
16476
16459
16449
16421
16408
16383
16371
16360
16345
16317
16290
16285
16257
16253
16232
16231
16224
16220
16198
16179
16174
16159
16150
16123
16096
16072
16047
16020
16010
15984
15980
15974
15961
15934
15933
15924
15915
15913
15893
15866
15840
15829
15803
15777
15770
15753
15737
15734
15719
15689
15685
15655
15633
15615
15586
15568
15554
15540
15536
15525
15499
15484
15464
15452
15446
15444
15425
15408
15381
15365
15344
15321
15291
15278
15274
15261
15244
15220
15196
15175
15156
15152
15122
15095
15092
15081
15057
15031
15016
14993
14964
14959
14948
14932
14920
14892
14873
14849
14819
14805
14792
14790
14785
14761
14753
14730
14711
14700
14675
14648
14636
14619
14594
14577
14571
14557
14546
14522
14521
14501
14480
14452
14450
14443
14415
14388
14379
14358
14345
14317
14314
14292
14288
14282
14266
14241
14214
14198
14194
14191
14168
14149
14136
14110
14091
14082
14081
14065
14048
14027
14002
13989
13982
13974
13946
13944
13923
13915
13902
13890
13868
13844
13818
13806
13783
13775
13749
13747
13722
13712
13693
13663
13641
13620
13619
13590
13588
13574
13547
13528
13503
13475
13453
13435
13411
13381
13376
13362
13344
13333
13328
13303
13290
13289
13261
13259
13247
13237
13236
13209
13180
13170
13169
13140
13118
13116
13103
13077
13064
13046
13044
13033
13029
13020
13010
12988
12963
12961
12948
12933
12927
12921
12894
12866
12859
12847
12841
12831
12825
12817
12802
12793
12769
12739
12722
12707
12693
12675
12672
12649
12647
12645
12635
12623
12610
12590
12580
12568
12543
12522
12494
12486
12464
12457
12430
12419
12395
12382
12364
12353
12338
12318
12302
12300
12293
12284
12271
12245
12217
12215
12194
12181
12153
12144
12119
12094
12073
12060
12049
12038
12016
11993
11985
11978
11954
11925
11896
11885
11884
11857
11843
11840
11830
11803
11774
11752
11743
11725
11724
11706
11697
11691
11674
11660
11654
11651
11636
11615
11610
11596
11577
11559
11544
11521
11498
11490
11479
11470
11469
11455
11451
11442
11416
11393
11384
11370
11342
11324
11311
11310
11280
11264
11260
11251
11228
11200
11175
11170
11152
11122
11111
11083
11078
11057
11038
11032
11013
11009
10986
10959
10952
10938
10920
10911
10903
10890
10887
10881
10861
10857
10853
10830
10807
10797
10795
10787
10778
10764
10756
10734
10704
10674
10646
10636
10607
10585
10560
10530
10518
10507
10498
10487
10474
10468
10465
10461
10442
10439
10420
10419
10412
10384
10364
10348
10334
10308
10294
10293
10290
10266
10243
10231
10206
10189
10183
10174
10159
10157
10145
10139
10135
10113
10110
10105
10078
10060
10042
10021
10004
9984
9972
9956
9948
9941
9919
9918
9890
9879
9863
9846
9844
9834
9806
9778
9774
9766
9754
9731
9718
9699
9676
9650
9634
9607
9603
9587
9567
9560
9542
9516
9510
9480
9479
9478
9473
9443
9424
9403
9378
9353
9352
9324
9294
9291
9279
9277
9266
9242
9216
9206
9203
9184
9161
9152
9122
9116
9091
9081
9071
9042
9026
9011
8997
8988
8970
8944
8929
8904
8894
8868
8855
8840
8819
8794
8766
8762
8739
8722
8700
8688
8673
8660
8659
8658
8654
8640
8636
8618
8596
8587
8585
8565
8544
8529
8516
8494
8466
8463
8441
8419
8407
8400
8390
8367
8340
8339
8328
8302
8298
8272
8269
8248
8234
8217
8210
8197
8170
8151
8121
8112
8106
8104
8075
8068
8044
8025
8020
7994
7969
7956
7937
7932
7922
7913
7893
7872
7861
7849
7836
7806
7786
7759
7735
7725
7697
7670
7642
7618
7616
7601
7583
7566
7543
7513
7506
7486
7468
7446
7420
7412
7404
7400
7390
7362
7341
7326
7321
7315
7287
7258
7242
7239
7211
7208
7205
7187
7185
7168
7148
7122
7108
7101
7082
7055
7035
7008
7004
6978
6951
6942
6912
6907
6884
6880
6866
6850
6842
6827
6816
6802
6799
6776
6755
6731
6704
6687
6673
6649
6631
6616
6614
6609
6582
6559
6531
6503
6482
6476
6475
6452
6424
6422
6417
6393
6386
6372
6349
6337
6311
6290
6263
6248
6240
6210
6191
6173
6153
6140
6130
6119
6108
6097
6084
6062
6041
6011
6006
5998
5975
5974
5973
5964
5942
5941
5911
5887
5878
5865
5848
5844
5827
5797
5778
5748
5728
5699
5695
5665
5653
5652
5637
5630
5603
5592
5565
5558
5548
5526
5517
5514
5507
5488
5474
5469
5467
5462
5443
5433
5415
5392
5386
5372
5368
5361
5335
5324
5297
5288
5279
5267
5258
5252
5227
5201
5189
5160
5146
5116
5109
5089
5063
5052
5036
5019
5018
4989
4988
4977
4950
4945
4944
4927
4915
4914
4900
4878
4849
4845
4843
4821
4815
4805
4775
4745
4715
4692
4691
4664
4651
4629
4609
4594
4580
4564
4541
4520
4514
4493
4467
4458
4431
4428
4412
4392
4386
4379
4369
4367
4353
4325
4324
4298
4279
4271
4265
4254
4238
4222
4205
4192
4175
4149
4142
4131
4108
4089
4070
4044
4019
3989
3961
3957
3942
3914
3886
3882
3857
3835
3824
3816
3803
3797
3794
3782
3772
3763
3761
3750
3721
3700
3679
3662
3648
3647
3645
3630
3629
3614
3613
3594
3564
3556
3555
3550
3535
3519
3511
3502
3499
3470
3458
3456
3454
3426
3413
3402
3373
3351
3334
3313
3306
3293
3265
3255
3240
3229
3223
3195
3185
3155
3134
3125
3118
3105
3083
3075
3063
3047
3022
3002
2991
2961
2959
2944
2935
2917
2907
2901
2881
2880
2868
2851
2843
2839
2823
2812
2802
2778
2761
2737
2713
2697
2691
2689
2681
2653
2649
2641
2624
2605
2585
2576
2553
2528
2499
2469
2454
2446
2423
2406
2399
2375
2359
2347
2343
2335
2322
2317
2316
2310
2287
2282
2262
2240
2237
2223
2215
2213
2197
2177
2147
2130
2118
2116
2099
2090
2076
2069
2041
2019
2003
1990
1969
1944
1924
1921
1893
1869
1854
1830
1804
1775
1747
1720
1708
1696
1681
1675
1674
1655
1631
1601
1573
1555
1539
1530
1513
1490
1468
1464
1452
1434
1432
1405
1383
1374
1365
1348
1346
1337
1326
1304
1301
1277
1272
1260
1232
1202
1189
1174
1154
1147
1129
1107
1086
1062
1055
1030
1025
996
978
974
973
955
934
909
886
860
855
837
835
832
819
803
785
770
744
742
724
721
705
692
664
650
628
609
580
565
557
553
552
537
522
498
489
462
455
437
410
396
381
379
351
327
300
283
281
273
259
258
252
251
240
217
188
180
178
152
146
130
113
96
80
59
57
56
42
14
-13
-27
-31
-57
-67
-83
-95
-97
-124
-149
-170
-185
-204
-213
-221
-227
-245
-253
-260
-261
-284
-288
-294
-298
-317
-318
-322
-323
-353
-371
-383
-399
-415
-417
-425
-428
-439
-440
-443
-460
-486
-493
-517
-546
-568
-598
-604
-611
-641
-659
-681
-700
-729
-753
-770
-785
-806
-831
-841
-851
-879
-896
-903
-926
-939
-964
-970
-985
-990
-992
-1016
-1032
-1052
-1080
-1098
-1126
-1156
-1184
-1205
-1224
-1247
-1271
-1273
-1287
-1288
-1318
-1342
-1369
-1377
-1378
-1389
-1402
-1427
-1455
-1484
-1512
-1539
-1564
-1587
-1593
-1622
-1633
-1638
-1668
-1686
-1701
-1714
-1736
-1760
-1761
-1783
-1788
-1811
-1840
-1868
-1898
-1918
-1942
-1967
-1976
-2001
-2022
-2037
-2053
-2072
-2088
-2109
-2132
-2156
-2170
-2181
-2191
-2209
-2214
-2239
-2262
-2286
-2310
-2339
-2358
-2385
-2396
-2425
-2441
-2444
-2445
-2475
-2496
-2503
-2514
-2537
-2556
-2569
-2588
-2614
-2637
-2644
-2652
-2681
-2699
-2717
-2718
-2725
-2736
-2746
-2773
-2781
-2802
-2817
-2844
-2856
-2861
-2881
-2884
-2893
-2920
-2926
-2936
-2948
-2958
-2963
-2983
-2984
-2997
-3006
-3035
-3064
-3083
-3087
-3105
-3122
-3144
-3160
-3171
-3196
-3217
-3223
-3252
-3276
-3303
-3329
-3348
-3372
-3399
-3403
-3425
-3453
-3456
-3470
-3487
-3507
-3529
-3548
-3571
-3572
-3584
-3593
-3610
-3639
-3659
-3674
-3697
-3702
-3721
-3731
-3738
-3755
-3785
-3786
-3809
-3826
-3829
-3857
-3864
-3880
-3906
-3913
-3932
-3952
-3975
-3990
-4011
-4013
-4028
-4054
-4075
-4094
-4107
-4125
-4133
-4135
-4139
-4142
-4168
-4189
-4200
-4205
-4217
-4226
-4232
-4250
-4264
-4271
-4292
-4318
-4340
-4369
-4370
-4390
-4396
-4423
-4449
-4473
-4478
-4502
-4511
-4519
-4524
-4536
-4554
-4557
-4560
-4585
-4611
-4614
-4623
-4630
-4646
-4664
-4688
-4705
-4728
-4744
-4755
-4773
-4803
-4824
-4826
-4855
-4885
-4899
-4916
-4933
-4937
-4960
-4972
-4980
-5003
-5019
-5030
-5037
-5041
-5064
-5075
-5099
-5123
-5147
-5168
-5193
-5214
-5230
-5251
-5262
-5291
-5309
-5326
-5348
-5372
-5384
-5414
-5437
-5438
-5462
-5473
-5502
-5527
-5544
-5550
-5552
-5573
-5599
-5614
-5620
-5644
-5659
-5675
-5704
-5728
-5748
-5767
-5797
-5800
-5824
-5854
-5881
-5906
-5927
-5929
-5947
-5973
-5996
-6023
-6048
-6065
-6094
-6105
-6108
-6117
-6143
-6166
-6188
-6211
-6226
-6234
-6252
-6275
-6283
-6301
-6309
-6312
-6340
-6345
-6363
-6383
-6409
-6421
-6431
-6453
-6480
-6486
-6504
-6524
-6531
-6560
-6569
-6577
-6605
-6610
-6638
-6663
-6685
-6689
-6719
-6730
-6743
-6767
-6768
-6787
-6802
-6818
-6827
-6847
-6857
-6874
-6898
-6910
-6925
-6933
-6961
-6985
-6994
-7001
-7018
-7034
-7061
-7069
-7070
-7072
-7094
-7110
-7123
-7141
-7147
-7167
-7192
-7214
-7218
-7223
-7246
-7271
-7276
-7277
-7297
-7300
-7314
-7334
-7362
-7387
-7408
-7414
-7444
-7473
-7502
-7527
-7539
-7552
-7558
-7559
-7584
-7612
-7617
-7646
-7672
-7688
-7715
-7718
-7741
-7766
-7782
-7789
-7805
-7824
-7831
-7853
-7864
-7884
-7907
-7934
-7957
-7987
-7997
-7999
-8000
-8004
-8022
-8052
-8059
-8086
-8109
-8116
-8122
-8136
-8164
-8192
-8219
-8230
-8243
-8259
-8273
-8281
-8295
-8320
-8326
-8333
-8362
-8386
-8404
-8405
-8415
-8424
-8432
-8456
-8473
-8487
-8514
-8541
-8565
-8593
-8605
-8625
-8634
-8664
-8694
-8721
-8732
-8760
-8764
-8789
-8799
-8825
-8843
-8860
-8864
-8880
-8901
-8915
-8923
-8924
-8942
-8966
-8971
-8986
-9003
-9030
-9055
-9073
-9081
-9087
-9107
-9136
-9164
-9165
-9178
-9181
-9201
-9222
-9237
-9263
-9276
-9297
-9322
-9349
-9378
-9398
-9414
-9430
-9453
-9465
-9494
-9497
-9500
-9506
-9530
-9551
-9566
-9595
-9604
-9622
-9626
-9654
-9673
-9690
-9704
-9732
-9736
-9753
-9762
-9782
-9794
-9806
-9815
-9834
-9848
-9856
-9862
-9888
-9896
-9923
-9937
-9950
-9979
-10002
-10017
-10037
-10039
-10040
-10060
-10090
-10110
-10129
-10146
-10159
-10162
-10180
-10196
-10209
-10218
-10237
-10240
-10265
-10268
-10289
-10301
-10314
-10318
-10332
-10342
-10357
-10380
-10391
-10412
-10441
-10452
-10478
-10492
-10508
-10509
-10529
-10537
-10567
-10571
-10601
-10615
-10634
-10647
-10649
-10668
-10691
-10697
-10712
-10738
-10748
-10761
-10787
-10793
-10809
-10831
-10848
-10863
-10876
-10888
-10899
-10925
-10930
-10940
-10958
-10988
-10990
-11012
-11017
-11019
-11041
-11044
-11046
-11061
-11074
-11083
-11102
-11129
-11155
-11169
-11180
-11200
-11201
-11223
-11252
-11258
-11269
-11296
-11312
-11324
-11354
-11358
-11359
-11375
-11385
-11392
-11402
-11407
-11418
-11434
-11460
-11478
-11489
-11508
-11533
-11555
-11574
-11594
-11602
-11632
-11647
-11673
-11701
-11714
-11725
-11726
-11728
-11730
-11752
-11768
-11771
-11800
-11808
-11826
-11851
-11875
-11897
-11921
-11926
-11945
-11956
-11978
-11996
-12012
-12027
-12052
-12064
-12093
-12113
-12119
-12121
-12149
-12165
-12182
-12185
-12213
-12222
-12228
-12236
-12265
-12268
-12293
-12308
-12326
-12330
-12354
-12358
-12374
-12379
-12389
-12408
-12419
-12425
-12454
-12458
-12482
-12484
-12499
-12512
-12540
-12546
-12548
-12553
-12554
-12583
-12601
-12608
-12621
-12641
-12651
-12675
-12687
-12704
-12723
-12750
-12753
-12772
-12796
-12826
-12842
-12872
-12889
-12899
-12924
-12941
-12957
-12963
-12977
-12992
-12995
-13004
-13005
-13012
-13019
-13047
-13068
-13075
-13080
-13084
-13101
-13105
-13122
-13135
-13154
-13184
-13212
-13233
-13241
-13257
-13286
-13312
-13329
-13334
-13347
-13370
-13398
-13422
-13432
-13435
-13454
-13458
-13471
-13488
-13508
-13530
-13542
-13570
-13582
-13612
-13621
-13628
-13644
-13663
-13677
-13680
-13683
-13699
-13710
-13712
-13721
-13744
-13755
-13768
-13791
-13815
-13818
-13825
-13835
-13838
-13853
-13875
-13904
-13909
-13912
-13913
-13932
-13957
-13965
-13970
-13983
-13996
-14016
-14030
-14035
-14050
-14078
-14095
-14125
-14128
-14134
-14158
-14185
-14197
-14222
-14247
-14270
-14290
-14298
-14303
-14327
-14338
-14356
-14373
-14378
-14407
-14415
-14423
-14451
-14474
-14477
-14485
-14503
-14513
-14532
-14562
-14576
-14604
-14629
-14657
-14676
-14696
-14720
-14730
-14748
-14760
-14774
-14797
-14810
-14811
-14823
-14825
-14843
-14848
-14871
-14901
-14912
-14940
-14958
-14980
-14990
-15014
-15016
-15019
-15045
-15066
-15078
-15092
-15097
-15122
-15146
-15166
-15190
-15220
-15248
-15267
-15290
-15311
-15322
-15338
-15340
-15353
-15380
-15404
-15425
-15432
-15446
-15460
-15488
-15515
-15529
-15537
-15556
-15570
-15575
-15584
-15614
-15633
-15641
-15647
-15676
-15692
-15713
-15717
-15724
-15737
-15752
-15770
-15789
-15814
-15819
-15836
-15852
-15873
-15875
-15878
-15891
-15920
-15928
-15952
-15976
-15988
-16011
-16018
-16019
-16037
-16043
-16056
-16086
-16108
-16116
-16141
-16161
-16190
-16197
-16209
-16227
-16228
-16230
-16233
-16237
-16246
-16276
-16292
-16303
-16304
-16329
-16331
-16358
-16385
-16389
-16400
-16423
-16434
-16453
-16472
-16494
-16520
-16522
-16523
-16525
-16537
-16550
-16561
-16572
-16596
-16598
-16609
-16632
-16660
-16661
-16677
-16705
-16720
-16741
-16768
-16785
-16808
-16821
-16831
-16836
-16851
-16879
-16901
-16928
-16931
-16957
-16968
-16984
-17010
-17036
-17042
-17061
-17063
-17087
-17100
-17125
-17141
-17150
-17173
-17183
-17192
-17213
-17222
-17231
-17238
-17266
-17283
-17292
-17312
-17337
-17350
-17364
-17368
-17378
-17383
-17388
-17400
-17430
-17456
-17473
-17499
-17508
-17527
-17533
-17563
-17578
-17584
-17590
-17611
-17624
-17631
-17632
-17658
-17665
-17683
-17686
-17714
-17724
-17743
-17764
-17785
-17795
-17819
-17839
-17842
-17851
-17865
-17894
-17898
-17907
-17935
-17936
-17959
-17973
-17991
-17996
-18024
-18031
-18045
-18058
-18069
-18094
-18100
-18111
-18114
-18128
-18153
-18154
-18163
-18188
-18210
-18226
-18240
-18267
-18293
-18314
-18318
-18341
-18353
-18381
-18401
-18429
-18437
-18458
-18464
-18489
-18490
-18495
-18516
-18528
-18534
-18545
-18547
-18577
-18583
-18603
-18612
-18623
-18652
-18659
-18677
-18679
-18683
-18696
-18703
-18720
-18741
-18758
-18783
-18788
-18816
-18829
-18851
-18878
-18889
-18914
-18941
-18947
-18952
-18958
-18977
-18987
-18990
-19013
-19015
-19040
-19060
-19086
-19087
-19116
-19141
-19143
-19152
-19166
-19187
-19201
-19220
-19245
-19269
-19279
-19286
-19292
-19300
-19326
-19356
-19381
-19398
-19403
-19405
-19410
-19415
-19417
-19420
-19422
-19423
-19433
-19439
-19456
-19459
-19472
-19493
-19494
-19496
-19508
-19532
-19539
-19568
-19580
-19598
-19599
-19611
-19616
-19626
-19635
-19638
-19647
-19670
-19700
-19718
-19729
-19759
-19788
-19808
-19827
-19852
-19867
-19882
-19906
-19913
-19941
-19959
-19964
-19969
-19995
-20001
-20015
-20033
-20054
-20058
-20082
-20106
-20132
-20151
-20172
-20192
-20199
-20201
-20217
-20225
-20237
-20254
-20269
-20276
-20282
-20283
-20302
-20317
-20345
-20361
-20377
-20403
-20406
-20409
-20415
-20420
-20435
-20452
-20458
-20487
-20508
-20530
-20559
-20574
-20580
-20596
-20606
-20608
-20629
-20638
-20661
-20682
-20696
-20707
-20712
-20739
-20745
-20763
-20765
-20791
-20815
-20831
-20833
-20848
-20859
-20873
-20887
-20914
-20922
-20936
-20937
-20966
-20991
-20998
-21008
-21028
-21052
-21072
-21089
-21103
-21131
-21152
-21181
-21191
-21220
-21221
-21238
-21263
-21264
-21277
-21285
-21307
-21320
-21322
-21350
-21354
-21373
-21375
-21382
-21393
-21413
-21425
-21440
-21467
-21493
-21516
-21537
-21558
-21566
-21587
-21599
-21621
-21635
-21652
-21671
-21683
-21696
-21724
-21751
-21760
-21775
-21802
-21822
-21842
-21869
-21889
-21891
-21919
-21941
-21947
-21973
-21994
-22004
-22022
-22027
-22034
-22063
-22087
-22098
-22124
-22136
-22157
-22172
-22175
-22197
-22226
-22247
-22250
-22258
-22266
-22283
-22304
-22305
-22334
-22348
-22358
-22372
-22377
-22389
-22398
-22401
-22421
-22450
-22455
-22478
-22494
-22517
-22533
-22560
-22581
-22587
-22596
-22618
-22643
-22651
-22667
-22697
-22711
-22721
-22726
-22737
-22756
-22784
-22808
-22835
-22862
-22891
-22909
-22928
-22952
-22968
-22989
-22990
-22991
-23014
-23029
-23033
-23059
-23075
-23087
-23090
-23093
-23113
-23129
-23134
-23136
-23151
-23170
-23188
-23204
-23212
-23216
-23244
-23266
-23294
-23321
-23329
-23335
-23353
-23358
-23378
-23379
-23401
-23404
-23405
-23421
-23432
-23441
-23469
-23479
-23501
-23522
-23548
-23573
-23590
-23604
-23627
-23636
-23650
-23662
-23683
-23713
-23724
-23733
-23741
-23743
-23762
-23789
-23818
-23827
-23856
-23865
-23892
-23903
-23933
-23936
-23949
-23968
-23977
-23978
-23996
-24018
-24019
-24029
-24048
-24077
-24084
-24102
-24113
-24117
-24129
-24130
-24136
-24143
-24144
-24154
-24158
-24181
-24192
-24194
-24221
-24225
-24237
-24245
-24247
-24267
-24275
-24287
-24307
-24332
-24357
-24380
-24408
-24424
-24443
-24460
-24489
-24490
-24508
-24523
-24541
-24563
-24576
-24602
-24611
-24626
-24632
-24657
-24668
-24686
-24688
-24706
-24711
-24723
-24729
-24740
-24748
-24777
-24798
-24806
-24824
-24847
-24875
-24891
-24908
-24916
-24932
-24933
-24951
-24969
-24981
-24996
-25004
-25024
-25036
-25062
-25086
-25115
-25143
-25166
-25188
-25206
-25220
-25235
-25241
-25269
-25299
-25321
-25328
-25329
-25346
-25375
-25376
-25395
-25414
-25425
-25450
-25458
-25468
-25496
-25505
-25524
-25545
-25575
-25594
-25616
-25644
-25674
-25698
-25705
-25731
-25748
-25758
-25765
-25770
-25799
-25810
-25836
-25838
-25845
-25863
-25873
-25879
-25887
-25901
-25903
-25915
-25920
-25933
-25943
-25972
-25992
-26003
-26021
-26033
-26036
-26049
-26072
-26077
-26079
-26082
-26112
-26116
-26141
-26147
-26170
-26186
-26209
-26212
-26229
-26234
-26251
-26256
-26283
-26305
-26308
-26324
-26337
-26357
-26383
-26404
-26427
-26455
-26477
-26478
-26508
-26513
-26523
-26549
-26578
-26589
-26607
-26637
-26662
-26677
-26694
-26708
-26727
-26742
-26765
-26767
-26769
-26774
-26787
-26788
-26791
-26818
-26842
-26851
-26867
-26874
-26886
-26888
-26912
-26941
-26947
-26967
-26981
-26982
-26993
-27010
-27031
-27050
-27079
-27097
-27121
-27131
-27157
-27184
-27209
-27213
-27222
-27227
-27232
-27240
-27267
-27274
-27294
-27309
-27311
-27335
-27342
-27363
-27385
-27412
-27440
-27448
-27450
-27473
-27494
-27513
-27522
-27551
-27560
-27576
-27585
-27613
-27643
-27664
-27668
-27687
-27698
-27705
-27706
-27708
-27734
-27762
-27791
-27819
-27840
-27852
-27862
-27873
-27890
-27912
-27925
-27945
-27962
-27983
-28012
-28039
-28062
-28088
-28108
-28129
-28155
-28159
-28183
-28188
-28208
-28212
-28221
-28237
-28260
-28268
-28278
-28279
-28285
-28308
-28331
-28336
-28363
-28372
-28401
-28428
-28445
-28455
-28473
-28501
-28515
-28533
-28550
-28578
-28588
-28607
-28616
-28645
-28650
-28654
-28665
-28675
-28685
-28689
-28698
-28703
-28719
-28724
-28725
-28752
-28756
-28783
-28802
-28805
-28813
-28833
-28852
-28882
-28896
-28921
-28944
-28973
-28986
-29001
-29017
-29036
-29065
-29091
-29119
-29131
-29153
-29181
-29199
-29217
-29232
-29248
-29275
-29296
-29298
-29314
-29338
-29345
-29356
-29358
-29365
-29382
-29389
-29392
-29414
-29429
-29444
-29456
-29466
-29479
-29493
-29511
-29528
-29530
-29545
-29563
-29568
-29583
-29609
-29621
-29642
-29659
-29677
-29701
-29705
-29727
-29739
-29768
-29769
-29774
-29775
-29784
-29787
-29802
-29824
-29846
-29858
-29867
-29877
-29882
-29891
-29898
-29909
-29934
-29955
-29968
-29981
-30005
-30028
-30039
-30047
-30065
-30082
-30084
-30109
-30136
-30154
-30172
-30183
-30189
-30211
-30232
-30242
-30270
-30290
-30296
-30310
-30319
-30328
-30336
-30349
-30370
-30388
-30413
-30436
-30461
-30483
-30496
-30505
-30535
-30543
-30552
-30579
-30587
-30610
-30633
-30660
-30687
-30692
-30716
-30736
-30750
-30760
-30784
-30804
-30808
-30829
-30856
-30872
-30888
-30906
-30928
-30949
-30968
-30969
-30984
-30996
-30998
-31006
-31023
-31027
-31028
-31034
-31063
-31090
-31116
-31139
-31149
-31167
-31173
-31188
-31192
-31217
-31236
-31259
-31289
-31298
-31304
-31321
-31348
-31356
-31367
-31370
-31398
-31413
-31430
-31440
-31459
-31463
-31466
-31471
-31474
-31498
-31507
-31511
-31513
-31543
-31551
-31566
-31584
-31597
-31619
-31634
-31659
-31683
-31707
-31736
-31750
-31769
-31781
-31807
-31836
-31853
-31873
-31889
-31903
-31916
-31933
-31953
-31975
-31981
-32000
-32011
-32024
-32050
-32058
-32065
-32067
-32068
-32070
-32099
-32123
-32142
-32143
-32171
-32201
-32226
-32228
-32233
-32248
-32278
-32290
-32298
-32318
-32323
-32352
-32375
-32390
-32416
-32427
-32437
-32451
-32462
-32463
-32485
-32491
-32496
-32526
-32539
-32540
-32553
-32578
-32583
-32591
-32609
-32630
-32648
-32658
-32680
-32706
-32735
-32753
-32771
-32790
-32818
-32833
-32854
-32879
-32904
-32910
-32913
-32918
-32944
-32972
-32989
-33007
-33027
-33029
-33056
-33082
-33110
-33120
-33148
-33155
-33183
-33197
-33222
-33226
-33235
-33243
-33266
-33269
-33287
-33303
-33318
-33344
-33347
-33372
-33398
-33402
-33410
-33440
-33444
-33448
-33474
-33498
-33515
-33535
-33545
-33549
-33576
-33592
-33614
-33632
-33639
-33661
-33686
-33703
-33721
-33731
-33750
-33757
-33765
-33794
-33817
-33841
-33870
-33885
-33895
-33908
-33936
-33946
-33972
-33974
-33997
-34013
-34032
-34035
-34048
-34062
-34073
-34089
-34090
-34105
-34124
-34152
-34167
-34187
-34205
-34206
-34220
-34232
-34253
-34265
-34274
-34297
-34308
-34337
-34363
-34390
-34417
-34438
-34456
-34477
-34482
-34493
-34500
-34506
-34535
-34545
-34567
-34592
-34594
-34610
-34630
-34634
-34654
-34677
-34695
-34714
-34717
-34732
-34750
-34776
-34777
-34794
-34808
-34823
-34825
-34828
-34858
-34868
-34894
-34912
-34923
-34926
-34939
-34941
-34965
-34975
-34995
-35011
-35016
-35031
-35036
-35050
-35059
-35068
-35090
-35097
-35104
-35129
-35154
-35176
-35198
-35206
-35229
-35246
-35256
-35274
-35298
-35303
-35309
-35327
-35340
-35365
-35382
-35411
-35412
-35424
-35448
-35467
-35492
-35498
-35512
-35541
-35564
-35594
-35616
-35638
-35653
-35673
-35700
-35724
-35748
-35775
-35784
-35808
-35836
-35842
-35870
-35872
-35879
-35903
-35916
-35933
-35963
-35982
-36011
-36025
-36053
-36078
-36085
-36090
-36096
-36101
-36127
-36134
-36148
-36159
-36189
-36210
-36215
-36226
-36248
-36275
-36285
-36292
-36320
-36338
-36356
-36384
-36407
-36435
-36458
-36473
-36488
-36501
-36509
-36538
-36548
-36578
-36597
-36621
-36643
-36645
-36656
-36676
-36692
-36715
-36727
-36741
-36743
-36761
-36775
-36779
-36802
-36808
-36822
-36843
-36852
-36876
-36878
-36892
-36915
-36932
-36944
-36963
-36988
-37018
-37020
-37031
-37041
-37045
-37067
-37077
-37096
-37097
-37108
-37133
-37160
-37189
-37211
-37236
-37262
-37279
-37290
-37312
-37329
-37359
-37371
-37373
-37388
-37400
-37408
-37433
-37447
-37458
-37462
-37477
-37497
-37499
-37516
-37538
-37545
-37571
-37594
-37620
-37623
-37631
-37645
-37664
-37673
-37679
-37709
-37718
-37737
-37749
-37756
-37764
-37788
-37797
-37827
-37851
-37854
-37867
-37869
-37870
-37893
-37910
-37918
-37932
-37958
-37968
-37974
-37986
-38014
-38034
-38053
-38074
-38079
-38091
-38112
-38133
-38137
-38165
-38169
-38189
-38219
-38223
-38243
-38258
-38274
-38298
-38305
-38309
-38322
-38323
-38344
-38352
-38363
-38380
-38407
-38410
-38430
-38460
-38483
-38493
-38519
-38539
-38569
-38585
-38613
-38639
-38653
-38677
-38684
-38690
-38698
-38718
-38721
-38726
-38728
-38738
-38766
-38791
-38809
-38811
-38813
-38839
-38844
-38863
-38865
-38879
-38892
-38915
-38925
-38928
-38936
-38962
-38974
-38996
-39006
-39026
-39036
-39060
-39071
-39074
-39087
-39107
-39126
-39140
-39142
-39171
-39174
-39175
-39204
-39227
-39232
-39238
-39245
-39251
-39272
-39282
-39293
-39315
-39323
-39341
-39360
-39370
-39387
-39400
-39405
-39425
-39427
-39437
-39458
-39475
-39500
-39517
-39523
-39530
-39544
-39555
-39563
-39587
-39601
-39608
-39616
-39618
-39632
-39645
-39665
-39676
-39705
-39719
-39726
-39752
-39777
-39790
-39812
-39813
-39826
-39838
-39859
-39887
-39897
-39901
-39924
-39948
-39966
-39979
-39992
-39997
-40000
-40011
-40033
-40049
-40078
-40100
-40107
-40136
-40141
-40161
-40164
-40187
-40194
-40224
-40248
-40265
-40279
-40306
-40323
-40347
-40358
-40372
-40390
-40413
-40438
-40453
-40481
-40485
-40504
-40511
-40526
-40550
-40560
-40565
-40574
-40591
-40609
-40638
-40644
-40670
-40674
-40677
-40692
-40696
-40702
-40703
-40714
-40733
-40752
-40771
-40796
-40824
-40847
-40871
-40898
-40927
-40944
-40945
-40951
-40953
-40955
-40965
-40971
-40980
-40997
-40998
-41004
-41009
-41031
-41053
-41078
-41090
-41114
-41138
-41139
-41161
-41185
-41195
-41216
-41244
-41257
-41281
-41292
-41316
-41343
-41369
-41396
-41423
-41447
-41471
-41477
-41491
-41510
-41512
-41533
-41542
-41561
-41578
-41599
-41625
-41632
-41638
-41648
-41673
-41677
-41687
-41704
-41717
-41740
-41748
-41778
-41799
-41821
-41845
-41854
-41860
-41874
-41897
-41905
-41909
-41926
-41935
-41960
-41989
-42004
-42025
-42046
-42052
-42078
-42084
-42092
-42103
-42133
-42147
-42158
-42171
-42193
-42194
-42210
-42216
-42226
-42236
-42261
-42279
-42307
-42329
-42336
-42347
-42351
-42374
-42391
-42415
-42431
-42436
-42442
-42443
-42461
-42481
-42505
-42528
-42554
-42562
-42574
-42590
-42598
-42620
-42632
-42642
-42652
-42680
-42695
-42702
-42712
-42718
-42727
-42743
-42765
-42789
-42811
-42816
-42827
-42829
-42834
-42845
-42846
-42874
-42901
-42929
-42955
-42965
-42985
-43015
-43045
-43062
-43076
-43097
-43113
-43114
-43119
-43141
-43158
-43162
-43187
-43198
-43218
-43221
-43241
-43260
-43264
-43285
-43310
-43312
-43333
-43344
-43352
-43380
-43381
-43394
-43417
-43441
-43449
-43454
-43466
-43483
-43498
-43503
-43515
-43535
-43559
-43570
-43574
-43580
-43597
-43625
-43655
-43664
-43667
-43689
-43697
-43709
-43734
-43759
-43784
-43800
-43827
-43854
-43855
-43885
-43914
-43936
-43952
-43961
-43973
-43978
-43981
-43985
-44010
-44035
-44038
-44065
-44091
-44116
-44141
-44162
-44178
-44207
-44211
-44239
-44251
-44269
-44293
-44310
-44311
-44330
-44343
-44370
-44372
-44376
-44401
-44420
-44448
-44470
-44487
-44492
-44522
-44529
-44553
-44568
-44584
-44603
-44615
-44639
-44659
-44680
-44704
-44705
-44716
-44740
-44746
-44755
-44771
-44783
-44800
-44824
-44830
-44840
-44859
-44876
-44894
-44910
-44932
-44954
-44972
-44995
-44996
-45018
-45047
-45072
-45096
-45102
-45113
-45133
-45152
-45153
-45161
-45169
-45186
-45203
-45215
-45225
-45246
-45262
-45290
-45295
-45309
-45325
-45334
-45337
-45340
-45370
-45375
-45387
-45405
-45434
-45453
-45481
-45495
-45499
-45520
-45522
-45539
-45552
-45582
-45598
-45603
-45622
-45628
-45653
-45666
-45671
-45682
-45687
-45697
-45721
-45734
-45752
-45782
-45789
-45803
-45808
-45810
-45833
-45862
-45890
-45912
-45916
-45921
-45947
-45970
-45995
-46006
-46034
-46053
-46065
-46088
-46096
-46124
-46142
-46168
-46183
-46208
-46235
-46254
-46266
-46267
-46292
-46311
-46319
-46326
-46332
-46338
-46368
-46395
-46415
-46422
-46435
-46448
-46449
-46459
-46479
-46483
-46495
-46502
-46529
-46550
-46555
-46558
-46559
-46584
-46603
-46612
-46621
-46628
-46651
-46660
-46665
-46680
-46700
-46726
-46730
-46749
-46768
-46783
-46800
-46806
-46810
-46811
-46836
-46856
-46860
-46885
-46908
-46938
-46941
-46956
-46974
-46996
-47021
-47035
-47039
-47046
-47050
-47074
-47100
-47118
-47131
-47148
-47176
-47201
-47216
-47226
-47242
-47251
-47266
-47271
-47289
-47301
-47307
-47334
-47336
-47358
-47361
-47367
-47376
-47382
-47402
-47410
-47420
-47422
-47440
-47452
-47474
-47502
-47532
-47547
-47555
-47572
-47597
-47622
-47644
-47649
-47672
-47692
-47697
-47707
-47731
-47754
-47780
-47788
-47792
-47814
-47821
-47836
-47861
-47874
-47893
-47919
-47920
-47946
-47947
-47961
-47975
-48001
-48014
-48017
-48030
-48044
-48054
-48084
-48108
-48113
-48115
-48118
-48132
-48160
-48172
-48202
-48206
-48235
-48238
-48264
-48268
-48287
-48296
-48303
-48305
-48317
-48331
-48356
-48366
-48386
-48405
-48426
-48433
-48457
-48467
-48472
-48480
-48508
-48536
-48538
-48540
-48563
-48579
-48593
-48608
-48618
-48624
-48630
-48651
-48662
-48665
-48666
-48677
-48681
-48709
-48726
-48729
-48755
-48760
-48780
-48800
-48804
-48833
-48838
-48841
-48871
-48896
-48918
-48935
-48938
-48960
-48969
-48981
-49003
-49005
-49014
-49028
-49035
-49049
-49074
-49081
-49104
-49120
-49134
-49136
-49155
-49177
-49197
-49202
-49213
-49242
-49253
-49281
-49293
-49322
-49335
-49358
-49377
-49380
-49381
-49390
-49411
-49434
-49444
-49459
-49486
-49497
-49524
-49528
-49534
-49539
-49554
-49579
-49587
-49588
-49601
-49606
-49619
-49627
-49645
-49655
-49676
-49691
-49706
-49728
-49729
-49749
-49773
-49779
-49791
-49815
-49824
-49830
-49845
-49875
-49887
-49892
-49906
-49925
-49939
-49940
-49945
-49959
-49970
-49987
-50010
-50020
-50025
-50034
-50052
-50064
-50080
-50088
-50108
-50138
-50168
-50179
-50180
-50189
-50211
-50237
-50254
-50263
-50291
-50296
-50301
-50331
-50340
-50348
-50365
-50388
-50396
-50414
-50430
-50441
-50460
-50488
-50504
-50525
-50542
-50570
-50584
-50603
-50632
-50653
-50669
-50680
-50685
-50700
-50708
-50735
-50761
-50765
-50769
-50786
-50807
-50829
-50858
-50872
-50880
-50889
-50902
-50910
-50911
-50940
-50956
-50979
-50995
-51023
-51052
-51059
-51084
-51104
-51125
-51129
-51144
-51171
-51183
-51186
-51211
-51237
-51239
-51254
-51284
-51300
-51321
-51328
-51340
-51347
-51365
-51389
-51391
-51404
-51422
-51423
-51434
-51448
-51461
-51474
-51479
-51493
-51513
-51527
-51544
-51569
-51589
-51601
-51620
-51621
-51636
-51656
-51664
-51672
-51674
-51679
-51688
-51698
-51699
-51707
-51731
-51757
-51773
-51792
-51809
-51827
-51831
-51834
-51864
-51867
-51868
-51892
-51920
-51924
-51942
-51963
-51977
-52004
-52030
-52034
-52046
-52066
-52090
-52113
-52122
-52139
-52146
-52172
-52202
-52224
-52252
-52278
-52304
-52313
-52319
-52331
-52355
-52382
-52406
-52425
-52427
-52453
-52472
-52499
-52513
-52535
-52541
-52542
-52551
-52563
-52580
-52591
-52597
-52611
-52632
-52651
-52662
-52669
-52686
-52692
-52697
-52701
-52721
-52727
-52729
-52749
-52777
-52793
-52802
-52828
-52838
-52858
-52861
-52889
-52902
-52907
-52909
-52910
-52934
-52957
-52986
-52998
-53015
-53039
-53056
-53060
-53088
-53095
-53117
-53147
-53157
-53163
-53180
-53184
-53186
-53193
-53195
-53218
-53248
-53254
-53279
-53308
-53310
-53338
-53339
-53357
-53358
-53363
-53387
-53400
-53412
-53420
-53448
-53466
-53494
-53517
-53529
-53533
-53561
-53587
-53611
-53634
-53643
-53673
-53677
-53678
-53680
-53686
-53703
-53730
-53753
-53772
-53775
-53787
-53802
-53814
-53817
-53833
-53853
-53871
-53877
-53894
-53914
-53940
-53956
-53984
-53999
-54026
-54052
-54056
-54067
-54096
-54107
-54117
-54129
-54146
-54159
-54182
-54183
-54207
-54214
-54220
-54247
-54269
-54294
-54295
-54313
-54315
-54335
-54354
-54372
-54373
-54391
-54400
-54403
-54423
-54432
-54454
-54461
-54486
-54496
-54510
-54515
-54526
-54545
-54568
-54589
-54607
-54616
-54617
-54618
-54634
-54652
-54656
-54680
-54710
-54732
-54760
-54789
-54805
-54826
-54831
-54855
-54861
-54887
-54907
-54908
-54931
-54942
-54952
-54955
-54977
-54998
-55018
-55035
-55058
-55064
-55080
-55107
-55117
-55140
-55170
-55198
-55217
-55219
-55248
-55253
-55279
-55291
-55302
-55320
-55349
-55355
-55377
-55397
-55417
-55427
-55429
-55437
-55453
-55461
-55483
-55513
-55528
-55535
-55536
-55541
-55571
-55579
-55604
-55626
-55632
-55649
-55669
-55696
-55706
-55734
-55751
-55760
-55764
-55766
-55790
-55803
-55825
-55852
-55858
-55866
-55872
-55876
-55899
-55912
-55915
-55921
-55947
-55948
-55965
-55989
-55994
-56014
-56024
-56047
-56055
-56061
-56069
-56076
-56087
-56107
-56127
-56157
-56175
-56190
-56203
-56210
-56238
-56248
-56265
-56280
-56289
-56304
-56307
-56313
-56314
-56335
-56339
-56346
-56358
-56381
-56406
-56419
-56426
-56436
-56452
-56479
-56506
-56508
-56535
-56558
-56573
-56593
-56598
-56615
-56639
-56664
-56674
-56678
-56679
-56701
-56709
-56736
-56754
-56779
-56791
-56811
-56819
-56835
-56850
-56853
-56865
-56888
-56918
-56945
-56963
-56968
-56989
-56993
-57002
-57023
-57029
-57052
-57060
-57069
-57085
-57103
-57111
-57130
-57160
-57187
-57193
-57211
-57231
-57255
-57260
-57282
-57297
-57319
-57346
-57366
-57368
-57371
-57391
-57397
-57405
-57425
-57431
-57437
-57447
-57477
-57494
-57515
-57525
-57540
-57555
-57578
-57596
-57622
-57632
-57637
-57661
-57691
-57697
-57713
-57738
-57768
-57789
-57810
-57834
-57860
-57879
-57897
-57913
-57939
-57968
-57998
-58022
-58037
-58062
-58081
-58105
-58126
-58155
-58163
-58183
-58185
-58215
-58238
-58264
-58271
-58292
-58293
-58304
-58315
-58343
-58351
-58367
-58372
-58379
-58389
-58399
-58407
-58419
-58441
-58458
-58479
-58498
-58525
-58549
-58558
-58583
-58613
-58640
-58656
-58672
-58682
-58685
-58690
-58696
-58715
-58720
-58727
-58741
-58765
-58783
-58791
-58806
-58819
-58831
-58850
-58873
-58886
-58887
-58906
-58929
-58939
-58941
-58967
-58971
-58976
-59000
-59016
-59020
-59044
-59058
-59076
-59102
-59121
-59129
-59146
-59165
-59184
-59192
-59214
-59233
-59239
-59260
-59287
-59296
-59301
-59315
-59319
-59320
-59325
-59335
-59339
-59347
-59351
-59372
-59400
-59414
-59423
-59436
-59445
-59460
-59467
-59484
-59504
-59515
-59543
-59569
-59573
-59577
-59589
-59619
-59621
-59649
-59652
-59667
-59682
-59707
-59711
-59730
-59754
-59781
-59809
-59839
-59843
-59862
-59891
-59905
-59930
-59943
-59971
-60001
-60002
-60030
-60047
-60064
-60072
-60089
-60091
-60099
-60111
-60134
-60144
-60165
-60170
-60171
-60196
-60203
-60210
-60226
-60235
-60263
-60266
-60281
-60302
-60332
-60353
-60369
-60389
-60411
-60414
-60435
-60441
-60454
-60462
-60464
-60473
-60491
-60517
-60526
-60531
-60553
-60575
-60578
-60581
-60585
-60596
-60598
-60599
-60607
-60615
-60641
-60655
-60679
-60708
-60733
-60762
-60765
-60772
-60775
-60780
-60804
-60810
-60833
-60848
-60871
-60875
-60894
-60904
-60911
-60934
-60961
-60964
-60989
-60990
-61014
-61026
-61031
-61043
-61069
-61081
-61091
-61111
-61131
-61134
-61151
-61179
-61184
-61187
-61217
-61232
-61237
-61247
-61271
-61278
-61303
-61320
-61348
-61368
-61396
-61404
-61423
-61441
-61459
-61483
-61501
-61521
-61522
-61538
-61566
-61570
-61581
-61610
-61629
-61641
-61671
-61674
-61692
-61697
-61725
-61742
-61743
-61753
-61781
-61810
-61824
-61836
-61860
-61863
-61864
-61877
-61906
-61907
-61918
-61927
-61955
-61970
-61990
-61995
-62023
-62032
-62060
-62076
-62078
-62089
-62100
-62120
-62138
-62161
-62176
-62179
-62201
-62224
-62243
-62263
-62290
-62319
-62328
-62337
-62348
-62376
-62392
-62404
-62426
-62442
-62446
-62463
-62471
-62492
-62516
-62528
-62530
-62553
-62565
-62592
-62603
-62612
-62640
-62645
-62674
-62685
-62715
-62740
-62753
-62758
-62762
-62788
-62795
-62825
-62834
-62851
-62873
-62899
-62921
-62931
-62951
-62954
-62978
-62993
-63007
-63029
-63056
-63085
-63104
-63114
-63132
-63152
-63171
-63195
-63206
-63230
-63257
-63272
-63284
-63307
-63336
-63342
-63365
-63366
-63380
-63404
-63431
-63432
-63447
-63448
-63452
-63471
-63496
-63502
-63532
-63545
-63563
-63591
-63599
-63613
-63632
-63652
-63672
-63695
-63713
-63734
-63760
-63781
-63790
-63805
-63833
-63840
-63852
-63853
-63857
-63863
-63877
-63879
-63899
-63906
-63914
-63931
-63948
-63965
-63967
-63988
-64001
-64009
-64021
-64034
-64051
-64068
-64072
-64099
-64122
-64148
-64173
-64188
-64216
-64239
-64244
-64261
-64275
-64285
-64309
-64324
-64338
-64351
-64370
-64382
-64399
-64421
-64430
-64458
-64482
-64497
-64517
-64528
-64542
-64557
-64559
-64563
-64588
-64608
-64632
-64637
-64638
-64650
-64662
-64666
-64674
-64682
-64698
-64722
-64734
-64759
-64762
-64782
-64786
-64816
-64831
-64832
-64851
-64874
-64899
-64916
-64929
-64955
-64962
-64992
-64993
-65021
-65036
-65037
-65067
-65080
-65083
-65110
-65135
-65157
-65187
-65205
-65210
-65221
-65251
-65274
-65303
-65304
-65328
-65353
-65373
-65393
-65412
-65440
-65451
-65453
-65466
-65489
-65510
-65524
-65538
-65550
-65554
-65580
-65595
-65597
-65624
-65634
-65643
-65649
-65666
-65695
-65700
-65720
-65730
-65753
-65760
-65766
-65769
-65773
-65778
-65800
-65819
-65823
-65833
-65855
-65865
-65876
-65879
-65897
-65920
-65942
-65972
-65976
-65995
-66025
-66029
-66031
-66061
-66077
-66086
-66113
-66134
-66153
-66175
-66189
-66199
-66223
-66246
-66275
-66304
-66332
-66357
-66364
-66381
-66408
-66414
-66425
-66435
-66454
-66462
-66482
-66486
-66513
-66523
-66534
-66564
-66588
-66597
-66607
-66617
-66643
-66650
-66672
-66682
-66700
-66717
-66719
-66723
-66736
-66748
-66757
-66765
-66776
-66777
-66794
-66799
-66816
-66820
-66835
-66839
-66846
-66876
-66878
-66906
-66931
-66958
-66967
-66973
-66987
-67003
-67027
-67039
-67054
-67073
-67081
-67110
-67122
-67142
-67161
-67179
-67184
-67193
-67215
-67244
-67261
-67268
-67298
-67303
-67322
-67346
-67362
-67371
-67397
-67410
-67434
-67457
-67480
-67501
-67513
-67542
-67563
-67590
-67606
-67608
-67613
-67614
-67633
-67655
-67662
-67663
-67690
-67695
-67707
-67710
-67734
-67751
-67781
-67806
-67824
-67854
-67857
-67867
-67887
-67891
-67902
-67925
-67955
-67962
-67992
-68009
-68028
-68050
-68068
-68096
-68119
-68142
-68143
-68154
-68183
-68200
-68211
-68213
-68214
-68227
-68245
-68259
-68269
-68276
-68300
-68306
-68319
-68340
-68347
-68369
-68380
-68394
-68396
-68404
-68425
-68429
-68449
-68474
-68478
-68507
-68525
-68529
-68544
-68555
-68578
-68579
-68584
-68613
-68636
-68664
-68683
-68705
-68725
-68736
-68744
-68774
-68797
-68798
-68824
-68845
-68868
-68892
-68919
-68923
-68940
-68949
-68956
-68977
-68986
-69001
-69028
-69058
-69079
-69102
-69124
-69144
-69159
-69178
-69201
-69227
-69231
-69241
-69262
-69271
-69287
-69297
-69311
-69329
-69346
-69374
-69376
-69401
-69425
-69454
-69455
-69484
-69489
-69503
-69507
-69521
-69523
-69553
-69578
-69585
-69611
-69630
-69654
-69683
-69710
-69723
-69752
-69773
-69776
-69804
-69830
-69853
-69873
-69896
-69923
-69931
-69952
-69960
-69961
-69962
-69972
-69981
-69993
-70017
-70036
-70044
-70045
-70071
-70075
-70092
-70096
-70124
-70132
-70153
-70183
-70193
-70199
-70221
-70240
-70255
-70257
-70266
-70282
-70296
-70312
-70336
-70360
-70382
-70390
-70411
-70440
-70466
-70471
-70492
-70496
-70504
-70511
-70535
-70560
-70567
-70585
-70592
-70622
-70626
-70649
-70660
-70683
-70688
-70690
-70716
-70746
-70767
-70787
-70792
-70802
-70806
-70809
-70824
-70847
-70865
-70872
-70895
-70923
-70939
-70947
-70953
-70980
-71009
-71015
-71019
-71027
-71052
-71071
-71072
-71098
-71108
-71110
-71125
-71148
-71170
-71191
-71200
-71209
-71219
-71241
-71243
-71267
-71289
-71296
-71308
-71332
-71333
-71359
-71389
-71410
-71430
-71442
-71448
-71452
-71482
-71489
-71511
-71535
-71540
-71547
-71554
-71572
-71597
-71610
-71629
-71651
-71679
-71693
-71716
-71728
-71754
-71756
-71774
-71786
-71810
-71829
-71843
-71868
-71888
-71899
-71917
-71930
-71952
-71965
-71994
-72013
-72043
-72073
-72083
-72090
-72100
-72108
-72131
-72136
-72149
-72174
-72175
-72195
-72196
-72204
-72222
-72231
-72233
-72247
-72260
-72281
-72302
-72312
-72337
-72351
-72380
-72387
-72402
-72411
-72420
-72424
-72439
-72451
-72469
-72497
-72499
-72509
-72519
-72520
-72544
-72561
-72572
-72576
-72595
-72597
-72605
-72632
-72660
-72688
-72700
-72715
-72724
-72747
-72771
-72772
-72782
-72802
-72816
-72841
-72864
-72876
-72904
-72928
-72934
-72964
-72993
-73013
-73022
-73023
-73052
-73061
-73071
-73073
-73095
-73106
-73131
-73141
-73146
-73154
-73177
-73203
-73224
-73228
-73245
-73253
-73283
-73295
-73305
-73317
-73333
-73359
-73389
-73398
-73427
-73438
-73447
-73450
-73456
-73480
-73502
-73514
-73532
-73562
-73575
-73596
-73613
-73630
-73652
-73676
-73681
-73682
-73694
-73707
-73722
-73747
-73748
-73750
-73776
-73787
-73810
-73824
-73853
-73857
-73870
-73885
-73912
-73932
-73945
-73970
-74000
-74021
-74050
-74062
-74077
-74106
-74107
-74111
-74132
-74144
-74168
-74187
-74198
-74203
-74221
-74236
-74237
-74240
-74246
-74250
-74261
-74273
-74276
-74280
-74304
-74321
-74335
-74358
-74376
-74378
-74380
-74383
-74392
-74412
-74437
-74460
-74469
-74470
-74488
-74509
-74515
-74528
-74553
-74569
-74589
-74596
-74623
-74628
-74632
-74649
-74652
-74673
-74683
-74712
-74741
-74742
-74754
-74769
-74784
-74806
-74833
-74856
-74879
-74908
-74922
-74951
-74981
-75003
-75004
-75032
-75052
-75055
-75074
-75097
-75110
-75133
-75140
-75143
-75173
-75201
-75219
-75238
-75254
-75279
-75285
-75295
-75307
-75324
-75348
-75360
-75364
-75380
-75386
-75413
-75415
-75441
-75455
-75467
-75497
-75502
-75512
-75513
-75524
-75526
-75536
-75541
-75557
-75567
-75596
-75622
-75629
-75659
-75681
-75703
-75732
-75742
-75769
-75775
-75797
-75801
-75828
-75832
-75843
-75868
-75898
-75911
-75932
-75946
-75952
-75966
-75985
-75987
-75988
-76010
-76022
-76040
-76060
-76065
-76091
-76093
-76094
-76119
-76133
-76160
-76162
-76183
-76193
-76195
-76197
-76211
-76231
-76244
-76274
-76295
-76323
-76325
-76355
-76381
-76391
-76406
-76411
-76437
-76454
-76480
-76503
-76515
-76536
-76558
-76581
-76588
-76611
-76636
-76641
-76650
-76671
-76691
-76698
-76708
-76715
-76735
-76746
-76763
-76789
-76805
-76835
-76836
-76851
-76868
-76875
-76894
-76919
-76925
-76941
-76944
-76967
-76982
-77001
-77003
-77023
-77032
-77060
-77072
-77083
-77084
-77090
-77096
-77109
-77130
-77139
-77147
-77170
-77187
-77189
-77214
-77234
-77261
-77284
-77296
-77317
-77341
-77361
-77389
-77397
-77418
-77434
-77449
-77456
-77474
-77483
-77485
-77504
-77533
-77551
-77568
-77595
-77605
-77632
-77658
-77666
-77676
-77701
-77723
-77735
-77758
-77759
-77779
-77799
-77812
-77816
-77845
-77861
-77887
-77898
-77903
-77923
-77953
-77980
-77982
-78000
-78023
-78033
-78054
-78058
-78062
-78072
-78100
-78103
-78116
-78121
-78135
-78138
-78147
-78161
-78169
-78195
-78211
-78225
-78244
-78254
-78267
-78282
-78295
-78297
-78324
-78347
-78371
-78392
-78416
-78418
-78422
-78431
-78437
-78458
-78464
-78483
-78512
-78529
-78549
-78559
-78586
-78609
-78638
-78661
-78682
-78705
-78724
-78738
-78766
-78792
-78809
-78835
-78840
-78842
-78869
-78874
-78890
-78918
-78928
-78952
-78958
-78981
-78982
-78998
-79006
-79035
-79044
-79060
-79076
-79089
-79093
-79102
-79103
-79113
-79142
-79170
-79175
-79202
-79231
-79245
-79275
-79296
-79325
-79345
-79352
-79378
-79393
-79410
-79433
-79453
-79474
-79476
-79484
-79493
-79520
-79533
-79550
-79569
-79576
-79583
-79592
-79609
-79629
-79657
-79683
-79688
-79695
-79698
-79703
-79716
-79718
-79742
-79748
-79759
-79771
-79773
-79802
-79822
-79832
-79848
-79856
-79870
-79889
-79896
-79908
-79912
-79928
-79930
-79931
-79947
-79952
-79960
-79972
-79984
-79989
-79992
-79995
-80009
-80039
-80052
-80077
-80093
-80095
-80101
-80105
-80135
-80143
-80162
-80171
-80173
-80201
-80213
-80239
-80266
-80267
-80286
-80300
-80323
-80335
-80364
-80365
-80370
-80393
-80421
-80439
-80464
-80490
-80495
-80521
-80543
-80557
-80564
-80571
-80589
-80615
-80618
-80619
-80646
-80649
-80650
-80676
-80698
-80703
-80706
-80709
-80717
-80718
-80737
-80759
-80774
-80777
-80780
-80807
-80819
-80833
-80844
-80857
-80865
-80868
-80869
-80896
-80923
-80935
-80957
-80981
-81003
-81005
-81032
-81044
-81059
-81061
-81090
-81119
-81130
-81131
-81134
-81137
-81149
-81151
-81161
-81164
-81182
-81184
-81193
-81218
-81240
-81256
-81257
-81270
-81291
-81310
-81311
-81339
-81342
-81361
-81383
-81404
-81423
-81439
-81465
-81482
-81501
-81505
-81507
-81509
-81522
-81523
-81530
-81551
-81562
-81567
-81571
-81599
-81616
-81640
-81657
-81669
-81692
-81698
-81726
-81755
-81771
-81784
-81814
-81844
-81857
-81884
-81888
-81896
-81916
-81927
-81946
-81970
-81984
-81987
-82014
-82023
-82040
-82051
-82054
-82059
-82064
-82070
-82078
-82093
-82121
-82143
-82145
-82159
-82169
-82174
-82180
-82200
-82221
-82250
-82252
-82265
-82275
-82297
-82313
-82318
-82334
-82344
-82352
-82353
-82373
-82379
-82384
-82389
-82396
-82411
-82423
-82450
-82473
-82495
-82501
-82507
-82531
-82561
-82565
-82569
-82578
-82587
-82617
-82647
-82660
-82673
-82680
-82682
-82696
-82699
-82707
-82709
-82713
-82720
-82721
-82739
-82756
-82784
-82788
-82808
-82829
-82849
-82862
-82890
-82895
-82925
-82935
-82962
-82991
-83000
-83027
-83039
-83060
-83063
-83078
-83083
-83097
-83113
-83122
-83140
-83167
-83182
-83184
-83191
-83212
-83215
-83243
-83272
-83292
-83313
-83326
-83352
-83371
-83400
-83423
-83440
-83448
-83465
-83473
-83482
-83488
-83501
-83510
-83522
-83543
-83560
-83579
-83583
-83612
-83623
-83627
-83635
-83647
-83664
-83668
-83671
-83698
-83717
-83736
-83756
-83781
-83788
-83799
-83801
-83816
-83832
-83855
-83875
-83902
-83927
-83951
-83976
-84002
-84026
-84044
-84057
-84076
-84082
-84095
-84096
-84116
-84119
-84147
-84153
-84164
-84194
-84198
-84215
-84220
-84229
-84230
-84235
-84258
-84285
-84309
-84323
-84325
-84340
-84347
-84356
-84369
-84379
-84385
-84388
-84396
-84426
-84447
-84456
-84482
-84495
-84500
-84504
-84523
-84532
-84562
-84568
-84597
-84623
-84635
-84648
-84670
-84694
-84697
-84707
-84726
-84752
-84757
-84785
-84787
-84816
-84836
-84850
-84865
-84894
-84898
-84901
-84924
-84940
-84960
-84961
-84983
-85011
-85034
-85052
-85075
-85076
-85086
-85090
-85116
-85141
-85155
-85174
-85175
-85184
-85205
-85234
-85238
-85259
-85279
-85292
-85314
-85322
-85335
-85344
-85345
-85358
-85359
-85380
-85401
-85429
-85437
-85454
-85468
-85488
-85501
-85526
-85553
-85572
-85599
-85615
-85641
-85663
-85666
-85696
-85720
-85732
-85746
-85775
-85804
-85805
-85810
-85816
-85818
-85836
-85844
-85868
-85870
-85895
-85900
-85922
-85949
-85963
-85981
-85982
-85986
-85992
-86021
-86022
-86029
-86055
-86075
-86093
-86109
-86113
-86118
-86144
-86161
-86176
-86186
-86209
-86213
-86223
-86246
-86263
-86274
-86299
-86303
-86312
-86314
-86315
-86332
-86346
-86375
-86386
-86392
-86418
-86431
-86451
-86464
-86485
-86494
-86509
-86536
-86550
-86579
-86580
-86605
-86624
-86632
-86661
-86672
-86691
-86707
-86729
-86757
-86759
-86786
-86798
-86825
-86827
-86848
-86867
-86875
-86882
-86885
-86887
-86905
-86915
-86929
-86933
-86958
-86977
-86981
-87003
-87011
-87021
-87030
-87054
-87082
-87102
-87129
-87146
-87165
-87188
-87193
-87221
-87248
-87259
-87265
-87267
-87272
-87295
-87305
-87328
-87354
-87366
-87368
-87391
-87405
-87426
-87440
-87448
-87466
-87476
-87492
-87502
-87521
-87537
-87561
-87563
-87591
-87606
-87621
-87641
-87651
-87673
-87681
-87688
-87690
-87692
-87715
-87736
-87743
-87773
-87779
-87782
-87805
-87809
-87812
-87839
-87853
-87861
-87877
-87906
-87916
-87932
-87940
-87968
-87970
-87987
-88000
-88011
-88014
-88037
-88047
-88054
-88082
-88108
-88119
-88142
-88152
-88178
-88198
-88215
-88224
-88254
-88275
-88298
-88306
-88311
-88318
-88335
-88364
-88385
-88391
-88416
-88442
-88465
-88470
-88476
-88480
-88502
-88532
-88536
-88560
-88572
-88591
-88599
-88623
-88640
-88667
-88684
-88689
-88719
-88725
-88749
-88757
-88785
-88806
-88812
-88822
-88851
-88866
-88893
-88905
-88907
-88916
-88940
-88941
-88965
-88995
-89011
-89032
-89046
-89066
-89068
-89086
-89088
-89109
-89132
-89162
-89168
-89173
-89187
-89214
-89230
-89259
-89274
-89276
-89288
-89289
-89318
-89347
-89348
-89369
-89390
-89409
-89419
-89445
-89458
-89479
-89488
-89506
-89523
-89537
-89564
-89588
-89603
-89614
-89644
-89661
-89674
-89689
-89712
-89717
-89745
-89771
-89777
-89799
-89829
-89851
-89863
-89871
-89898
-89922
-89923
-89946
-89972
-89979
-89985
-89993
-90018
-90036
-90062
-90079
-90106
-90107
-90114
-90123
-90143
-90145
-90161
-90177
-90190
-90216
-90238
-90266
-90290
-90314
-90319
-90344
-90349
-90365
-90366
-90374
-90404
-90431
-90460
-90481
-90492
-90504
-90534
-90557
-90571
-90588
-90616
-90644
-90660
-90689
-90710
-90712
-90713
-90732
-90760
-90779
-90792
-90803
-90815
-90835
-90848
-90870
-90871
-90891
-90900
-90912
-90941
-90951
-90978
-90980
-91005
-91007
-91030
-91034
-91048
-91051
-91079
-91090
-91105
-91114
-91124
-91130
-91149
-91158
-91161
-91189
-91198
-91219
-91221
-91229
-91246
-91262
-91273
-91278
-91308
-91331
-91344
-91366
-91392
-91394
-91416
-91439
-91445
-91471
-91472
-91487
-91509
-91539
-91553
-91577
-91586
-91587
-91603
-91633
-91656
-91681
-91696
-91705
-91714
-91716
-91737
-91750
-91760
-91790
-91805
-91816
-91831
-91845
-91854
-91874
-91902
-91906
-91910
-91930
-91949
-91966
-91993
-92012
-92024
-92050
-92068
-92077
-92088
-92118
-92144
-92172
-92188
-92200
-92205
-92221
-92225
-92240
-92244
-92260
-92265
-92284
-92306
-92313
-92331
-92359
-92364
-92371
-92375
-92401
-92413
-92418
-92444
-92455
-92464
-92481
-92500
-92502
-92514
-92536
-92538
-92539
-92550
-92568
-92583
-92596
-92626
-92635
-92664
-92690
-92720
-92746
-92766
-92788
-92808
-92827
-92828
-92842
-92872
-92882
-92899
-92917
-92935
-92937
-92944
-92949
-92955
-92962
-92966
-92982
-93002
-93023
-93039
-93062
-93068
-93097
-93103
-93107
-93131
-93156
-93181
-93189
-93196
-93201
-93227
-93239
-93260
-93285
-93312
-93336
-93366
-93367
-93376
-93377
-93386
-93398
-93414
-93421
-93450
-93474
-93495
-93504
-93519
-93525
-93552
-93561
-93563
-93567
-93577
-93589
-93619
-93639
-93641
-93650
-93664
-93677
-93700
-93720
-93732
-93751
-93760
-93765
-93788
-93799
-93805
-93806
-93835
-93852
-93881
-93897
-93911
-93932
-93934
-93951
-93961
-93976
-93980
-93990
-93999
-94002
-94020
-94036
-94061
-94080
-94102
-94127
-94145
-94167
-94180
-94186
-94204
-94217
-94247
-94264
-94287
-94301
-94329
-94358
-94363
-94393
-94418
-94428
-94446
-94450
-94452
-94482
-94495
-94509
-94532
-94546
-94549
-94566
-94569
-94580
-94600
-94623
-94652
-94672
-94677
-94707
-94712
-94741
-94743
-94748
-94749
-94753
-94778
-94794
-94814
-94838
-94846
-94856
-94885
-94895
-94923
-94952
-94977
-94998
-95028
-95052
-95060
-95070
-95080
-95105
-95118
-95148
-95153
-95159
-95172
-95187
-95189
-95210
-95222
-95227
-95243
-95263
-95272
-95302
-95312
-95337
-95364
-95390
-95414
-95423
-95432
-95449
-95479
-95495
-95518
-95545
-95554
-95575
-95598
-95624
-95632
-95652
-95665
-95668
-95696
-95700
-95708
-95736
-95744
-95763
-95780
-95783
-95792
-95820
-95835
-95844
-95860
-95867
-95872
-95893
-95905
-95910
-95915
-95923
-95934
-95959
-95982
-96012
-96023
-96045
-96054
-96062
-96085
-96112
-96123
-96128
-96154
-96179
-96205
-96222
-96247
-96267
-96268
-96289
-96313
-96319
-96347
-96363
-96373
-96378
-96402
-96421
-96428
-96447
-96471
-96485
-96501
-96528
-96554
-96558
-96564
-96590
-96594
-96613
-96631
-96633
-96658
-96671
-96693
-96720
-96740
-96744
-96773
-96795
-96808
-96838
-96859
-96872
-96879
-96888
-96915
-96924
-96928
-96940
-96951
-96981
-96994
-97014
-97021
-97044
-97047
-97049
-97051
-97064
-97074
-97096
-97120
-97132
-97144
-97172
-97183
-97206
-97221
-97249
-97265
-97291
-97305
-97334
-97363
-97376
-97386
-97389
-97406
-97428
-97453
-97458
-97473
-97501
-97514
-97535
-97548
-97553
-97567
-97581
-97609
-97612
-97626
-97647
-97657
-97664
-97674
-97701
-97716
-97727
-97733
-97755
-97772
-97790
-97797
-97825
-97831
-97849
-97852
-97877
-97900
-97919
-97927
-97933
-97951
-97963
-97993
-98010
-98035
-98045
-98062
-98063
-98086
-98088
-98109
-98131
-98151
-98166
-98195
-98206
-98235
-98252
-98267
-98270
-98288
-98313
-98316
-98334
-98359
-98370
-98372
-98393
-98414
-98440
-98454
-98480
-98504
-98508
-98516
-98533
-98558
-98582
-98600
-98606
-98611
-98623
-98630
-98632
-98633
-98653
-98665
-98668
-98688
-98692
-98700
-98724
-98745
-98763
-98785
-98808
-98826
-98839
-98859
-98888
-98906
-98929
-98934
-98947
-98964
-98972
-98985
-99000
-99025
-99046
-99059
-99089
-99115
-99129
-99137
-99164
-99187
-99203
-99228
-99240
-99258
-99270
-99286
-99315
-99342
-99345
-99355
-99369
-99399
-99407
-99431
-99440
-99457
-99483
-99504
-99509
-99531
-99559
-99564
-99579
-99601
-99608
-99618
-99644
-99665
-99692
-99701
-99715
-99726
-99733
-99737
-99738
-99757
-99766
-99796
-99812
-99830
-99846
-99857
-99866
-99886
-99913
-99935
-99948
-99956
-99975
-100000
-100007
-100021
-100049
-100077
-100085
-100110
-100130
-100145
-100154
-100156
-100157
-100177
-100198
-100224
-100237
-100255
-100259
-100283
-100304
-100307
-100329
-100340
-100348
-100366
-100395
-100425
-100445
-100465
-100483
-100485
-100499
-100508
-100528
-100530
-100552
-100582
-100597
-100620
-100639
-100661
-100677
-100698
-100717
-100722
-100742
-100748
-100776
-100783
-100787
-100805
-100818
-100848
-100849
-100858
-100874
-100900
-100919
-100924
-100947
-100961
-100970
-100985
-101008
-101013
-101035
-101037
-101053
-101065
-101071
-101079
-101085
-101090
-101109
-101117
-101144
-101165
-101181
-101207
-101209
-101211
-101225
-101241
-101258
-101288
-101306
-101332
-101346
-101369
-101385
-101407
-101419
-101444
-101446
-101460
-101485
-101513
-101516
-101525
-101547
-101562
-101577
-101589
-101609
-101636
-101651
-101665
-101694
-101722
-101726
-101732
-101754
-101777
-101780
-101796
-101821
-101827
-101833
-101846
-101859
-101880
-101897
-101907
-101912
-101928
-101930
-101958
-101984
-102002
-102014
-102022
-102035
-102048
-102063
-102084
-102102
-102119
-102142
-102146
-102175
-102177
-102189
-102212
-102238
-102250
-102272
-102296
-102324
-102349
-102373
-102400
-102419
-102429
-102444
-102457
-102485
-102505
-102524
-102531
-102535
-102555
-102580
-102601
-102604
-102608
-102610
-102627
-102629
-102655
-102673
-102699
-102726
-102750
-102754
-102762
-102772
-102800
-102810
-102812
-102840
-102866
-102893
-102918
-102936
-102947
-102954
-102959
-102964
-102976
-102985
-103009
-103030
-103046
-103075
-103100
-103108
-103131
-103140
-103148
-103172
-103182
-103193
-103217
-103227
-103235
-103254
-103275
-103295
-103320
-103338
-103356
-103377
-103404
-103411
-103412
-103440
-103466
-103491
-103498
-103524
-103525
-103535
-103547
-103554
-103568
-103585
-103587
-103603
-103607
-103632
-103662
-103692
-103720
-103721
-103729
-103747
-103774
-103779
-103788
-103814
-103824
-103834
-103838
-103859
-103873
-103890
-103907
-103916
-103933
-103961
-103981
-103987
-104005
-104019
-104033
-104039
-104044
-104050
-104077
-104102
-104117
-104126
-104129
-104139
-104163
-104178
-104184
-104188
-104217
-104232
-104261
-104274
-104297
-104310
-104324
-104338
-104353
-104372
-104386
-104407
-104432
-104435
-104439
-104468
-104478
-104488
-104500
-104504
-104529
-104548
-104553
-104558
-104571
-104597
-104620
-104647
-104669
-104676
-104699
-104700
-104722
-104744
-104755
-104759
-104787
-104800
-104820
-104823
-104840
-104862
-104869
-104876
-104900
-104923
-104935
-104957
-104977
-104997
-105015
-105043
-105071
-105100
-105108
-105118
-105120
-105139
-105164
-105177
-105182
-105200
-105202
-105217
-105224
-105235
-105263
-105276
-105298
-105301
-105317
-105322
-105336
-105348
-105351
-105372
-105375
-105398
-105415
-105431
-105445
-105470
-105485
-105499
-105520
-105535
-105565
-105580
-105604
-105613
-105641
-105662
-105685
-105703
-105716
-105718
-105722
-105745
-105751
-105774
-105791
-105820
-105839
-105863
-105881
-105893
-105907
-105933
-105954
-105962
-105971
-105987
-106001
-106019
-106031
-106046
-106075
-106086
-106102
-106112
-106114
-106130
-106133
-106144
-106152
-106172
-106200
-106218
-106233
-106240
-106258
-106278
-106305
-106327
-106347
-106368
-106392
-106401
-106403
-106418
-106445
-106464
-106471
-106488
-106490
-106499
-106518
-106538
-106557
-106559
-106563
-106582
-106594
-106623
-106649
-106659
-106679
-106681
-106693
-106700
-106717
-106735
-106754
-106762
-106767
-106782
-106802
-106818
-106835
-106862
-106879
-106891
-106918
-106928
-106942
-106943
-106968
-106986
-106995
-107018
-107041
-107063
-107087
-107101
-107130
-107147
-107162
-107180
-107188
-107201
-107211
-107219
-107235
-107249
-107268
-107297
-107304
-107312
-107335
-107364
-107383
-107389
-107390
-107399
-107422
-107428
-107444
-107449
-107457
-107472
-107491
-107509
-107510
-107525
-107527
-107536
-107543
-107558
-107559
-107574
-107601
-107611
-107633
-107654
-107674
-107694
-107697
-107720
-107731
-107741
-107770
-107794
-107816
-107827
-107839
-107858
-107879
-107901
-107903
-107931
-107954
-107980
-108007
-108027
-108048
-108076
-108089
-108091
-108103
-108133
-108160
-108174
-108181
-108202
-108205
-108210
-108240
-108257
-108259
-108281
-108301
-108322
-108341
-108358
-108371
-108383
-108405
-108426
-108442
-108465
-108488
-108504
-108532
-108542
-108546
-108554
-108561
-108581
-108582
-108601
-108622
-108651
-108669
-108688
-108700
-108709
-108735
-108761
-108772
-108802
-108830
-108846
-108848
-108857
-108863
-108885
-108911
-108939
-108940
-108967
-108988
-109006
-109019
-109043
-109072
-109102
-109117
-109129
-109157
-109182
-109187
-109211
-109219
-109246
-109269
-109294
-109298
-109308
-109330
-109349
-109362
-109366
-109373
-109377
-109383
-109392
-109399
-109421
-109432
-109462
-109475
-109503
-109524
-109548
-109570
-109594
-109609
-109633
-109661
-109662
-109666
-109689
-109701
-109726
-109737
-109752
-109776
-109788
-109792
-109811
-109820
-109842
-109852
-109876
-109887
-109909
-109935
-109954
-109965
-109984
-110004
-110027
-110038
-110062
-110086
-110114
-110121
-110137
-110148
-110163
-110166
-110173
-110202
-110215
-110244
-110259
-110272
-110281
-110306
-110323
-110331
-110359
-110382
-110393
-110416
-110421
-110427
-110443
-110473
-110498
-110508
-110538
-110550
-110558
-110570
-110573
-110596
-110607
-110622
-110643
-110645
-110670
-110691
-110717
-110734
-110755
-110781
-110799
-110824
-110852
-110867
-110897
-110913
-110921
-110950
-110973
-110981
-111000
-111020
-111046
-111075
-111092
-111122
-111148
-111160
-111188
-111217
-111238
-111246
-111258
-111283
-111288
-111293
-111321
-111330
-111350
-111369
-111383
-111384
-111408
-111411
-111425
-111428
-111453
-111470
-111482
-111490
-111504
-111521
-111538
-111549
-111565
-111582
-111606
-111632
-111651
-111663
-111673
-111695
-111721
-111732
-111753
-111774
-111775
-111776
-111782
-111790
-111809
-111830
-111849
-111857
-111860
-111873
-111900
-111921
-111925
-111955
-111983
-111996
-112005
-112029
-112040
-112065
-112089
-112111
-112125
-112138
-112167
-112169
-112188
-112207
-112211
-112212
-112213
-112224
-112249
-112260
-112267
-112272
-112283
-112312
-112339
-112364
-112387
-112414
-112428
-112446
-112459
-112462
-112478
-112486
-112502
-112524
-112525
-112553
-112571
-112588
-112608
-112627
-112647
-112667
-112696
-112707
-112718
-112724
-112735
-112738
-112740
-112748
-112772
-112788
-112804
-112828
-112841
-112849
-112855
-112864
-112870
-112878
-112885
-112893
-112906
-112907
-112919
-112938
-112950
-112964
-112967
-112976
-112978
-112992
-113002
-113007
-113036
-113059
-113074
-113078
-113092
-113121
-113147
-113164
-113165
-113192
-113218
-113241
-113261
-113280
-113290
-113298
-113325
-113333
-113351
-113375
-113384
-113408
-113437
-113454
-113483
-113494
-113510
-113524
-113545
-113570
-113574
-113596
-113598
-113603
-113628
-113647
-113656
-113679
-113698
-113712
-113731
-113732
-113754
-113756
-113765
-113781
-113787
-113800
-113816
-113823
-113844
-113845
-113862
-113889
-113894
-113905
-113909
-113930
-113947
-113965
-113967
-113995
-114025
-114030
-114041
-114047
-114058
-114072
-114085
-114110
-114129
-114146
-114147
-114174
-114186
-114203
-114213
-114214
-114224
-114248
-114253
-114266
-114268
-114277
-114283
-114295
-114302
-114308
-114333
-114352
-114369
-114384
-114390
-114413
-114436
-114456
-114459
-114478
-114494
-114496
-114499
-114500
-114506
-114512
-114539
-114560
-114580
-114581
-114585
-114614
-114642
-114643
-114654
-114683
-114705
-114719
-114746
-114751
-114769
-114799
-114816
-114836
-114860
-114869
-114887
-114905
-114914
-114933
-114960
-114961
-114964
-114981
-115008
-115015
-115030
-115060
-115061
-115073
-115087
-115109
-115116
-115119
-115131
-115145
-115151
-115167
-115192
-115221
-115226
-115244
-115268
-115275
-115299
-115312
-115320
-115331
-115348
-115352
-115355
-115373
-115395
-115397
-115405
-115418
-115448
-115449
-115468
-115472
-115497
-115508
-115514
-115542
-115553
-115559
-115585
-115595
-115608
-115615
-115632
-115655
-115668
-115693
-115697
-115723
-115752
-115776
-115795
-115823
-115835
-115843
-115868
-115890
-115906
-115908
-115915
-115918
-115934
-115961
-115969
-115987
-115988
-116010
-116032
-116047
-116077
-116083
-116101
-116103
-116116
-116120
-116127
-116131
-116153
-116160
-116188
-116189
-116213
-116226
-116252
-116274
-116295
-116323
-116336
-116342
-116364
-116370
-116381
-116386
-116395
-116424
-116429
-116433
-116437
-116449
-116459
-116467
-116477
-116496
-116522
-116552
-116567
-116592
-116617
-116643
-116644
-116655
-116668
-116690
-116715
-116728
-116755
-116756
-116761
-116770
-116800
-116808
-116832
-116845
-116851
-116862
-116864
-116868
-116892
-116894
-116897
-116917
-116940
-116968
-116974
-116978
-116996
-117022
-117052
-117079
-117097
-117098
-117102
-117104
-117131
-117143
-117158
-117161
-117164
-117182
-117211
-117231
-117239
-117251
-117273
-117285
-117300
-117326
-117354
-117369
-117388
-117407
-117437
-117463
-117476
-117497
-117520
-117540
-117546
-117564
-117572
-117575
-117597
-117619
-117633
-117649
-117679
-117700
-117711
-117726
-117738
-117757
-117767
-117794
-117824
-117837
-117850
-117857
-117871
-117879
-117894
-117898
-117928
-117930
-117952
-117960
-117982
-118007
-118011
-118012
-118027
-118048
-118074
-118079
-118089
-118102
-118127
-118130
-118160
-118177
-118204
-118232
-118255
-118275
-118288
-118291
-118318
-118331
-118345
-118348
-118372
-118395
-118418
-118430
-118445
-118467
-118494
-118507
-118512
-118530
-118531
-118545
-118552
-118559
-118587
-118613
-118619
-118635
-118644
-118666
-118688
-118717
-118728
-118739
-118745
-118773
-118774
-118796
-118805
-118829
-118852
-118860
-118883
-118885
-118890
-118898
-118902
-118904
-118919
-118921
-118947
-118948
-118971
-118977
-119005
-119021
-119033
-119052
-119062
-119086
-119112
-119124
-119152
-119167
-119169
-119193
-119212
-119239
-119256
-119283
-119307
-119312
-119322
-119327
-119356
-119385
-119408
-119416
-119428
-119445
-119455
-119483
-119498
-119507
-119510
-119521
-119527
-119540
-119563
-119567
-119595
-119609
-119625
-119641
-119657
-119669
-119693
-119707
-119735
-119760
-119777
-119778
-119804
-119820
-119848
-119877
-119887
-119901
-119921
-119926
-119953
-119955
-119973
-120001
-120015
-120031
-120041
-120071
-120100
-120127
-120143
-120153
-120173
-120193
-120213
-120237
-120266
-120270
-120294
-120302
-120315
-120344
-120350
-120354
-120355
-120365
-120376
-120392
-120403
-120431
-120460
-120471
-120501
-120517
-120531
-120561
-120563
-120591
-120592
-120596
-120625
-120629
-120659
-120661
-120672
-120686
-120709
-120711
-120740
-120755
-120768
-120794
-120821
-120849
-120879
-120906
-120925
-120946
-120956
-120981
-120999
-121005
-121030
-121035
-121059
-121079
-121099
-121115
-121136
-121165
-121180
-121209
-121217
-121235
-121255
-121261
-121262
-121285
-121299
-121315
-121319
-121335
-121341
-121362
-121384
-121411
-121418
-121441
-121443
-121468
-121487
-121489
-121509
-121539
-121542
-121546
-121575
-121599
-121600
-121613
-121637
-121641
-121650
-121652
-121653
-121655
-121673
-121684
-121689
-121704
-121705
-121717
-121743
-121754
-121760
-121762
-121782
-121787
-121791
-121801
-121820
-121849
-121875
-121905
-121907
-121921
-121927
-121949
-121964
-121984
-122010
-122026
-122043
-122044
-122069
-122085
-122105
-122125
-122155
-122172
-122193
-122213
-122230
-122242
-122261
-122287
-122317
-122342
-122348
-122349
-122371
-122379
-122395
-122422
-122437
-122453
-122461
-122488
-122503
-122519
-122542
-122548
-122563
-122568
-122571
-122585
-122587
-122598
-122613
-122641
-122642
-122655
-122671
-122701
-122728
-122750
-122757
-122771
-122776
-122778
-122786
-122800
-122825
-122853
-122860
-122873
-122899
-122915
-122926
-122935
-122941
-122954
-122978
-122991
-123015
-123042
-123059
-123085
-123106
-123133
-123134
-123152
-123157
-123169
-123189
-123205
-123209
-123237
-123253
-123258
-123283
-123301
-123309
-123338
-123365
-123370
-123380
-123400
-123408
-123429
-123439
-123469
-123495
-123508
-123536
-123548
-123572
-123595
-123614
-123625
-123632
-123643
-123645
-123660
-123661
-123691
-123696
-123715
-123726
-123734
-123749
-123770
-123779
-123791
-123795
-123806
-123823
-123845
-123866
-123896
-123904
-123930
-123956
-123982
-124005
-124026
-124052
-124059
-124087
-124102
-124129
-124157
-124176
-124192
-124200
-124206
-124210
-124216
-124238
-124251
-124280
-124309
-124311
-124336
-124342
-124365
-124380
-124396
-124421
-124443
-124445
-124456
-124478
-124503
-124525
-124555
-124556
-124567
-124575
-124583
-124605
-124631
-124651
-124662
-124682
-124707
-124728
-124756
-124768
-124774
-124781
-124799
-124800
-124814
-124825
-124839
-124850
-124875
-124882
-124886
-124894
-124919
-124932
-124946
-124959
-124966
-124970
-124998
-125009
-125035
-125057
-125064
-125074
-125091
-125117
-125129
-125146
-125175
-125189
-125203
-125218
-125239
-125262
-125280
-125295
-125325
-125355
-125383
-125404
-125425
-125441
-125458
-125462
-125465
-125471
-125489
-125496
-125497
-125526
-125550
-125556
-125563
-125573
-125580
-125599
-125615
-125629
-125633
-125658
-125674
-125683
-125704
-125726
-125728
-125748
-125752
-125772
-125791
-125798
-125811
-125820
-125832
-125839
-125841
-125868
-125897
-125927
-125936
-125952
-125953
-125968
-125994
-126002
-126020
-126022
-126033
-126056
-126069
-126079
-126100
-126115
-126123
-126152
-126160
-126183
-126197
-126224
-126225
-126248
-126265
-126281
-126286
-126288
-126308
-126334
-126338
-126344
-126356
-126381
-126408
-126411
-126440
-126442
-126450
-126471
-126479
-126497
-126509
-126534
-126547
-126564
-126578
-126589
-126603
-126627
-126657
-126668
-126681
-126693
-126697
-126708
-126735
-126760
-126778
-126806
-126824
-126851
-126862
-126872
-126894
-126908
-126932
-126943
-126953
-126971
-126988
-127012
-127020
-127046
-127049
-127065
-127076
-127103
-127132
-127144
-127145
-127172
-127194
-127209
-127220
-127229
-127251
-127272
-127286
-127316
-127338
-127360
-127384
-127414
-127431
-127438
-127468
-127480
-127500
-127506
-127507
-127508
-127526
-127541
-127559
-127587
-127606
-127635
-127639
-127649
-127667
-127688
-127709
-127728
-127754
-127759
-127769
-127781
-127805
-127823
-127848
-127873
-127888
-127892
-127919
-127944
-127956
-127981
-127994
-128007
-128019
-128040
-128041
-128062
-128072
-128081
-128111
-128122
-128143
-128168
-128191
-128205
-128233
-128248
-128259
-128272
-128280
-128301
-128325
-128340
-128363
-128388
-128404
-128415
-128434
-128438
-128457
-128485
-128492
-128521
-128528
-128535
-128544
-128574
-128595
-128623
-128630
-128634
-128642
-128659
-128685
-128687
-128711
-128719
-128720
-128733
-128755
-128783
-128788
-128789
-128792
-128817
-128819
-128827
-128844
-128874
-128894
-128895
-128922
-128939
-128965
-128974
-129001
-129002
-129021
-129030
-129035
-129041
-129042
-129046
-129052
-129067
-129096
-129113
-129136
-129162
-129177
-129191
-129193
-129219
-129236
-129265
-129285
-129315
-129323
-129349
-129379
