10000
7448
4031
25281
-7790
-7572
-16645
15434
-11545
-31553
11562
-32023
7637
20856
19276
24116
17156
24213
-28077
-27887
1383
-19064
-15411
-22874
9895
32007
16103
-21709
5072
-1194
30838
97
18385
-3277
4275
-27510
-15869
25698
3859
8750
-29837
5213
-9520
-19439
-32540
-1589
-2374
23013
10537
-14954
24761
17789
10393
-3833
14989
-24299
24626
5609
-6637
11174
-12833
-31683
-4261
21735
25205
32273
27047
-9773
-2465
-29158
-25482
-7100
-5886
-23126
31494
-281
-25415
17785
-8079
-21275
-29292
23397
31918
-2431
14545
-21232
10439
-10841
15946
-19043
7537
-11510
-28033
-684
11270
-16005
-13859
2524
-31783
13465
-4960
30121
-6708
-4011
8813
-11756
-5589
-3478
-18691
18212
-12404
19481
27614
27890
-7104
31577
-13630
23707
-18476
8284
-27497
28554
-17262
26511
-22310
-13771
-9985
-1857
-14916
-8336
5795
12838
22033
-15536
20183
6612
-483
32035
-17251
329
-20883
5511
-19923
24420
-19453
25759
-27637
-4455
-12674
28366
-3676
-7548
-21126
26784
30429
-1325
-30194
20802
-10005
-10217
-20402
-7429
-24289
-13702
-1848
28639
10979
12474
19959
26602
772
417
-1514
30691
30957
-6202
-30731
20908
30348
7914
6876
24778
3222
-15607
26849
-20735
-26894
-18211
15442
-19843
-19390
-31663
-11898
-32289
12795
-13333
1655
24475
3996
7146
11649
-3575
4573
838
30071
29440
-16861
5447
-857
-1222
-14113
-7820
-18894
5146
23055
-25530
-5023
11027
13940
-2043
-7738
-31628
-24063
-890
17456
-23971
23236
10728
-14263
-24124
-12730
-16634
19753
23932
30013
-9961
-21891
-15694
-26508
-2289
2278
-8162
11596
10706
282
13864
4100
14418
-17414
-7769
20638
13753
24122
-21103
-2540
27731
3429
-9896
-8993
30194
-31455
-22535
-21076
-21097
1568
-10963
12033
3602
-8007
6422
-21640
-30793
12692
4384
-5291
-27119
7662
-17409
14868
-7144
-17758
1042
23245
3485
9106
13164
-15046
-31611
-31067
-17007
15955
-25970
-1839
-15933
27819
-9590
-22440
-28477
618
-5634
-6659
-1945
5135
18576
3234
25024
-16511
-19490
30603
-20196
-29569
956
14054
-30077
14400
-3304
-16324
-7116
13873
14161
23097
-8088
1448
21480
-16925
-15358
20322
256
-25593
29367
-23543
19704
18966
-29027
7941
-26961
23298
17415
-32171
9520
10257
-6026
-9487
30687
-19418
-3127
28888
6988
22710
6206
-25013
-13960
22340
31283
9172
6217
-21736
15245
9579
-361
-583
17192
15667
32613
-25036
30659
-24808
22239
-1575
-29315
-27595
32285
-24777
16751
29983
-10119
8297
14834
13999
-23597
-8066
23388
-839
-9790
25298
16737
19767
19346
-10204
-9880
-15571
6178
-871
-30461
-22261
-14474
4094
-29296
13177
-9358
-11374
-24372
-17344
-6546
-19019
-19568
10542
-9504
-19562
25777
-7085
16230
-30056
20582
24615
-30133
-26146
10339
20239
-9476
-11323
30816
27353
17515
24730
-20855
-1662
-16296
-21993
-27816
31737
-24989
-22295
23896
29388
20175
30166
-21454
-13948
-4073
-26910
28597
7440
11320
-31657
8861
-32150
21548
-2676
8826
13983
-7133
-4932
-27683
17598
17796
-21279
21972
26892
-7166
-29903
-12717
-24487
23884
-20322
49
-9774
-13589
13485
13000
21063
18210
20420
-32317
-30746
18913
-4995
15680
-8403
-12516
14601
25317
-20772
26463
20024
-8128
6829
-21558
-18263
23521
5324
28143
-19646
17347
9948
-7824
-6910
19239
9123
6157
-1182
29137
27148
6556
29577
10762
32676
-24120
19344
20255
-15132
-6944
-23780
-11231
32457
3669
26272
4385
807
-7455
-10557
31804
12626
-649
-2332
19854
3467
-3552
16640
-3830
12730
-28984
9360
-19033
22502
-8167
-29402
-28704
29886
-15624
14539
19896
-25107
-6649
17336
-5137
6492
17629
-9176
-28192
-32305
10011
16072
-10078
14544
-13277
-29189
-25158
-8347
-9874
17781
-24283
13976
-20845
-11743
-20767
-12272
31716
24430
18333
-4209
-20785
12339
8672
-21772
24276
-2720
-5881
-11863
8975
28685
19454
19211
-11113
-2870
-31365
-12935
17196
-21179
-10029
-12108
-12775
-15263
-26646
18815
2540
-31690
-15204
-20842
1747
23687
-28095
31227
-31733
-7431
-4310
-836
21234
25820
-472
-29945
6699
18046
32761
-26870
9033
20937
21235
-26038
12725
-13949
386
-18652
14621
30397
-6119
16814
-11254
-10641
32358
23445
-23028
19813
-24520
6303
24211
-10887
-8154
7165
8082
17836
-25068
-25733
-23410
-25196
8019
5936
-18427
-5569
-19943
22941
-16568
-26764
-5766
-15501
1398
2576
-7055
-13925
-2249
4725
20327
11696
20103
21830
23288
5018
23115
17396
5165
3701
11764
24657
-1143
-13368
22563
-16149
-32587
21755
-4800
6748
18594
-21885
29045
29734
-19319
-6558
-8241
-18647
-24653
-32485
12711
-20916
-9127
26363
32205
22380
23693
-21038
-4190
-5260
-29454
2543
10072
10249
-30392
-23380
16766
-6075
-13602
24982
-15575
-25308
24674
24724
1325
-9357
17815
12111
21135
-18001
-4961
-12909
30671
-17040
-12388
-26294
-30486
8649
31641
25099
-1937
-445
-32168
29950
20502
1519
4376
-2243
-26525
5654
15426
-16256
12928
29289
-16932
32031
1280
-27173
-3297
9679
21953
-8715
10301
27778
-73
-27360
-12655
-6020
-10219
-30494
28818
18499
17786
-6370
16423
-19384
16221
-19652
-24371
-27131
14185
9278
-21499
3209
7158
365
6795
-24768
-24162
-403
-25393
-2660
-14732
30613
24831
-26141
2138
-30334
10316
-11315
-27642
-7475
-16864
901
19164
29202
20013
28737
-17816
13837
-6678
28250
-6346
-13365
14922
-26029
24241
-17163
1933
7333
5109
-14204
18211
-30646
-26246
3918
-32274
1290
-16091
10157
-11234
16750
-2350
-8106
16671
-17110
-13312
-19127
-9691
29397
-16017
-13101
-20521
22822
-22377
-11462
27299
30246
-2770
-30499
2790
11607
-347
28744
-30736
16350
20055
22299
328
22278
-20060
7656
-25655
7867
-5572
19680
-17287
-28688
28463
29845
-11627
3002
-27135
-12416
-12823
-25746
30939
-14715
2627
31255
-8237
-2119
-19885
-17129
13476
-2056
14740
10063
-10674
-22724
-1853
-2995
28687
-8679
-21106
27424
25652
29890
-4094
459
-19681
16135
5170
-1927
27032
19791
10595
31311
-4383
23957
13929
-30912
-24578
-16824
29986
11420
30479
-4604
14573
-17737
18904
28553
-17712
-591
-32052
22251
-13267
-19934
21950
-657
27586
26438
13909
23886
10095
7548
-11931
1243
-2893
-6518
23634
19542
14690
19345
11956
26246
31151
20956
24933
-25437
-28938
16392
13995
12385
-23068
-3852
8243
-1434
-11827
-2979
8587
-23573
-20417
21707
-17065
29794
17626
-27208
4706
-27925
441
-19231
14580
-26952
17211
9243
-6781
-18200
-31074
-3659
2434
-26148
-16852
23938
-2409
-32273
29274
32470
-8447
-1288
13153
26402
15602
-9782
10876
-4484
8792
-18507
-13536
3551
-28966
9212
12775
-8026
14010
27265
-23949
-27359
4178
31768
-15094
-13725
23955
-11904
3814
-13191
-771
-9087
27207
26066
-15503
12124
-17575
2427
-6
20325
9912
5567
28571
12395
25806
19105
-23655
-17729
26980
22757
-27968
-3992
-24861
-23412
10950
-3498
4369
27059
28544
4949
-32442
21995
8485
-7489
-5667
16854
-21486
22021
7395
13236
19132
23987
-31232
-3045
-4557
20323
9764
-10098
21639
25267
20166
-8346
-2070
-1825
-14435
190
10727
5778
1276
-15075
3630
6092
2709
-13875
15970
-4348
-14775
26748
26556
27185
5103
176
-22971
24542
12877
8547
5283
-1372
-23525
11088
-26617
22374
11346
-6101
8456
-24219
-18990
25458
18784
25088
-11675
2126
30033
10619
-2226
8821
-20569
21566
2443
-9763
10185
-31177
31980
-11261
10590
9871
-23690
17507
-31121
-15301
-29759
765
31293
-25379
-15496
-11573
-27937
17767
17671
-30906
9826
20688
-12033
23039
20230
4004
14304
-25274
-14202
3755
21426
12389
-14861
-21425
-22441
-27328
-11635
-25607
-21070
26435
-23299
24275
-20088
4220
-5619
28124
-32244
-20302
29883
-311
30456
7132
-17980
3447
25518
2697
8959
22641
-27040
-28210
26562
3134
26343
-38
32583
8027
14326
-24785
12194
18864
-3807
4685
-29884
-5976
4506
-27479
-25662
7250
-19748
464
27670
-9987
-31742
-9536
-8441
690
23724
26958
7387
-18953
6199
-16457
28024
-18842
-14508
-9635
4815
-29272
-12187
-22641
-3489
-23578
-27801
9708
-32247
22556
-959
-17394
-20889
-4989
25640
-15238
-664
-18882
-7798
25419
26053
-1873
15182
-27149
-2359
31735
-8663
-28985
8905
-23907
-3647
14176
-3737
-22953
21176
23947
6592
-18802
31643
-29636
-21508
-17449
26374
14127
28340
-31130
12571
-19964
-12917
-28805
-22432
-27931
3278
7085
-17533
-14021
-25258
16477
-26689
10484
29401
27873
25758
7142
18574
-32520
18153
-20638
15842
-15017
21147
3939
-3664
-28699
23507
-22079
-31032
12987
12753
6017
-29789
8041
-6524
2108
-28262
-13067
-22493
-32454
8544
-12554
-19618
24889
-30010
6608
-7324
-9205
29256
12624
27713
17345
-5502
-10795
18965
19009
25810
27031
-12298
-15943
-29897
-19687
-26730
-25272
6244
-32
18535
18267
30376
17261
-31353
-7003
28956
1434
27865
4040
6734
3738
20487
-15438
-14850
-9540
26268
28465
16779
-23833
-2838
16272
-6036
1486
2339
25862
-20893
2548
-4296
-2230
-8909
32476
-29420
-7106
26221
-798
-29658
-15829
-14955
11539
-11714
-13210
10712
-2394
-824
-27970
-26475
-10583
8627
7427
-6140
16815
-23956
-11529
22733
-25867
-26801
20276
-1377
-20940
23965
-22722
15580
3161
6043
-24606
-12789
3613
-5236
21076
-17191
31336
-27380
-7575
31024
-4334
20845
-27580
5523
-12358
-13363
27836
12567
-26732
23582
12598
-27207
-7488
9483
-5355
9200
-14597
17499
14656
21413
-28386
8050
-4031
-24638
-3428
12857
-29846
-4181
-24827
1437
-22806
-2248
9849
-13838
32309
23354
2561
16141
-9362
-19310
6254
27483
15226
15616
32594
-12802
-28385
6577
-10799
-7045
-21625
-13768
-10375
-5264
-10042
-21744
5221
-2159
13789
3257
-2260
2965
-24930
-14103
-10341
5655
11147
-29922
13229
20014
-21855
-16468
-12229
25273
3496
3981
-7368
30137
12148
1810
15449
5843
-4248
26651
19921
24616
2048
30774
-13601
-5376
26852
-14809
-9301
-27711
-30218
30130
-27297
-30663
24938
-1656
6496
-15550
2654
-32610
-24207
25103
8231
25261
28496
28394
21607
-26649
-617
-6464
7592
21356
23235
9288
2516
-23278
-25067
-20221
-8380
7660
-21140
-21150
22162
11062
-29459
-28972
3694
-6049
24546
11468
-9349
31218
-14860
-30271
28168
-30338
-5361
23216
-30087
16307
13603
-8124
6821
19675
32173
-31181
17685
8063
31310
-1428
-32191
3053
-5680
-26286
-2300
-30510
-15464
-8436
21555
-31854
-16548
22158
-26750
15552
-288
-20348
-7151
349
-18286
5424
-7673
-16971
-11447
29472
-18122
-21009
-6344
6278
-4207
21565
-27796
5858
2397
17376
15536
28790
-22251
2573
7126
-14025
-18390
9310
30051
-14629
30395
-23407
-30680
-17177
31904
2400
-3933
-27383
-13164
-28759
-28729
28759
-2155
8444
-12635
10898
24267
-28923
-30421
1864
-545
390
11355
6362
-10468
21969
-20424
13553
-1777
-31124
19354
-8950
-28678
14220
-24945
23191
2631
24570
-9364
21064
4283
-7970
1132
24000
9680
-25549
-26374
-7288
13779
-21960
21397
30767
-27001
23651
11502
-13161
10330
13554
31755
2027
11120
-6480
-19081
-21825
-8092
-30295
-3370
24376
22561
12905
7763
7268
-4391
-1003
5275
-16953
-22468
-24842
-20344
200
18402
29206
-21209
29350
8629
30122
-12642
-20619
31923
8158
-10488
30868
-24786
14704
20806
4287
-32017
-2627
23099
-14704
-28143
21467
-23178
-20463
-5106
11817
16615
-31266
1701
25811
-27368
-19595
407
-16518
-4327
24255
-17413
23737
16977
31361
-20823
29083
27995
-8080
22598
3757
28921
10236
5345
-16755
16331
23658
-24058
10323
-7589
-937
17689
-2085
-32537
-15815
-24437
-10498
-29017
10868
-30588
-24766
31897
23698
-18467
-23310
2869
-31304
22984
-7210
17448
-27520
9385
-14159
-30101
6248
-17258
-5438
-3906
-14325
-13715
-19131
-11544
-11867
12815
32527
12709
-31638
2479
25223
-28826
-14821
6565
-13555
26957
11338
-19977
23592
4408
23819
13400
2687
-11896
-19508
-7664
30035
-16975
-11794
21141
7047
-931
14777
21231
-27004
-1920
-11018
7200
17802
32640
21716
15963
28316
22552
10914
-10399
31530
9324
27052
6881
-3020
29409
-17548
-5530
9665
-31650
-1476
-4166
7529
24351
16949
16358
4299
29832
-7080
28029
29200
-10326
4936
23702
-8710
-27331
27686
16829
-6814
11854
7604
-18689
-10607
30264
-22091
-11385
14896
-29961
3493
-23228
-12610
15115
10083
11623
22052
29901
-9609
12187
-14754
-27389
29820
9749
-27167
3595
32179
-28251
7841
-15076
-12781
-25569
9669
-9754
-25434
-11100
4846
-3878
-26158
-7077
23747
21218
-14116
-6203
-2990
-3600
-12790
-31678
30814
20433
-4725
6725
-23598
-9785
-9417
-26139
32403
31926
-4552
-15449
-27726
-5163
31139
-26559
-14101
-1256
30769
11215
20349
23874
28522
25423
-18450
25068
11979
17203
23929
-13073
-21581
26120
30070
26547
-19067
-14324
-19822
-30088
2078
-5855
13197
-9515
-27557
11704
19238
23931
995
-31469
-18222
12826
4753
-26356
13503
-494
-7881
-27334
-21909
-9634
6029
18015
2708
11814
1598
-18240
20032
-13099
-20773
7917
-16195
-12712
3566
18799
15083
-31320
25639
-978
-1961
12345
-32710
-21160
-3988
22287
5025
-6277
10980
-29151
27635
15489
-31351
-12660
4317
-24761
-21071
-13021
-30947
10446
13330
-19949
-19307
-4196
22920
29626
-13122
20901
-20257
16662
-23483
7789
18746
-24061
22873
2210
-3054
19949
18227
20761
-11362
-16961
6786
6097
21376
31803
30593
-17387
-19063
32636
30706
-32300
-18746
-21645
410
15230
21758
-23386
-11457
22383
-11968
-11698
15027
16048
20925
4552
7233
-10648
-504
31925
2112
26271
27319
-9460
8713
13539
-19718
-9444
-12280
-11942
15923
-11593
25069
-17358
30288
-18380
10190
17508
11957
-10614
-6147
31509
-4219
-5433
26104
22452
13058
20072
26783
10678
10859
6970
12523
-27317
9759
22346
-12374
6382
-8006
-5658
28508
8642
5969
-21899
-21502
23609
26225
16486
30784
-4986
6685
215
4267
-8532
-25489
-8941
25292
6329
-5705
1820
-19379
-61
-13962
25786
-22133
7323
-6105
-23685
19248
2945
6939
-23279
27775
7954
31589
-24235
-27356
6557
-10289
-2048
28792
1212
-21498
-29035
-2368
16909
-30318
28925
-25811
-28452
-4797
25708
-6034
21623
-19996
-31634
14629
30692
5700
4843
4854
-16170
22512
7707
-24244
-8811
-17763
8806
5330
-28337
11487
16695
19206
-6245
-24367
-21146
-8906
7641
-9758
-4034
-18398
-31168
19198
32452
-9649
-11554
18136
17219
-11432
-26724
30559
-30437
-19844
-2976
1496
-8057
11658
-24374
16042
13714
6880
15244
7774
773
24339
27681
4463
8594
14109
-25670
10412
-23088
16821
29379
-23905
-21414
-18630
32175
-12148
-15887
-13898
16330
14479
20843
-23358
13045
-27296
-28
13856
2741
-24156
14700
18808
16053
12727
15365
-588
9537
-30317
30839
-11946
-7628
12413
-949
1058
19306
-25768
-6552
-13897
24406
-14071
-12123
7479
29550
6450
5661
27657
-29874
-2410
11619
30561
7625
-24688
-9620
3041
-380
-12379
-21115
21684
9529
13062
3528
-20997
11153
-18575
-10638
-24453
-3770
1498
29382
19177
27406
-21260
17355
31338
-22922
6672
9949
9028
23120
-1301
-2206
4151
20261
-19726
-31384
30729
-1524
-6193
-1461
-25602
21321
26745
3269
9838
15575
6692
16123
24863
13298
29237
6769
24598
15603
32415
27427
-31070
31848
-20200
9772
13070
-9955
9486
-11748
13834
-30071
-5048
-17199
-17018
-30963
-28022
22193
-30726
24750
28966
-16605
3707
-30525
-22062
-29267
-6907
-3031
32389
-15790
28141
-8984
-6699
16763
-6528
-23043
-3628
-30740
22001
-15783
27370
3125
-25235
4340
18548
3958
-28240
-5810
-750
13508
14187
26339
-20180
17811
19445
16667
12651
570
-2049
17174
-7993
-13429
-15400
17199
20964
-25608
-15082
-16870
-11913
27840
16747
-32423
16206
-2934
5628
865
27773
9169
14987
-27248
-29766
-15999
7721
-17520
-23869
4017
22412
9926
-30937
3482
-28558
18967
-30198
5876
15276
-14542
-852
-10619
18568
3483
533
-10351
21608
-16879
13078
-22965
-3201
-29512
2872
-10620
20428
-19060
-2978
-5616
-6286
-12667
-11939
11494
-11338
10996
599
10183
27355
-31302
-2786
-11663
30992
20380
-1607
9330
25558
-7669
-31213
-1536
597
3765
-15197
-15634
18200
-25029
2757
5186
-8847
25618
-15735
-13422
-30094
30220
-30823
13113
-5068
8744
31408
-12682
22117
17246
-30735
2571
15961
-870
-9995
14993
2363
23580
2242
-5011
-23094
-11862
-19243
-9401
17831
-22802
-10198
-19729
17406
-16720
-7348
-29483
-12625
-27858
28320
7068
6105
-8351
-15315
-3965
-2677
3968
7790
-4842
3877
-24307
11139
-6545
-5506
-14028
30446
5504
14732
8899
-4435
353
32637
-17801
-3038
-6341
-10357
-23087
29505
3811
19029
-14000
-26159
22803
-28230
24165
15330
2387
-16176
9359
-14998
14533
18500
24273
24076
559
17267
10162
-11784
3193
30708
-12576
9427
9523
10434
-9960
9657
-27405
-4892
8511
-908
2141
-32003
-10044
-5920
32156
21439
16731
-26061
-31721
-23131
7164
-22512
20357
-26660
-14818
-32618
23125
-14126
-14005
28192
7779
17103
6528
7289
22621
-13857
-14131
24547
-10773
-27269
-9506
29006
21759
30235
15237
-943
-1206
19019
-10230
27262
10616
-25151
-4086
20537
-25253
358
-17256
-31967
31043
-499
32531
-11382
-27261
-13147
-16165
30086
544
18651
-8619
16283
-1309
22810
-18886
-27658
-26333
-11977
16668
11680
-2857
5493
26422
-6462
6174
19388
18608
-16741
-23882
3746
939
30266
-29954
23566
7754
-20488
-8922
-17742
27960
18875
-16943
20879
-2593
-27493
-17566
-28774
-23092
-1213
-16521
-31818
9384
-30619
3993
19736
14644
-4733
-32054
-23182
9877
-31494
1297
-28368
-268
10361
-8603
26854
-14557
28226
10892
-3899
209
5742
17245
29215
-17589
3118
22989
-24134
12249
-5720
13408
24392
-17298
8678
4315
21023
32184
7285
21194
1964
-3881
-24262
16890
-30514
-8772
-10049
-22783
-217
-12654
9325
9135
-16428
-28049
-3961
11685
13464
22199
-191
-22011
-6132
-22555
-13217
21249
29466
11201
-2096
-26571
4611
-32356
-6679
-24151
-26538
-31719
7493
31497
21650
-18896
11373
-16169
32061
10117
-15202
12470
-7197
8776
29253
-24328
31296
-25268
-19140
-8133
-16711
28556
4791
18560
21612
11991
4443
-4947
16268
-5215
10702
21850
-8617
-24627
3476
17718
-10088
-27941
32533
-20875
-5523
-3917
9244
1922
25497
644
26714
2375
-26121
26858
-28641
5260
-2331
-22881
6569
-6405
6951
-32272
-4623
-24298
-10028
17121
-30033
15736
-24394
5122
531
24944
5960
11368
23517
-9111
-20239
-29767
23962
-28468
-19757
-31771
14485
-18771
-15523
14482
906
-9943
-8801
31208
16179
12059
-27943
-4615
15492
3104
17733
-1036
500
27590
-22145
12464
-15220
12481
10401
-7547
-12212
2845
-9484
-25
-19149
6344
12848
4957
-18206
-22552
-14846
-20924
-15307
10818
-16489
-16335
15161
26084
2539
-18132
31100
-20991
7982
13128
-4520
-19169
-11147
-6402
21993
8215
23250
-4068
9803
25502
13656
27042
31578
-29543
12699
-16817
17704
264
27241
456
23611
23465
32644
25556
19805
21572
2212
-2280
32752
28991
11210
-16421
32026
-28639
24751
13859
20195
-3887
-12335
7931
4222
-23016
22866
-22705
25947
27645
25821
24268
4934
2475
32074
-32004
5982
24623
17624
-20287
-17688
26778
-20281
7835
-13272
20632
-15924
-32480
-9511
27710
-16378
6512
32126
-5338
-20824
29308
2973
34
20127
-2522
-5894
-17067
2594
9604
32383
-25203
29370
-11287
-26260
31064
19013
3925
-30739
26526
-27682
-18084
-11918
-5742
-9143
-22925
-14044
-19025
4844
-31293
-23960
1465
10413
12295
-31608
10091
4576
-24216
4423
-15260
4321
-13158
-29249
8759
21193
26803
-12645
24377
4976
-31767
-19574
20302
-23711
1656
-25962
-7492
-3241
-9795
-10403
21005
-25744
16530
-5287
3555
31565
-27862
-1503
-15604
5390
24991
-12274
-10425
4787
10189
14398
-13146
-11324
-24687
-14660
-17528
-18255
26456
32365
7096
439
12702
22149
14145
19425
-15388
-30267
4958
2544
-27298
-32099
13053
7091
25451
12620
-618
-24264
-25474
-13077
9505
-6435
-11243
-19935
-26705
-29285
6757
3697
2028
5911
22709
19893
3370
2853
-17189
-19255
-15621
3166
24320
22441
-5819
-1269
-24855
3938
25166
3587
17472
9434
20231
-515
-28625
-15151
8687
8020
-28201
-20643
29781
-15035
-13096
14620
-587
478
-29361
10403
2345
19914
1839
-19941
13832
-1389
26638
-4125
-12349
26760
27658
-22544
13491
-28408
16567
-23777
10983
8055
22034
17351
-3515
-25988
-31745
-7822
-26548
-23041
24300
-12737
-16089
434
-160
15148
18533
27305
12737
-23511
-32601
-15897
23
368
13593
-18948
20198
4281
-29348
12802
-24460
-24314
2204
9393
30347
32195
-1538
-8752
22025
2407
-31424
-21156
-18511
-1916
-18975
27831
14923
21853
3409
11283
26126
9896
1513
-22508
-3406
5057
8286
-22900
-17380
14413
-1675
-25188
-19023
-25015
16946
9082
30768
-19886
-28532
-4853
14028
-30885
-32603
17179
2958
31826
2641
18612
12930
-32303
12965
-12684
-18650
-11772
5901
-2804
1901
21563
-21791
30786
3379
28851
7127
22860
-14794
-26862
19988
-241
6133
18107
-13595
-31633
-22551
-1708
-17170
26000
23228
-30361
25990
-20951
-19217
-9244
-26598
16466
-18791
23314
-26118
-9331
-9652
13344
-20124
-31662
10770
-13100
30150
-29691
-30014
-30176
-14211
-8791
25882
-29226
10805
18755
-4395
-24870
-12099
21787
3987
16128
-1376
-27449
26722
22611
-23975
-5876
22315
26130
-24420
25775
18454
-30968
22977
14583
-6042
-20399
-1002
18891
18878
11499
11999
6460
25092
-10571
-31047
1051
13526
21877
-23019
-8319
-14905
-11331
28460
20170
8386
2949
19059
32723
27580
-22313
-15564
17761
7041
-31572
17554
-18858
11534
-26097
-4101
1517
1156
17711
12231
-2281
-26539
22017
-22882
19812
-2154
17053
14784
8358
-8017
-4350
-22449
-6395
5647
8546
-1641
7221
-16892
-26623
-30247
11920
13187
32751
32555
30698
-2961
21912
21149
13642
-16197
-9919
-5470
-29591
-2994
-10762
-19538
-16346
-20270
-24966
17122
-16833
30675
32034
379
513
-19762
21517
6500
-1754
-17645
24717
-4656
23237
-3311
-19827
11198
-15340
9656
-30780
-20592
-4285
15337
-29772
-13933
-16911
-18302
8058
24432
5265
1157
2250
-2752
-3465
16427
-22178
-4624
-13467
-26933
-26258
-3800
-6608
1440
10841
28372
-20928
-20427
19364
-7177
-9527
-728
7498
-10698
-265
10098
31920
-29737
1675
19621
30240
8910
-7083
4300
27594
613
4986
-2182
2114
-2847
-26798
-19764
-16639
-2081
7039
-26845
-26964
-11088
463
21148
-9028
17117
7893
863
19522
-28942
-28674
-29997
-18322
-5195
-12301
-26995
6909
24996
-17776
-19328
25935
-3912
-16620
8968
25818
-3855
-27649
5794
-3569
22770
26487
32331
17805
23000
1504
-13102
-30884
24487
20623
23451
-24923
1735
30457
-10236
25318
4555
10834
-501
-303
5411
31624
-8919
26900
-5539
3851
5017
2818
-13136
30547
-1922
-29276
-1871
26051
-16796
-28849
-12549
-21963
14709
-1380
-9203
-6128
3263
19644
-30622
-24797
-32370
21095
19981
-25567
-25927
-29682
19022
-32102
10814
21330
5874
28042
-22297
22878
-31884
8836
13535
18514
2101
4912
-31321
-24142
-16907
10642
2712
-2005
-29614
15694
-8782
-32449
7726
23536
-20102
17263
-11936
-21242
-21293
5859
-3638
-28075
-18895
-21540
17892
-31990
-16102
22981
-26830
-17260
-4450
-5398
1361
-23031
-19327
826
10910
-14906
-11518
-8948
5798
-8893
-419
32560
-5280
-26987
-1975
18811
-27527
24084
-26247
-1157
23705
-15596
-16038
12762
-3999
23639
23695
-26346
16406
29365
-9155
12012
-29346
12801
-25286
12243
32037
-24611
-10567
13699
25378
451
-18003
-22565
-23469
4142
-32743
32376
-20373
-24651
-3927
-9580
-25681
-3130
28891
-17398
-10617
2403
30221
-29071
-29515
22256
26734
7346
-17705
15440
15329
20834
-19481
-6070
20782
-4001
-26948
-15511
12794
-19576
-25136
25575
-25592
-7846
-8702
-31191
15459
1604
-30632
28972
107
10377
29716
-17167
7706
28401
-3058
124
-29091
-32280
10253
30129
17726
-28886
-7774
4913
-21109
-17178
-17100
-30035
23622
-24822
-2803
12203
3043
32286
16561
-24686
13121
9279
4564
14945
16503
30230
14475
-9305
31518
-19807
-6638
-12816
-19353
6425
16472
-2470
-14038
-9942
-21314
24427
27810
17863
9236
-23631
-1846
-19249
2240
25291
-2510
-31521
-20320
-14675
8380
24826
-12643
-11708
-26435
27422
16026
24971
-22514
16716
20256
7261
7913
29906
-3440
23117
15447
-14245
-2640
26418
23437
24288
18040
25217
30883
-12392
-26626
-23603
9304
19432
-23791
2884
-28300
26959
3490
-5172
24774
10064
8035
24457
2223
27105
18141
-74
4757
-18621
10913
10886
29673
-3554
21921
-14795
17427
-14773
18352
28502
21847
-16922
21068
-16519
14712
-30190
29372
-7253
-13445
-10933
-9120
4966
9552
-18135
-6046
-20098
-25585
-5151
-10520
12353
8766
8845
-23482
-12384
14662
8539
13981
-32560
23599
-20476
27674
-19160
-23382
15018
-27439
-834
-30457
31906
-18943
-6300
4540
-1699
-16462
-18907
29479
-30066
-12806
819
-6693
-30808
18868
19616
-8071
-18338
-8972
-18529
-10367
-11040
1377
-16760
26918
-4263
11822
18987
-14070
12944
-11152
27270
20022
-18121
24278
-22007
27259
-32446
26159
-32659
11844
-4730
-8424
31792
18169
7081
-32538
-3517
24326
14622
-16164
-22157
9308
18765
31786
-23512
-24304
-13522
19601
-5947
18664
28804
7732
-19641
8691
4210
-19111
15466
9719
1884
14164
3870
22094
-7551
-2303
-26861
-6174
-28151
-19760
15849
-13999
-6734
-31138
-24710
28551
20504
16198
2889
-612
-1517
-19065
-22141
-6884
-7530
10941
30385
779
-10672
-19767
2871
26049
17891
1842
31911
-8530
31660
-12442
-27483
10732
14776
11761
31781
-19871
-24524
14685
-19658
32659
-14513
23525
-30594
-7600
11424
-28775
-6866
-21091
8075
-19392
30315
13826
20271
-6647
-11571
-27369
7231
-535
10147
28263
18310
27733
14459
6703
29013
11069
-9946
12289
7327
25263
-13923
22339
-1885
7848
-2646
-17940
19440
19261
14546
7785
-21344
2170
-9899
16688
-7556
-10232
8685
32517
20685
23714
5608
-18119
-17421
-11498
-32145
-13335
-253
2371
11780
-11742
22200
-29351
-12541
-5316
-31805
-12562
12125
-442
-17136
-6661
27563
-5233
22809
26372
-19600
20960
-7268
-7192
30554
-4802
-31840
32333
31355
-533
27904
-6709
-2055
11164
-26909
23140
16441
6751
-1266
11762
-1830
-4254
-16124
-1832
-5889
19109
-14627
31629
10691
8815
8203
27366
-14466
2760
-13789
-10656
17433
-23647
29126
2382
21414
18503
1654
4901
-780
-23161
30882
21119
-8562
3152
17795
12120
-24514
-26379
-6484
-22740
-3883
-13902
-5591
-16311
-28575
19106
10449
8427
-3670
-19440
29321
8190
13386
7178
-15437
29090
-25784
-18723
32494
-5675
27557
-4177
31039
31831
28690
22170
8827
-24536
19140
-25946
-29600
-13175
6444
23906
-20329
14150
11504
-13973
19937
11421
797
3932
437
-17557
9890
8995
8886
8914
-20700
-18522
-22185
-1510
12666
-13370
-9295
-29561
15991
11413
-2216
18186
2127
26316
-3365
18045
32003
484
4599
-25755
-16023
-4359
-11413
-5005
2452
-13827
-5690
10085
-11143
19402
10853
-18582
2432
8432
30039
-30327
-13972
16944
21144
6595
6747
21736
7027
-10012
408
-25973
-20867
8698
-28263
20722
-19682
-30232
-18846
-26496
-8322
7795
-25642
-2682
-2453
6841
29054
28078
30234
22319
14576
-23876
-24011
-117
-9779
18309
6520
10243
21317
17832
3453
14728
-27698
1400
261
21078
5860
30366
3388
19256
-29545
17044
-30834
30201
-755
7450
1370
9195
-25174
-21170
30093
15457
5262
26403
7174
25397
23862
17399
12099
11025
30461
-3500
28907
4741
199
-23620
2195
22555
-31993
19747
2817
8136
-24378
648
-12168
5752
17115
24625
31142
-13279
14995
-10133
6005
32740
15997
19115
2994
-7216
-20123
8816
-692
-9551
-13669
14497
-21537
-31200
-3598
11394
-13935
-21243
8565
4656
17239
26927
17829
-4381
1753
6511
14383
5214
-3510
26516
-13479
5420
1014
4313
-6952
30053
-25444
-11870
9932
12814
-26533
13365
30148
20678
13592
6152
-29529
22947
12929
1388
12344
3712
400
1168
22395
-31010
-27069
-30675
14552
3315
27804
-22105
12779
-24977
6866
-10797
8598
12217
3657
10225
-23196
8497
-2036
10540
7104
-19425
13833
32459
-30282
19544
8835
-21405
-17545
12704
-7894
-12363
28934
12387
-9869
18791
15883
29459
-4670
-11316
-22389
-954
3400
14351
14471
-24743
-31088
21977
-21029
19181
12637
-20086
-5465
-9442
23322
-12623
3537
-24736
-19095
19152
-3166
32391
29735
-10987
-24950
7097
28419
15252
-10163
-4253
1990
-7762
8029
25328
-20342
-5045
12903
-12132
4908
24545
10992
-26857
-9578
28417
16236
-10924
13241
-23521
27160
-4540
-7334
6772
-26480
-12173
-30273
12879
-17593
-3190
-9375
2347
14899
89
15719
-12025
-30308
-3338
-4227
23820
16341
24998
-31037
-11026
21980
14361
24297
-4291
-15050
24010
-8233
5198
32586
2506
21916
1095
-24462
6864
-7331
31269
-22985
-25012
-13799
27844
-21685
31732
13264
21220
-22030
15922
14606
-21928
18708
11955
18196
-4887
-21773
-4066
-7321
28830
-17345
-31435
9237
32141
30717
-29258
26005
-29712
4665
21688
29521
-28753
28812
28711
-8890
-24889
-28449
17328
-20415
-27648
16501
-11384
23594
-24137
26038
-31801
-22588
-21915
20922
-28030
3038
23077
-22300
14519
19453
-2360
9914
1720
-20426
24119
29496
13557
9850
-8019
25663
-13430
25133
-21513
-24415
-10543
27711
13501
-26198
18342
-26210
-439
-21673
-10372
6030
27298
-4194
25366
23164
28942
140
-14287
7212
23279
27232
-13596
-22139
28206
4638
-26065
-31980
20018
17663
-1450
438
5336
-524
-6744
32464
-32661
26589
-18260
-2890
-3724
15584
-3959
4561
23273
-1190
-15329
5498
31069
14950
-27251
13372
4254
7032
11350
-14707
-32739
474
-13426
-16479
-5481
20142
5624
-26275
21744
-4825
-3783
-20031
13031
-31308
12982
-924
-20162
-5964
17984
-24660
-7934
12055
-10649
16185
5616
-4017
11224
-287
31762
-11871
-7546
-13150
-19072
22060
-29404
5502
26216
30404
21471
1776
8483
3289
30183
2486
-1062
11474
16381
21307
31132
22030
-30230
24336
19085
12939
5282
-19289
5937
-32062
-3900
-4475
21796
4511
7711
13473
29158
8748
-10414
58
-32484
16367
22136
-5192
27597
-10507
-3795
25307
-1902
25733
22307
-16726
-14638
-29964
-27540
-24723
-11709
-20139
12678
-6715
5174
3816
-25523
14311
-1014
-4367
-2236
20019
-22398
11438
-9636
831
9974
-1048
83
25905
-21157
-25314
29204
20657
7546
11369
-18967
26476
-22407
-23113
16368
-5777
-6272
-2791
30231
-2624
-8169
-3174
-885
-17221
-27832
17054
-12200
-12591
-29957
10978
-20017
4933
15169
-27706
-22356
1264
7971
5393
6205
-19495
-32184
19856
95
-14345
15073
25030
-19499
-12622
-8228
-19409
12443
-32187
21117
4489
25420
-2267
-27340
27595
-1280
-8830
10324
3320
-7196
19765
13117
-30581
7978
-7383
28435
-25641
-3929
-9471
14594
-8952
4005
3953
-32767
-13087
-10990
1670
8608
31033
16227
-11083
-26297
-3207
-25137
-28987
11478
6331
-19251
28829
15060
16533
-30013
25432
26847
-27148
22577
-5117
12035
28305
16912
-12670
-11066
-16794
16351
19265
17622
-985
-10820
-8835
-18321
-18717
-6146
-4567
-6358
23307
-8291
-1659
-32665
-22194
-18545
405
-5410
-20795
20376
-18174
-3362
-21099
-214
21419
-1833
-1310
19967
4022
-32756
32269
24736
13725
-12139
4147
-11426
-10657
29899
-13747
1237
2643
-4173
-31601
16461
-22012
23327
-26545
6781
-4773
-29683
-4016
-32196
-23839
26988
-11191
-1258
2447
8244
-8295
24104
-11835
4549
-27672
-22319
-31616
4136
-2693
17592
-4393
-22390
28108
14826
-16230
-11495
-18552
-23323
-32323
485
-6201
7270
-13233
17627
-16426
9730
-26554
-25055
25992
-32366
-30328
-27348
-23442
-15755
-11260
-18549
-29676
-114
9655
-30364
-18528
-16429
-8716
26294
4544
16164
6858
15386
1203
2509
1410
-30618
-6549
21303
31916
18549
4924
4909
-26021
5991
25424
1000
-5699
16645
10389
16822
-24100
-27371
22154
1315
-11084
27706
15957
-29058
19619
-9238
6465
29547
17525
-24616
9018
12088
21277
-17747
-32647
8362
6949
20544
955
-20760
22645
-18141
-15995
-1304
-21445
14502
17457
-17768
13522
-31115
-3372
-18653
6630
25086
-3180
22827
-30221
32318
-31380
-4483
19391
-15048
30963
30387
26413
28249
-1340
-27915
-4142
-26739
31752
-20193
21690
-4063
11089
-4875
-25455
4390
-29944
-872
30223
7446
-321
-855
-19455
14148
338
26174
13514
5252
440
22020
-10908
-2418
18840
31944
-2285
23971
2920
12950
-25011
20459
3111
29014
19503
-23575
28720
-10709
30741
-15339
17218
-30980
23241
2279
-11233
-660
18068
-16527
-29879
20348
15647
10988
-10002
-15479
20988
20747
13667
-30851
-7453
-891
13761
4963
15707
28883
11364
7198
27377
19498
26154
-20351
-6654
925
-25365
22163
11526
1741
-20683
-5422
-14194
7519
5396
-2150
-20491
19834
26720
29571
63
9820
-30444
8837
-18919
-2623
13489
2426
-19159
-16515
-3228
867
26099
-16317
25801
16133
19255
27210
4605
-82
29164
-22658
-7611
-15086
-21958
-5262
-23734
-21147
3226
-15286
24144
-30148
15861
-7676
-927
10046
25679
28449
22114
-1729
-10036
-5516
-6044
-31641
18589
-24732
1719
-5441
-18690
-29560
-6416
-18800
-12424
-5764
15394
30934
-5944
18870
-8659
1671
19066
18731
27208
9404
-10050
-14973
-20711
6928
-27400
-18409
23257
-26882
27209
2768
-5519
-22277
-1594
25914
24629
-5954
-25425
-13929
-11145
4571
-19727
29473
-9572
26323
499
25299
-11750
-25290
-10453
7203
30331
23928
20963
-7091
-11075
25395
-22055
28164
31429
10180
-16765
-4747
-3052
-4228
2022
-26927
-28426
10391
-14041
16990
21295
17748
-9843
-27976
-16913
-1823
-2858
-23331
-4509
22234
-17829
-23574
14905
-23362
-25997
12121
18082
31879
-14618
17047
-15179
29615
23186
25403
-14825
-8487
-26300
5457
-28665
-28478
29543
-15884
5432
5601
24128
31273
1787
31104
23784
-9875
-1565
-24994
-25140
5780
16174
12351
14141
-16198
-28147
-9186
26230
9367
-5754
-14529
-11248
1141
1934
-32189
5800
-23262
28848
-29936
-28312
-23710
6025
-19580
17879
5532
-6197
-14940
-805
11137
5811
23434
19555
7230
-29032
31368
-278
3204
922
-26074
17641
-9803
-30710
-22153
-6696
-1868
-11019
26274
-3142
-16262
-7629
-6069
-27223
24509
30739
-26967
4502
6134
6936
32672
-18401
26109
-17406
-22958
9784
6176
-4930
-18032
9818
-21403
-19912
23495
15364
-841
22973
-17652
29525
3619
11377
-32574
19312
2239
-29894
9177
9551
9956
-31009
13099
30485
-14515
30037
30272
23534
24675
-28954
1358
-31670
25319
27126
-25371
20568
29301
-21718
25839
-23136
-7432
137
-10518
19329
-19166
2115
7522
-16655
19706
22043
5542
3718
-31651
-13709
29244
6145
25827
-30200
22144
15556
-2825
7457
-28499
20914
10671
18841
-11224
17301
26029
14523
-15072
-18699
-19750
-13215
1037
27676
-23242
19080
-22936
2586
3995
-32310
-3957
5022
-6676
-20776
-24495
-22522
23825
5533
-27767
-18547
-195
-31829
32648
26728
-20935
-31726
4089
-15148
-18873
-25796
30141
318
7690
4328
-7272
19424
31508
19894
7064
-5778
-18417
-3074
-3762
-21028
-14092
-31952
8124
-28109
-11999
-25412
-29704
12432
10920
14893
-15462
-234
-6278
28115
13616
283
11186
-20812
3324
28145
5394
9291
-13664
-31814
-6479
427
22805
-11671
-20177
-1068
16855
14982
23624
-30961
-7911
-3417
-18215
8706
-23433
-19577
21028
-2250
1413
29939
27578
24729
17322
-1274
-31011
-23623
-13922
-26223
19376
18727
-16855
-22569
-27327
24037
-28010
-12928
-9552
-24669
-19017
-16580
502
-4881
-25259
17465
2446
-23089
-1643
-4948
5641
-3403
-21874
-28825
28000
18637
19463
11516
-19566
-16542
13208
23882
-27582
26721
-18104
-32148
13590
-6236
26885
-10161
10933
-12586
31146
-5085
27574
-17230
28617
-29496
5914
-13196
27007
18686
-9895
-474
-10603
31449
14430
-5200
17574
18344
-2827
19278
24939
-2492
19607
-3842
26570
-6723
19539
-31080
29324
-31672
22797
-29352
-11296
13556
373
22510
4886
-27807
-492
-16808
14338
23682
23381
7723
14557
16506
1891
-20382
-19603
22471
-6226
-6947
-2642
25612
21987
-18304
14348
27601
-5082
-10141
3329
6272
13578
11281
-24428
-4898
-14967
-3642
5768
6055
-27550
23756
-18735
25865
16294
844
-29077
-26573
-21253
29450
-3765
-922
-20158
-5022
12106
12191
-23210
21241
6782
-1356
-32584
9296
26326
22210
-6313
-26100
13176
-11911
12165
-13822
-25234
-17723
-19120
-10739
-31570
-11358
24741
-3379
19748
-8147
-1383
-21700
-15931
-18530
16632
-10705
-10767
30179
-1063
-20442
-31584
-22451
-21687
-20762
11858
-29049
16407
-16402
23652
-15435
26880
15944
-25682
-17855
19153
11016
28860
26228
-9227
25056
10917
-2186
-28883
-2339
32293
-30068
-25079
-26606
-22746
-32517
20444
-20247
-12959
-8502
-31296
21474
-11670
-7293
-26414
-29971
-21904
-1421
3605
11560
505
-16422
-18865
-19908
-14975
-619
-31299
-31274
-5988
23567
12742
-18159
12668
-28127
-27301
11788
-19716
26493
15352
-8878
-16444
6293
11589
6518
-25003
11309
-16625
-22583
16740
-26077
12189
-22940
-8256
-2003
2058
-1232
-30192
-4088
-15881
-1771
-8198
17654
24776
15916
24088
-20664
-2713
16497
26106
-4271
17776
12381
-100
11344
21865
23511
7024
4927
-27274
27935
32118
-22229
-7267
-9684
7801
-29105
6166
-13015
3872
14716
-18841
-4308
27251
20646
-11865
27777
27194
32573
-24155
-30936
20916
26657
23218
-12559
26668
32086
22168
-6972
25983
-16041
8494
-22654
-5295
-30760
22519
-27509
20065
4262
10587
3781
-863
26681
10022
7063
-22296
-10502
24
-18971
-23116
-16144
17911
29856
-17870
-13372
-10475
20735
16231
8420
15659
-5687
16131
3401
9717
-8808
-15568
-9230
23559
-30041
32704
-29883
1065
15091
17980
-21921
26052
16810
31071
-22909
31453
1357
9588
-31397
-18498
-10534
20259
-23371
32149
-16032
-11431
-11479
-31921
-2841
-20290
7514
-7536
-32217
-13989
28728
-9355
-16247
24143
4438
-21969
30152
-8883
-2725
-25521
1951
18992
18039
1049
7025
-30695
4613
-1791
25047
-19008
12265
31964
2406
-31396
27948
-26054
5913
7407
16162
-18068
-14096
25899
12331
-10310
27573
-6504
-28261
2839
2071
-32306
-961
-29061
5033
-20379
-19925
28371
-19651
22454
18523
17800
15138
5405
-26544
-5615
21092
-29037
854
-7317
-1988
-20595
205
-31561
27727
-13103
30872
-23973
-30426
-23797
9602
-15651
-23069
-5679
-13587
-29666
-20650
-29631
496
-18018
25215
25765
-23241
21425
-3888
32028
-26897
24901
6390
-2316
-30353
-21463
23590
-4900
6218
6975
-8136
-30311
14061
13439
24289
25350
-11575
-16713
16834
1239
-20138
16950
-26304
19924
-1551
-10560
2227
20634
-1007
-31817
-13689
10987
32024
-1938
45
-31006
8260
15617
1001
12504
30443
-7441
5196
31967
-31221
-28557
25769
-21523
-18488
17127
-23061
13161
3986
-11081
-21158
24200
10214
9453
-32709
22566
-31053
17315
-20681
3351
6582
-9486
-4890
-24030
5656
28378
-21184
14282
20268
22680
23752
29004
-30705
17858
-1146
-9258
665
66
22926
26334
25072
-867
-8550
216
21598
319
-16386
7973
-24679
-11640
18184
10649
-15732
5042
67
-8522
-9806
-32278
-2080
-3858
15271
-529
-30354
-6035
8616
7722
11013
-3601
-22500
14977
-6750
21635
19168
-4100
5595
-7975
29117
12577
-6076
-1346
14853
13320
-2649
-27566
135
27790
24019
-20066
-8680
10387
-7092
17533
-17819
-1727
31059
-20030
25994
-12791
-28459
5138
5802
-13477
32445
-15513
-19643
-18702
-24325
-7228
-22036
-10588
23391
-20100
-8387
27316
3156
7343
-31754
-17486
29111
-11801
-15164
-7448
9959
13458
-5641
448
-18046
21415
12440
17468
5642
-15354
12245
9977
-31600
2568
11151
-24957
19663
-4757
25357
27204
-26237
-20147
27876
-28638
-22594
731
19984
11085
17828
22565
19507
31410
12632
-6914
13836
25247
-20325
30492
22517
6833
-20441
23430
-11407
-546
23304
17446
-10238
73
19692
23274
12212
5406
8964
19264
-8746
-12344
15735
19955
10768
20858
8924
-27588
6273
-23749
13946
-17402
-29002
3182
20636
-15504
4524
-14845
-6685
-22361
-23501
-17973
-17938
6977
-1630
5898
10708
-31268
5718
-21748
-24791
-31530
19104
12192
26179
-12035
-20324
16902
18189
-13577
-30149
14053
21579
29313
-12750
-28669
25001
-14746
-5592
-1877
24287
-3772
11744
-21026
24802
-12787
-10308
-28549
25262
1161
11869
27236
-13626
29779
748
17164
23449
-9170
4043
19875
392
3713
-6314
27276
28135
32340
7759
-24359
9374
800
13377
-7655
16543
-2158
-308
-29482
-20539
24913
5894
20225
29942
-13912
-32025
31581
-20886
2718
-17807
25445
-32433
26088
-21770
20928
25883
-2204
-2095
-26935
9963
-22151
16184
-3578
-14680
6938
1620
2663
-4899
30399
-18625
-16661
16607
2759
-13017
10795
11496
-19819
-28057
-16276
29053
2338
15229
-2883
-2305
30524
26330
-9079
5582
30689
27795
18792
-141
24181
10169
-27932
17072
-25464
12825
-4753
30377
23270
8192
-19763
27100
-20805
-14733
-12044
-4009
-11762
16896
15979
4562
25037
-29248
-17507
-4865
15804
-854
11081
-320
-22824
18672
27962
30847
-2171
-23519
-4755
-13586
25512
-21657
23715
5560
-22348
-12405
-9849
-8510
-28768
10472
-7486
19670
19632
6669
2462
19521
20750
-23140
2531
23842
-9489
30017
12981
-26081
20997
9228
23943
-1166
10114
-31751
23219
-9534
21312
-440
-1010
10378
15262
22379
24292
-6669
-27164
31662
-20366
-30442
-1505
6099
23255
1091
-24177
30986
-13763
1289
31203
-30807
31084
-28497
-4970
-13953
16242
-2552
22489
-17846
-10131
-30326
16443
21202
-26228
14299
-2178
19897
3327
-28730
8684
-23300
-18959
20656
-24650
-20507
-7263
-29861
18519
-338
28677
-23984
7549
31628
8486
-32685
8208
25282
-23687
7832
27880
-15248
21683
-21073
-13282
-21946
-121
14618
32351
14877
-1475
29656
2658
22500
6647
11652
-15861
-4831
-6120
-22777
-15622
-23522
-11054
-5796
-15558
-29499
16233
11330
-26912
29918
11705
-26385
-21241
27858
-1647
-30235
2577
5288
16043
31168
-31441
9414
-19992
24587
-1158
-32742
-32326
6151
-12192
-6920
-23849
-6213
-26679
16280
-30042
18564
-10142
21455
-2143
-29539
17390
9583
32472
-5838
-26744
-25133
-28295
17198
-2773
-27708
15930
-31004
-14288
28612
31839
-17265
-8729
3572
-29832
29516
25466
27113
11921
-30152
7949
-25053
3685
22658
-10212
32353
19892
8239
-21564
-26776
-1964
12917
-12245
19269
1599
14811
-23892
-8356
-30796
-18020
-31826
-10710
-32495
-22255
30195
24294
10115
-29813
20254
-11519
15768
-30206
6326
24439
2219
-30631
12057
9981
25005
14174
-29854
13005
-8491
-11164
5205
-4
-12345
-17943
30620
-13303
-22472
-17559
-14045
7617
-31914
-18002
-7360
5830
11011
-6102
-22559
-29367
-8974
-2892
25833
2714
20222
28028
3876
-27544
3659
-19089
-32087
29055
-9263
-20636
-10000
-28991
-13864
23392
-29552
23161
-30786
-22362
-13992
30193
-27800
-29357
-11777
2492
14262
-29080
8210
-166
26324
23473
14125
-26775
-4120
-22850
18154
-25306
-6186
30009
15010
1696
10422
-18344
-21371
14062
-12355
31045
-13283
-6662
8422
-21560
4020
-12726
-30732
-28334
-7355
-27480
-2297
-10996
32598
528
30951
13198
22987
8093
-14267
-24296
-28387
7693
-30960
19792
14955
30865
-14917
23419
-30643
-1535
-21052
9472
-14351
17232
-3739
-5852
11811
-25325
4589
11374
12089
9986
-7543
23469
-5367
25963
-10658
8572
-7656
14847
-25081
-16066
-4920
-16473
4076
-8557
-29497
4695
-3408
27373
22172
18138
-1720
-25931
24335
-20135
-20676
22363
32439
19472
-19578
-877
11117
-26907
27559
-3577
-26129
23659
29539
-26357
-20303
-15355
-12827
31157
25342
17771
23608
7647
-6446
-14247
21680
-6974
17942
-32470
14935
9525
-2426
7874
78
-8416
-4699
26490
26648
21727
-7519
17361
17437
16344
-32590
6109
18985
-32499
16279
12152
30186
17501
-15554
-31605
-24006
-1314
26269
19171
-25842
26415
-7467
-25580
32058
-14948
8689
4126
351
-6195
16644
24810
-26103
-13767
10693
-1355
-22959
12235
-19146
-13878
8603
-24135
-14307
-26366
-5308
-24912
-10981
286
-20827
-31332
10793
16051
27520
12001
-16138
-5375
-11132
31371
15467
12007
23648
4618
-30582
10883
13673
17086
-13400
-4608
4761
12384
-14316
-31095
-30210
13126
5787
-4231
6618
-13976
5440
-21804
-5411
13143
-12892
4837
-24048
14035
21170
-32056
8599
-30827
-12694
25138
-32450
-11344
-18204
13308
-31148
18835
-7120
-24714
-6355
-31654
-12225
10607
-29562
-4358
28262
-20520
-28929
-566
1996
-21287
30628
12526
12579
-15623
31823
912
14616
-28008
-19325
94
-15347
-15803
29729
11129
-29170
-16377
12520
-13812
-15795
23732
-10242
14468
-18073
1893
419
32258
-5962
20710
24045
-19506
32357
-9957
20991
30143
9858
6449
13348
3137
22562
31574
19690
18188
526
7186
-8459
14
24543
-29972
20054
-28536
6785
24033
-31076
-30623
2031
-17727
-14384
-5980
7878
-24504
-8331
26138
24291
32396
-21851
25593
-12342
5127
-5676
-32030
-32029
-24316
-22538
-20099
19850
10296
-973
-21349
1702
10900
18489
-2924
-27165
-31224
4504
-3831
-709
-31902
28171
663
-32124
-29100
-3916
-23001
-24230
-2052
9652
5013
-10625
-19168
-4148
8581
11829
28760
-24840
29748
24049
-14551
2226
18361
-31390
21403
15777
-6961
16318
-7662
28855
-25801
11554
13430
11378
-814
3474
-18355
2271
21007
-13515
15958
28960
-26311
18231
26017
-6762
-26937
15563
-3656
-15383
13449
31461
388
-27171
-1444
-30403
14224
32690
-26634
-7726
6536
-7352
-2880
-28451
-8335
18394
29778
5815
-25685
4120
28943
-10806
-17804
1202
-31658
28273
28808
-32170
15676
-28221
-14919
8255
8435
-3987
29461
8431
-25238
-9948
6783
29201
22610
19511
21543
22591
17309
-19704
2326
-15841
-25380
-26172
-12350
-10851
6840
-17247
-16626
18615
11727
-3206
-13672
-32208
2562
-1302
-3880
-8592
-14907
16370
-22843
21978
16739
20329
-5642
-29157
1728
-10857
-13209
-13531
11209
-12063
14961
27786
-30137
-7578
-17439
8164
-19471
-2637
-435
-18813
24721
21058
8720
-20024
-29985
-26980
-31483
18142
10396
-1462
10430
21131
-6663
14169
32128
-7571
13938
-21386
15756
-2476
-18856
-10185
-8145
9314
15529
17488
2813
-26277
-31444
7804
14838
16593
-3820
-27432
3302
29150
14011
-2975
27267
25494
-19865
-17215
21091
8688
-11267
-22024
16104
-7041
31741
-26821
31776
1475
28630
-14141
8308
13890
1230
14611
-17431
-31960
-24255
12446
-115
659
-5870
-3449
19218
14933
-27239
-15811
-32095
26362
-1998
25880
-19931
-18333
-22071
-10579
21768
-4304
2255
-27447
-7976
-32426
-16218
10605
-15227
-10524
-9333
331
-26013
7179
32419
-25788
-5388
-1315
-14819
30909
14252
27218
31898
4044
-30794
-27150
113
14518
-24834
29932
-19735
-18998
16835
21405
-1431
-19426
6535
25026
-31051
-32459
-27663
15798
19820
-6902
25239
5009
-4056
-9775
574
-12931
24201
27381
-12605
-23518
-13762
15118
-522
18946
24252
31712
-29021
30728
-31501
10690
13924
-20197
-26942
-26443
30323
29103
172
17692
12149
-7845
-19091
14167
-8087
30316
26035
-5069
-16011
-23762
7237
-17997
13293
-3384
-6511
19729
-28002
-7473
1266
-6234
-19997
-655
-17443
296
-2103
6437
29307
-26563
12075
15384
25141
23129
-15971
18493
31437
-22404
-11592
13262
32413
-27987
10976
-7125
23549
-11731
-4756
-14336
22771
-31953
-1312
-10777
-20231
-17798
32683
20566
-4934
-8874
28219
-24140
19124
15373
16303
16536
11042
-25475
-21775
-12019
-26786
888
25493
-5472
21246
-22358
6952
6230
19633
-8190
12110
20442
-28165
20789
-21404
21806
-11089
6926
6603
-12504
593
-8738
-19514
-2340
7332
13839
-22633
591
6132
-25758
20727
21189
-19381
18093
6335
-27177
-17472
-13275
-19450
29406
24151
30517
240
-19352
-22415
29804
-15134
24186
16339
31164
17514
13872
-15804
12931
-11684
16973
-4822
-21375
-2214
6204
27680
-21518
3138
13828
-14769
1541
-32427
4925
-14259
-25014
1245
12123
28015
15708
-16439
30215
2064
31292
-9468
8993
-31603
-19478
-11771
30956
-5369
11345
26823
655
-20998
25719
26263
-18052
-10420
20194
18804
-4957
-16986
-5547
-16375
27908
19039
21044
20955
-29661
14689
-3129
4368
-26257
14815
-9233
-16491
-10589
-15004
-10440
17277
-7367
-26955
18085
16844
-1400
6369
6483
-27999
9917
12315
-3682
31044
-27913
22470
-8203
10353
6709
28246
-14922
22318
-24542
9295
-25879
31
16317
18382
14481
-11488
21849
3671
5701
-5401
-14935
22543
16255
-11679
15086
-29629
-28152
3561
7689
-20000
-15
23492
-26256
11501
-393
24932
-3621
-14293
-6551
18725
-3589
-20958
25288
-28683
-32113
-30949
-21515
24912
-29847
9369
4251
9413
-9148
29800
-23697
-29756
-25037
-7990
-16963
11165
24898
-22991
-10023
-9015
6115
25447
25773
17908
-10061
12696
-28174
-16729
29588
-23952
-3345
29
-22418
16599
13036
-3256
-13006
-28568
-25132
28646
-27543
-32437
32532
18052
22634
2001
-25754
17331
13390
-2200
-22844
18373
-7531
-24944
2241
918
22095
-28255
15239
6125
7628
-16342
24964
22232
-12142
-3784
9269
-9932
-7750
18378
-7647
21910
-30728
6288
11376
31625
-6650
21436
-16887
-16420
-26436
-10151
-26511
-3640
17977
-6923
26222
24934
-29337
24383
-28260
-24284
-16697
22208
-19612
-28148
15433
-17885
3512
7136
10972
-26491
-10436
-2541
24691
9342
-23912
-10998
5434
16568
20614
20084
-29063
-7507
-12916
-11477
32412
18008
13865
18659
25928
2089
5224
8242
4335
11819
-1163
27330
-25871
28022
28413
25152
1494
14020
-20872
-2184
17125
28422
20052
11263
-16070
13843
13548
-20879
-11142
-29377
-11043
-23770
27965
-1445
-7724
-13140
32336
-23071
-13870
-11079
32501
1574
-11564
-16719
21417
-17183
-29559
519
3262
-1692
-11484
2636
-8886
28233
7882
14492
13939
31888
30225
4731
25739
5273
11030
-7141
423
-12334
-16302
-32365
25857
-18774
-12054
-18477
3702
-26587
-4206
-8769
-4360
24524
5962
3420
-8188
-20447
27116
-15421
-4224
31568
-2327
-309
29646
-16802
-15485
2267
20116
13987
12396
20552
26074
-22519
-10866
-9132
-17726
-7877
-26521
-13127
-32465
1284
31329
5484
-11876
-22950
14928
30432
18400
-6371
-13906
-5866
1491
-23220
-15832
-5102
20825
-4660
17274
18823
22483
27486
-9637
29720
-4203
-2099
-11953
-12734
-4905
4625
-10428
-13413
-245
-11035
-9436
-32466
-28788
16311
-18602
21479
27213
19341
-19547
23072
31036
29076
-6053
-3121
4878
4828
27632
-2967
6967
-17992
6932
29086
14085
24346
-10124
-24948
23629
9626
10949
-30466
21816
-7742
-32235
-23188
20801
-15375
29293
-15954
-18721
-13475
26856
-9737
8481
28160
-17237
21872
-9160
-14304
-2279
31072
-19940
24559
-26232
18905
-22446
-6755
-10058
-5296
21869
-3511
5086
-9117
-16665
28879
21501
-30029
10825
29753
29680
-7717
3083
-3003
15125
12594
-20557
-20838
-16912
11699
13760
14511
-26042
19385
-9096
-23253
-19031
6839
13739
-19741
10082
-3990
-1872
-28342
-27191
-23099
23991
-17906
11363
-30255
-20779
-5656
-8594
-383
778
-19823
22559
16132
-19954
9344
7657
-17564
6053
1844
-16806
19336
-30676
-12584
21896
25894
-17536
-5201
30250
2731
-7865
26398
14186
1374
4194
15587
-30296
9235
31201
-29117
4756
11881
-29643
-4510
-12920
2133
27534
17148
-13570
-9009
-32335
-1361
-28009
31801
12181
-30928
-8003
27677
4557
4981
21839
-1262
-24598
30436
-22366
-15069
-7817
-23582
-31963
-19273
14890
-1484
5764
7288
-27481
6560
11793
1493
10831
-27295
-32268
-24303
-18908
27409
-21629
26844
-3248
13356
23879
16274
-24905
-30609
27756
-18308
27239
25669
-2220
2298
3751
1170
-28659
32161
-20174
10347
714
-9022
-30662
27910
-31005
-10779
15645
-11101
17595
27523
-25476
30384
-983
-28743
-11009
11007
2967
21071
-27579
2473
29052
25221
-2450
2558
15600
-76
-29344
-9522
17209
27868
-5228
617
-10765
6899
5490
-18809
24997
-19797
-4512
-10046
3246
-30677
1721
24548
18284
29931
-26165
31966
25805
22843
-21763
-30979
-30533
-6178
15749
-10086
-27490
-26510
31830
26876
15852
-16028
-12569
28247
-26095
8913
6491
-13336
24640
13756
-29782
-10071
-2844
-27768
14283
24125
-10632
-6948
-6621
-2334
15845
-22744
16784
-9231
24421
21929
30958
-25766
-3919
15969
-30422
14018
-26836
18614
-15068
31874
-20175
-22022
-3649
12379
18839
-32656
-19921
-3016
-21187
29101
-18756
20031
-14797
17128
20298
-16648
-28200
-16815
-30038
-13202
26767
-452
-6141
26254
24902
-1759
6883
18115
1238
13541
12261
-8840
-388
-4613
6641
-16469
-819
-11021
-20129
-22422
-13397
21695
-10364
-9867
-17757
21002
24080
-18731
4972
-19675
-21611
4403
-22271
-3267
-2906
-8045
12160
20340
-5372
-23766
28369
7900
-15283
8311
11181
17212
5149
11230
-19688
-3014
30735
5791
-8090
-960
8080
4324
-19528
12868
19410
20365
23909
3286
-2550
8150
17161
1364
25544
-10974
-18514
24766
-28501
-10282
-23007
12731
-7537
8225
-23638
-25364
-6194
16013
-4830
21047
-12659
13600
-5541
-24915
11757
22619
-11204
-21683
-19947
-16566
-23742
-18294
-19692
-32160
-2134
-31950
-19004
26252
-3249
12949
7014
-20807
27072
-21077
-3885
25532
-23993
15608
18140
19063
-662
-11598
11454
25387
-19608
-10890
31397
30508
-2757
20581
1526
19283
-1402
-8100
32350
-2004
20346
16431
-28213
-20930
-5723
-25048
14501
4355
21937
27494
25856
2063
-7636
-10790
-12128
-19103
14844
101
-19389
-2357
348
-25010
1982
16892
7459
-18565
-12961
18208
16849
26203
-10952
-4879
-11848
-27189
22584
-5883
-28242
22296
14108
-6492
27275
-9323
-6061
4892
3479
1192
-20354
-30427
8373
22357
2525
8534
4528
-13498
15829
-9181
-2916
2832
-18358
20113
1552
-4606
-11805
-23145
2132
-505
5308
12361
-30621
8287
27917
-25587
7772
-11606
29791
-18622
7719
20990
31110
9825
-31798
2178
-5588
15877
23347
13700
-31734
-18636
13918
28490
-15712
-29888
17659
-2108
14155
24787
10602
14505
12221
-31922
4545
6602
10986
-4500
20489
22775
27879
-24182
-15416
-6632
24133
9457
31749
-17267
25725
-2493
-1172
13055
-4386
-15361
5653
-26378
-1611
-3088
1251
18639
12552
-18387
-11451
-30545
29965
17155
-2705
-8242
8213
-13696
-31833
-32048
-20993
14661
-32368
-19306
21188
-194
-4454
7201
-27103
20605
26350
-16287
727
-20766
-22013
5043
-10741
-18768
-20350
-4993
-11122
-15844
-9059
210
-2475
-20860
-3605
30777
9945
-24862
-1486
23248
-28123
-14230
-31918
15537
19442
4922
-4994
-24323
15586
6296
10326
13565
7019
-30306
-26729
20152
22542
-12695
7532
5807
31573
4476
-5237
13284
32489
-2806
-17408
30478
-1665
16968
-28346
13777
7588
-10479
15020
-3009
27388
482
-27949
-11745
24672
20721
394
4833
-21263
1614
15639
8460
273
284
20383
-8630
31360
-29615
-14800
27805
20249
11633
-20207
15497
10441
27687
-24847
2523
902
9587
-31107
-6971
-31087
19052
-28259
-6681
-13352
24929
-24837
8169
25044
6794
7259
12358
3034
-31617
-3041
4973
-17764
455
-29201
-16577
-27105
21823
12014
22853
-27524
2736
-12837
12739
30280
22336
28462
-2008
3604
28875
-11601
6979
23689
-15652
-2630
766
-30841
-616
-19504
-1353
-25956
28403
-20156
-1336
-14198
8105
-11881
5228
3651
5339
-7935
-25568
20210
6049
-17315
20729
-27868
-19969
-15305
29089
15179
-19463
13743
-27316
15243
11400
-22275
17398
-12499
14268
-28110
16621
28423
5242
29915
-23181
-16099
16450
27838
10204
18874
-2886
24705
-16405
-29087
-17362
5929
-28125
23046
17275
7994
-25899
31994
32013
-20753
23922
20358
22169
3682
-4563
-8608
25606
12163
-8357
31527
6367
32091
-6935
32691
-1685
-28120
-18299
-20771
20218
10858
23493
-9926
-9862
-18449
26646
-17957
-4378
-27644
-13544
-5187
15043
-2400
17042
8070
-25090
10800
32581
-1329
-4587
-12293
-9070
-31481
25396
-27847
-19187
-29419
2849
20917
-7084
-23197
17644
-13526
1062
-29810
-6644
-23715
-4277
24862
-31579
-12980
-7770
9511
-14891
4268
13207
15346
-30696
-14125
7342
-26432
6243
-2341
-9019
31185
-20439
-4543
18618
31853
-24130
-3953
-28294
13982
-7946
31850
-1690
9659
28631
-5327
18397
-7438
-26459
17593
-12196
27109
-2583
5921
-10256
-17386
10259
6267
19514
1482
9170
-9793
-20973
-9080
-13888
-10221
1375
29698
-8918
-24949
-10867
-7659
-12432
26519
-21623
-11162
-13697
-5681
1249
7746
3543
28468
-3622
-29383
3733
19679
-4847
-20685
-586
16953
13517
2392
16074
26948
-26949
18742
-21149
19999
-13677
2367
-1722
24710
-28037
25132
4566
-24459
523
-7451
623
16032
-31502
17314
-30664
10270
-28325
32123
-16488
-10087
27395
-2201
-21797
23281
4028
6378
-30289
-28772
19660
9390
21036
22244
27515
-10363
31489
14265
-22699
6401
-29363
-10901
-6367
9415
-11638
-433
-3794
14632
-24757
11591
30772
4745
11256
-9615
20083
-8785
26663
7293
-10825
-20501
-15128
-28776
-7278
-25409
24725
15454
3363
23696
-8144
-23409
21989
10452
-30543
15040
-1118
7839
2318
24093
-21065
-14393
8621
20353
-21278
-133
24001
-25270
-13487
8987
-5963
30533
-15316
-2102
-5979
19750
10034
-14189
8779
27524
28151
1802
-18066
-20108
-9352
-3761
-22837
19467
31705
14079
6169
-20854
8529
7380
25646
-15985
21791
26236
-24765
-8018
-8171
-12273
4717
-22016
11014
11323
-8853
13991
-19583
30804
-1169
26382
16140
2786
-10623
20515
-23752
-11995
24715
-14199
-28609
23769
-30074
-19628
18383
8693
-3864
-9707
-11615
4873
-3681
-26113
19251
-23425
28397
31318
-13144
31159
-18300
-921
-28403
9861
-19371
-11238
-19348
-22636
18652
-13843
9491
23838
27476
-20570
-4093
23346
-3816
22143
26065
-637
29102
23812
19230
10012
344
-15064
-6460
28474
9703
-20356
-22005
15460
-757
-12687
-12386
26502
11758
-9035
8454
22298
9440
-3261
12090
-13251
-8590
28601
2283
16220
5746
-21188
2581
-14431
23944
23878
25452
5961
-32567
15773
-23267
-11310
9443
4406
-27227
14607
-24976
-19526
14494
13296
-15465
6209
27605
11610
19258
16995
3090
23797
-14890
14720
-13361
8154
-23629
-27745
20902
-25336
23647
6933
20146
-28879
-7837
18391
29423
2569
-22510
22331
7593
1676
3732
20338
3617
-25737
-21994
-6900
14706
-28332
-13192
17410
-14232
23002
-11459
2688
19156
12348
17270
14375
2981
-22332
-22883
5554
10668
-9354
25259
12644
26158
-11414
10328
-13695
7829
8473
-6867
20174
26352
16269
-8988
-20400
-27612
-22459
6119
-12805
14004
2131
32339
-7154
3007
-15696
12836
-28122
-6561
-28486
29359
-9641
-31039
-20132
10513
28985
11425
-31151
-12585
4831
-9363
18038
20996
16874
6554
30049
6682
-2402
-18043
-10513
29469
8468
-31215
-9974
-23654
-19404
-2321
-27885
5251
32520
12419
16314
-13795
9435
-1031
12575
-7292
-9368
-744
31806
-22849
4047
-3134
16857
9227
30228
3393
-16886
-28181
-2946
-23504
-2657
-1151
24371
-13607
-17099
-21305
21859
-16771
-15958
-3089
29882
-11574
-8368
-15493
-26731
29926
-3754
-7170
15857
-4397
-4912
-27139
-11837
12845
5924
-18999
3062
-741
5824
-715
-16318
-10776
12237
22303
14985
27698
-15909
-6529
-23679
-8475
7738
30028
2517
22520
-19387
-19254
-22870
-164
23152
-27850
25648
-903
-697
-3729
21990
20285
6633
28179
29943
-28711
-4050
14841
-20589
-14623
-11483
-23201
29733
14542
27411
24690
-6585
25812
27898
24405
2612
-14225
-29705
23189
-29452
-25017
22657
22654
-18988
19362
26200
-6196
5823
10840
-5033
27871
-17014
511
-30081
-3791
-636
8077
29100
27104
-27160
-12815
24659
10134
-11045
6417
-14338
-17795
-23249
13242
31027
-12797
-21853
32483
317
-5363
-10680
-22376
5114
15843
-18117
26718
-24073
-12129
-15542
1144
-4302
14052
23998
28817
238
-25751
-15910
21717
-13133
-11005
13785
17200
12310
-20976
24947
18346
12150
-18643
-596
-4982
-1687
-10130
-9294
22217
-11360
-31836
-28703
-29015
-30496
-4361
18251
29486
25238
22501
2401
6803
142
-22465
13718
-15312
9215
-27534
19758
-23213
25213
21901
2228
-17118
-14078
27292
-16915
-11196
-18844
-13640
-6171
31522
-29185
27587
-5937
-6983
1852
-14370
-2129
32551
11249
-27897
-11265
9154
7710
-22823
-28976
24699
-26946
-3473
-15586
-24005
-23577
-25289
-21256
3629
19333
16795
-26303
-27354
-16385
-15000
3044
12738
-7891
12072
14212
-11102
-30797
-27016
15510
-6255
-25231
-2516
29700
-8732
-18624
13295
27739
6838
10054
10055
14873
-13086
-25831
10758
-1540
25562
-18926
-29492
7718
-2110
26523
-16435
-13045
-17661
1687
-8037
-20652
18199
8040
24056
-22262
945
-21421
-7318
-26327
18937
25672
-1144
15784
8238
-26130
6185
-6437
6231
12889
-21133
2043
10729
-14688
19427
12511
27063
-27336
12411
-9613
5613
-32657
-6266
15491
30602
-20184
21658
30842
14406
18812
14624
25337
-17817
-24558
12694
11043
-30011
-12963
23305
242
-12184
10481
-9025
12309
-63
-5259
-10565
23243
-13240
-29211
30535
-20390
-14060
-28927
-26019
-10676
-32645
-5933
27433
-19673
6993
25414
12051
21373
8109
29149
32392
17963
4303
30497
12352
-11500
-31421
-378
-4264
26794
6067
-25162
14158
-21630
-2734
-118
-19332
16095
-4184
25465
-20716
-14170
-20554
-761
21074
8214
-2188
10845
1584
-5162
-12951
7863
-28925
-8263
27607
-18966
10854
-2704
-24513
18656
-11789
10493
16415
2032
-20383
-29748
-2355
13403
287
-27619
13334
5180
-14112
26094
18144
15593
30867
-30182
-15752
-15389
-30946
28999
11434
32059
-27320
-17284
-3539
-16935
28807
-15583
19305
27021
-13083
-26959
4009
16217
-27630
-6899
-7863
20045
9813
32014
5069
22912
-3548
13160
28299
-8761
24322
-8072
-26017
-9664
-6733
10007
29960
-28864
-27333
20066
-458
-7286
25309
-19957
8946
-13723
-12236
26070
-14678
19349
-22814
15213
13581
-17327
20484
-4449
-27504
32380
10015
14948
-10515
-31002
-16137
-16150
-663
-26413
-13022
-5797
-15153
16138
-12372
1737
-9930
-5255
-30721
-28205
-30789
-8839
1514
-9370
-24379
28984
-5299
13009
-22412
-19862
22734
-22970
27240
15411
10722
-6078
20211
-21088
-19412
27918
-26023
22785
1572
7438
27018
22225
-706
-15062
7547
-27505
-12511
-27701
18722
30750
-12122
-2064
17297
7552
15640
-9585
-17695
1955
8067
13831
21991
-20597
6406
12449
-19527
-29260
-28563
19383
23395
-19037
18401
11078
-29725
-19038
-10026
23057
18319
31854
31742
-2553
-32120
10400
-25209
-27865
32326
14390
-21538
26169
-19139
-15211
13319
19112
-31972
17597
26165
-572
-30575
-21308
-4852
9736
30879
-24447
-11807
-210
17778
16521
21596
28654
-25321
-22521
28174
4631
17034
3135
-29477
19862
-3928
-3845
-9830
7796
-5700
5837
-19561
-7781
-26711
-2794
30778
16386
540
-8743
-11608
-11189
-8273
-22593
-26211
-23085
29210
-20089
-4002
25308
-23423
-8724
-4478
-23162
18412
21209
-27397
-16768
3247
-14742
23657
686
-23422
-8574
17646
62
-15423
-19197
-22869
-20297
26898
-905
14271
2142
-22304
19159
-21211
6884
1549
-21007
19043
-30135
13123
1291
25747
-6214
3628
-7308
-14523
25666
-18480
-12756
-2477
-5763
-25161
-23347
16974
18730
21621
27219
23533
-4162
2294
-3192
-2695
24519
27666
17576
-13311
23817
-17854
27375
-20393
-19631
-18651
-2401
326
402
-30720
6201
26604
23108
-22612
-24635
10207
-12740
-15796
-7021
16929
27135
-5444
-16252
-9984
14078
24281
-10587
14984
20766
4358
17976
-3047
-25074
-7974
26061
-19119
-16485
-22689
-635
-7813
16252
22221
12176
-13638
29381
-7257
-15057
-17631
-30325
-26931
4701
13747
-7140
7399
-32531
6430
-8822
30124
1841
-32500
-29669
-175
-25382
-9275
-29812
2358
-26989
19532
832
-28749
-21605
23939
-23180
27458
-29907
-10176
-2619
21031
15081
601
-19814
11667
-14562
29402
12963
7098
14641
-14353
24978
-15428
-13155
24043
2855
10442
30430
24580
-16602
32651
-7374
-29147
-11048
19944
-18080
-12628
-20497
27784
26936
27035
-8623
-15357
25520
19535
-1592
-19662
31998
-16056
9477
-6886
6922
-2497
17324
-12016
19184
23256
-27006
-6509
-2574
9032
25373
-25851
22756
4257
15242
28089
-13721
-23348
32431
14284
-9846
3029
-21981
-26152
30766
-24473
13698
28546
-333
-30769
18297
-25816
23079
11876
18717
13127
-27145
1277
-13163
28732
2752
-21123
-26292
-28150
-24980
12137
-20482
6843
12268
20837
959
-26450
-28119
-8251
-15754
-29831
-29902
-16425
1713
-14544
-9852
-32034
-5550
10946
-11175
9916
812
-11781
-29227
-12989
-17939
-32266
9751
14953
14449
-7076
28332
15854
32671
8918
15560
10572
14300
-5032
9808
1880
7170
-31940
-18739
22472
-24526
1895
7958
24108
-20489
-24602
-8944
11493
2868
23139
-3443
21309
13267
3562
7318
12254
28926
-532
-21336
-25237
-785
-29342
11349
1847
-24800
-27017
20140
17142
-19796
4939
3871
12053
25112
1017
11884
17076
5558
-31175
-31653
5244
-24817
-11642
-27284
-28567
26934
-29929
-29744
28950
-23615
-3255
7672
-4807
3153
7927
-23204
-2723
-4427
9732
12397
-4519
29975
19486
-29839
18421
4554
-12114
19689
13737
26512
-526
-1317
16422
30425
8860
20499
30162
16448
17133
25314
-10723
-28651
28018
25881
18278
2491
29104
-24681
17847
24819
-26099
3735
-9655
-15991
9038
-8778
-18506
-27473
-9241
-6540
21721
19247
-29293
8272
12241
-1762
9898
-742
-290
-18144
-19136
20652
-17096
4354
-22337
-15441
-14691
21435
-27578
6755
17153
17902
8489
31828
5199
-23540
-30613
16549
9303
19752
-2372
1404
22178
17195
21116
29752
-25454
-9451
17421
-5199
31717
24595
-10575
-17781
147
4371
-23128
-16638
1631
13937
18817
5526
24456
-6487
-3175
-6571
25774
-24863
10020
-31898
22077
5717
20822
26103
21706
-31958
-22933
-13254
14126
4970
26719
21909
11910
2964
4850
-19050
-9440
-161
17755
-11990
-5389
-31925
-22397
6628
-7255
23091
-9729
-25702
-11149
-21292
8518
25173
-28553
-31807
-15249
10279
-13612
7775
-28360
9050
23768
486
3281
15443
26545
30897
-25129
24643
30633
23486
-1148
21917
-21047
31232
14128
-10621
26467
-31685
-23881
-7906
428
11546
8823
-12939
23034
-30164
16804
6888
-23860
1171
-28654
-11116
-11061
24837
-21348
25783
-29436
1215
11678
19807
-12062
15113
-8337
24344
2350
16030
31692
4416
-27730
25160
31087
-18421
32395
9493
-509
-10454
21374
-218
28381
29065
30453
18603
-23773
-24118
1886
5988
3754
-8201
24650
-20004
-24409
-25524
-17633
-26602
-31400
25246
9189
880
-27704
11216
32225
-10346
22291
-22794
23556
1763
-15919
-22867
-20345
30710
-25456
-15433
26661
-23208
-19007
-22186
-8122
-20909
5915
-3954
5694
18901
29712
-20038
8610
32618
-14643
-17771
-10558
9410
-14085
-25915
24664
13934
13788
-3803
-22741
4238
-29210
-5300
-21196
-20033
27532
8978
-16950
-16874
18123
29871
5141
-966
-12215
28676
-4810
21685
-23795
11274
-27621
-465
-31923
-31035
-26110
5417
28893
3970
-3980
7814
28002
-9311
-15107
-2775
-24084
-20923
32152
24566
29224
-23580
21477
22461
-14011
12746
-683
-23038
20776
-2393
-4582
-29309
-31482
-4199
-21276
12472
-17174
-13291
-29517
18063
-9128
-27594
