10000
-14590
12377
-7878
-29469
-26911
17021
21714
31923
17925
-23607
-10511
-32562
21899
822
10155
2349
-17360
-13712
14423
-218
29109
-27707
13510
-28304
4962
11667
-3890
-22351
24257
-12248
2262
-10040
-18946
-2988
-30837
11281
-23061
32409
8402
8130
-307
-15753
5941
17114
3414
-22348
14829
1803
-9916
10005
14024
-18858
24169
-22269
-8605
-7728
-19617
29311
-6851
-10428
16242
2299
1431
2190
31016
24628
-20217
21133
32470
14033
7106
30420
-5855
30594
5083
-5947
-14413
14972
12201
-9323
-29551
8368
-25506
32646
17276
6162
28256
-17651
-22800
-3866
13088
31452
15531
-11077
-9284
20400
303
3988
-15826
26785
-1638
-13068
4082
-16423
19322
18228
-22899
5243
-20859
11930
12871
26141
3549
-846
17923
1614
-27895
-11621
7776
-13719
-25733
-2424
-32189
-21057
-5670
-7970
-18842
5850
-479
-26502
1310
-26806
-18583
-9158
23442
-13932
17293
-15076
-26197
3605
23430
32294
21776
-10655
-11235
10252
25601
-20142
-14039
11633
-6093
-22558
-26396
-20434
18143
8367
-18030
-2001
-22503
13699
17421
32691
4182
-6308
2879
7651
29411
-4988
27084
-8045
11785
6491
-18048
-17028
6790
-14837
10157
-253
18909
9185
-18855
-23249
-9429
14107
-17734
12447
-6649
10115
18023
-11816
-23574
12124
21099
-17617
12480
-20941
7862
13860
-20172
11620
30513
11855
19671
24206
13513
28323
-8126
-29216
-17390
2070
10532
26577
15125
-9666
22000
17597
-310
-26469
19660
-13796
1103
-19423
-11431
-17064
-32735
-11190
-23347
-3923
-21355
17301
25448
-12175
26877
20168
25600
2285
-11168
-12738
-3576
-17758
3557
13464
13077
-21949
-8289
19844
-25693
1091
14381
-31586
8346
-5904
-9573
-12342
-4826
-681
-31145
-19364
-24818
11381
-24223
-9590
-2550
-15679
31854
-10266
21698
952
28741
31522
20085
-26353
-21202
-15810
-22769
26853
-20821
18780
14573
-18282
13272
-5794
-22090
-3817
-27245
-6128
17055
-11529
31706
-21306
-17523
-31496
23478
-14772
-11974
8580
16479
31279
2040
31233
-2676
18969
8182
6868
-19446
23689
-23445
-28791
-15917
26107
19501
6151
28708
16079
-26139
-18885
1320
-5576
18240
21400
845
12942
3456
-9098
-12777
18476
-15685
25159
-2071
22418
14330
-7585
-11061
-8724
-17040
783
32102
11242
-7164
10793
-15377
-9142
28461
11872
23521
4156
23933
-25538
-20326
13709
-10783
618
-4612
-23471
-15932
9678
-19433
9513
-20897
19752
18210
-1417
5441
23032
25124
18400
-28081
-7808
4678
9537
15787
-31815
30277
-27462
16524
-4759
-30911
12939
29910
-31999
-696
-9520
5806
-8657
15895
21851
-10846
4261
-26666
-9140
5844
28884
-13342
13799
20514
32766
-15752
32038
-4604
-8325
2783
19621
10813
-30735
8192
28
21347
-7688
8361
12872
-7950
23069
-766
874
28805
29379
-20999
-28614
-1841
-2990
-47
-13861
-6431
5210
-18886
20052
-32130
-18054
10112
-28579
26415
13491
-20725
-10087
-12064
-26793
-20255
-32632
12018
4595
-7903
-13491
11111
17502
-25464
32121
-20196
-18046
10514
-24623
-13300
28713
-14136
6588
32707
-6394
-29531
5134
-3235
5840
-21325
27798
-9355
-19532
-24518
2759
-19347
18262
-18147
-18074
6777
-28568
-32418
7949
10528
-17665
30567
-159
-2316
-11844
24186
7126
-20455
22359
-28806
-19386
12798
8181
-23580
3159
-11460
6684
13358
-319
-16719
-6287
-29332
3077
16086
-19797
2699
7481
-30776
-2865
5781
-26489
9543
21002
-14876
-13883
-31572
-19838
-22524
14922
-6775
20312
2398
22290
-2698
-28489
-19750
14762
-32099
31454
29882
2748
1182
-98
-2090
29670
-23895
24882
-32369
-11538
-20428
139
30131
28271
18081
-5934
-11700
-16111
-4446
-2527
4702
-21193
14062
-20456
22078
-31225
-22562
-27027
-7431
7867
-8748
-26292
-13839
21524
20773
32029
-26317
-29769
-17031
12071
-17761
-6067
559
-8972
-27065
26732
17687
1716
-19028
-1370
26305
14177
22926
19081
23704
22211
20354
-487
6407
-2985
-21962
4607
15499
-26070
-21351
-22390
23041
18367
32092
-14818
-14666
-24692
28199
-194
32454
-8293
2732
12566
-6268
-11971
17587
25570
18581
-18437
-28008
-11438
-16351
11365
-6105
-4105
-18508
-7780
-2939
-2561
-32624
28994
-18086
9389
8454
-10119
-4372
-7844
24939
8573
-7783
-8579
22561
-23475
16544
-2155
31309
-15740
10920
13952
9530
-30574
-17098
32107
14548
29155
1335
5081
-16942
-19323
-30337
-7162
13821
26520
-9761
14851
15130
3297
16626
15020
1284
5056
-13235
-18866
15963
9444
23944
14422
-870
-1983
-21113
21469
27790
265
11762
19470
-10465
-16699
30017
10679
10385
-25365
2588
21800
-22386
-31257
11544
11446
-26495
-12557
-4147
-11066
-11093
30845
-31051
-7824
182
17719
29860
28184
19208
-24269
5991
28984
32211
-15894
-21021
-21975
14151
-31662
-21304
5860
-27315
20081
-31114
-717
6927
6660
-22220
21001
-9588
-3404
-16921
-19854
7070
-20724
31344
-1371
11889
17900
-22837
-5872
-10353
21477
5296
977
30792
-18390
-4749
-6151
-19268
17018
19035
24734
14295
14031
14349
-12840
30741
-30873
24188
16185
13369
-23261
-23010
16105
-23840
-24166
-609
-9045
5836
28739
-7802
24606
13027
-14407
-9622
16616
-15150
30600
4737
-20445
3098
-30433
17898
19496
-32570
-1392
30948
12410
-9667
1816
-16232
18824
-4878
-4864
6864
23690
14106
8722
7262
-23997
18696
19837
-14051
-16797
7476
25944
7614
-26051
26220
13625
31385
-24840
-14882
-28965
-24255
-28702
25491
-12111
2817
-7001
-30402
-13520
1588
-308
-28405
-2083
17329
-12492
23864
-5031
-22996
5220
9945
-22561
18557
-27615
-21482
-12087
-20370
-22345
-28099
7670
21883
29007
28029
14156
23972
31170
14968
-3727
-3839
-4119
14550
14837
19071
32234
26621
-25881
20894
4471
4377
-29565
31960
-2080
13058
558
-2282
-28075
7794
-12031
9932
-12278
24003
9261
-12851
17312
-19992
-19302
-13151
-2531
18867
31550
-32404
-2581
-11177
18544
-14167
-13556
-9106
-24666
-32499
-1823
27659
-29564
13048
-15256
4405
-12285
-15287
3656
-18229
-19493
27335
-3707
-20658
8420
27010
-352
30042
-21578
-14217
21643
2141
5133
-14652
-8307
-32496
24583
22083
-15091
-25781
10248
-22989
3245
26040
-14394
-17698
25299
-14424
-20300
6652
14212
-19964
-21236
7364
-11143
20147
-13484
-7116
22698
17327
-28725
25031
22590
20932
6671
14412
22934
-1005
-32257
31319
18572
9672
-19863
-14023
1020
-11797
-25313
9287
14651
-31148
7371
20945
-5059
14483
-32274
11138
-21723
-29937
32293
15689
2260
-18083
-25816
1685
27556
-4683
19681
-4314
-13156
-10194
13918
5650
-27347
28897
10574
14138
-23506
12134
26643
-17105
-2534
19478
12791
-2908
-15546
13541
5540
19940
-6810
-19343
-21418
10358
21241
25619
20732
8354
22763
21299
6515
-14845
11692
-3317
-29258
-7327
-15127
21284
-31905
19366
15919
-29648
26618
27569
16794
-6090
13503
6501
10273
-8489
-1722
20460
18226
-6600
-1947
24433
4446
-12741
22901
-29605
20699
-19972
6465
-29187
-9898
29018
14706
24019
-30114
15360
9856
-25709
-13596
13781
-3111
-14230
28168
16483
28973
30009
-5791
13460
-11994
-16866
-219
17720
-26490
29508
-22778
-29059
-3295
19123
-13311
1932
30428
-16299
11825
-2507
23111
6554
-12971
27912
7627
15497
-25829
20852
-795
-8209
12323
-18419
833
28296
-17010
-10222
-12778
25096
-30657
1490
26602
-17137
-19556
-14735
32180
-30309
24466
29977
5603
-1511
27371
-30644
-16461
-27619
-1151
-31113
-4954
-18537
10455
31591
-16164
-8000
-4855
29049
-16931
5013
-14441
32395
-24208
-19063
-16311
7824
6379
-23898
-1781
-24861
18037
23701
-14901
13291
-11191
25060
31248
15705
-11001
-13031
-4644
-18151
716
29600
16272
-14268
7297
-26873
1914
7969
-27312
19260
-7561
20228
-22450
10393
23148
1654
-17446
22436
-16977
-11309
5488
31188
-7022
6403
21557
-3589
5244
29301
-23264
-31543
-5414
-5153
14797
735
-3929
-18793
10382
-6842
11130
367
19623
-21648
2709
-28334
15719
23342
-20189
28132
11906
-30948
-22055
-5268
-29327
-11782
-1132
20357
3466
22382
7755
4418
-22355
-25848
-13188
-4248
11821
8197
6526
-5914
-14656
-505
30147
-24480
15127
6846
-22654
1220
-29730
1854
26372
-32612
-5429
-30700
-5704
-13603
-16903
-18236
-30053
-5864
8231
2072
-20317
2876
-13480
-12611
-369
-9218
1089
11628
5846
-13901
-12919
7484
-7812
31178
-27985
-8192
-15156
30729
25565
-32299
-8678
32508
-19627
-25554
-10332
-9083
-31825
11054
-25501
21442
-3045
14110
-22131
-31217
-3974
-23971
12268
-11915
23763
25186
6621
31479
-24946
-293
5978
-11266
-2443
2138
29503
13404
13898
914
16043
7959
17505
30212
24448
4651
8835
-9480
-12004
-24820
-30698
-29340
10179
11954
-23250
-18402
9546
-8456
5884
-4000
12653
8829
-1068
-16575
25442
-13567
27819
-30924
20004
-21595
-966
9850
-32498
-26822
27724
-17438
3021
18775
-20244
-8753
12797
-20106
-373
-16850
-1165
-29887
-15309
-16194
-10954
3769
24570
-19558
-11976
2080
20452
-15176
-23517
-14335
21489
-6294
-11556
17222
4495
-22050
-19451
-3913
4526
-1376
7813
-17472
-22339
8683
26153
24517
1479
-27649
-28177
-22361
6069
21250
-18860
19167
-9487
28661
-9005
-18207
14810
-4098
6666
6212
-15518
20217
-12669
-11358
-25831
16842
20230
-1505
-16838
12555
18663
15909
-20561
25462
-1191
6116
8734
-30823
9616
-8639
5068
21090
-19249
-26809
4987
-4491
24540
-15034
30543
-7725
30505
30989
25584
-17204
-15473
31458
17165
22706
29012
32717
-18901
32350
31795
-12870
3964
26128
1719
14887
-13244
-11846
11337
-24369
5457
-19619
14487
15239
-2154
-30229
-32305
-32129
-1287
3194
-15770
18217
23687
28479
-23058
12609
-18971
23587
28750
14105
-25753
27050
23523
-10758
-26875
9625
-18894
22496
-5342
-23279
16773
4355
23328
-22153
-24916
27602
-14105
-27844
-434
-9170
13117
2348
-9097
-16946
11047
13615
29892
-1348
-30902
-2722
22228
6908
651
-13885
29998
-27510
-23182
-2586
27595
-29549
27753
8250
32166
11972
-15371
3328
23362
4865
13351
-8628
31009
-6605
1203
16129
30286
-23414
-4458
-14200
4821
-14701
-28746
16907
13893
6344
30742
31890
11457
-24277
-32330
-3259
-20789
-26705
31313
28406
-29990
9369
-29227
13190
5433
15999
30784
-6415
17977
-23067
-603
-31930
839
-19501
20660
-21974
11296
18888
-8876
-5436
-15243
-10788
-12889
-11292
-11182
-27038
-6130
30069
14451
29812
31412
29543
7689
22858
22368
-18873
26466
-2984
22203
18516
-19637
-13945
13324
-1478
8702
7822
-13217
2496
-21881
-5401
10570
1944
-31283
-3804
-10440
31321
-20310
-10927
26477
7695
-23011
17953
-30921
-29082
-21917
-29713
-18369
-15
14124
26469
32608
-13762
-32412
22916
-9554
-20175
-6619
220
-17514
21908
-22335
-5982
-10013
-12597
-28925
8708
17431
-29363
8755
28254
6757
-13791
-13948
5259
10383
-14949
-30424
26258
-6597
-5645
16461
2716
-11905
-15875
27235
5495
11002
26965
-15782
-13588
-21938
-889
31272
27401
-1513
-11972
28156
22288
-16935
-22260
7100
-4486
-28342
21415
-28932
5613
-3109
6881
3317
-15723
906
-5811
18760
-4146
6126
-9192
-32116
-6080
-30779
12094
-19199
16145
19719
7912
-2718
-28039
-18887
23322
18221
28105
-16217
-29836
-6183
-7233
-15995
23292
3120
9630
-19025
-9129
9100
-21842
-6883
24536
23205
-29717
-28573
-851
17545
13920
29134
23269
13673
10025
-4831
32027
-6480
29766
19862
-12697
61
12066
18914
2433
-25670
-16795
-6561
-18067
-15929
23542
-26674
-12341
-22952
14169
20731
7666
-13162
-26704
17892
-4598
26650
-16716
1497
-25492
12951
17695
9036
-31169
-31363
10626
6832
-5526
-29380
27024
-30975
-11474
18437
26696
-4661
21590
24374
-8974
18386
15015
9224
29738
24412
12911
-26482
-25928
26843
19708
20015
4599
13660
1215
20285
6698
-23919
-30671
-16992
9402
22440
12900
-32413
-29154
2396
2239
32193
27127
1209
-20949
13019
28617
-23073
1458
-11416
16444
-30556
26988
2500
10617
-7386
18910
20238
11949
-2091
31270
22921
3720
11909
25127
24878
-22975
-1857
-7432
2904
-6538
-26206
-10163
3398
-1575
26364
-8023
-24220
19797
26083
4071
-31715
26842
-3066
21144
-14596
-1277
26832
31847
-9169
-30476
-7446
23697
-30332
-17368
5411
2841
-6686
13876
-21359
1861
14642
1401
19224
26145
-25111
-3077
19040
4347
14738
-3512
29997
5093
-15689
-3702
-20360
31799
5705
-14503
22558
-18186
-31617
21434
12994
24510
9284
19101
25321
-11892
19147
-16967
5677
13973
-16049
-16431
-32459
-17738
-1909
24786
-15908
12289
5883
-7729
24383
-8942
3084
-9808
-24902
32647
-1233
-16824
-20997
-348
-18934
-30830
-11501
-22048
-12313
-3864
32123
11892
4920
3771
-25655
7955
-26346
2229
1644
18591
10701
-4488
17834
-2585
11264
15194
3649
17259
-26024
-8308
13770
-10206
-32196
-27039
8356
7936
-23899
-11615
16208
-16780
-20719
26987
16473
-32328
15449
2411
-7579
-22252
12312
-10953
-12501
-19510
21453
-23348
26155
-9317
24765
-26399
-32422
16831
-11347
14400
25264
-17051
17425
1177
22552
4295
-2642
21268
3124
-8110
-9093
-15290
6326
-24136
15750
-11636
-31795
-2903
27981
-21554
-14817
15986
-13473
-26281
32455
6397
28628
-25634
24615
-22661
463
18378
-15262
6265
14974
500
11528
17581
-23891
12949
7434
7128
-14274
-29639
-24458
-16917
-18371
13383
-25138
25446
29267
-8695
-27376
-26157
18931
9308
26233
11697
-25895
-26401
18113
-27807
-17656
29842
29060
-1926
19315
24609
16065
1881
-16936
-229
1849
-7153
-28844
15382
-17141
11913
17176
24467
-14269
-135
3164
-14242
-28827
4507
-12568
28533
-6145
22265
5264
-17741
16957
-4040
-28722
-18181
-15615
20534
6799
-10427
20058
2036
-16861
-21331
6325
-13942
-754
-17953
31922
-17751
30083
32041
-8866
-10549
12543
30938
25628
-11003
-29485
-14984
2992
-29963
15519
24446
8682
-23904
25636
-19976
-24700
5176
-3312
15349
-27837
-12950
10522
17692
-8741
22721
-3102
4564
-27859
-23747
-3419
3450
13319
2283
-14998
-11502
21672
27212
-6774
17686
11199
-12092
32518
12538
5589
26678
-2599
8490
27255
30297
-11117
-14534
5700
-27816
19233
32357
15779
17342
-24507
7495
-28350
-19483
-5816
-20429
-24580
-24738
-6937
-23037
16039
5119
-3358
-27824
-17053
-1187
4517
29811
-2517
3032
-21689
-32215
25499
7478
-12188
15667
-16388
2678
-27351
-937
-24052
27826
167
-15909
-17716
-30654
13922
-28826
2906
31052
31323
25645
9136
-26611
-10463
4230
-17444
12815
-29725
4689
4039
-15420
22185
12735
20815
-28639
5626
-30982
17814
22941
21740
23260
-30233
22497
-13887
26880
-9082
22875
-3862
-6834
16383
11132
10616
-9014
-22779
5842
22613
-22205
-6227
-4724
10459
-23606
19010
29711
8986
19536
2123
-12862
2918
-28423
17205
-29946
-663
-27894
29066
-14371
-15498
14817
19994
-32254
-18080
-3884
9845
4530
-24125
30305
-14708
-22986
-22346
25518
-9649
-15030
-4788
24676
-26634
2378
1259
17786
-27170
-3389
-1544
-8416
-5035
-22551
-2508
15086
4500
-7681
-6056
-24379
22107
24996
-20514
-31609
20040
2690
14306
-8864
-21766
2726
21048
31593
6181
21787
-19348
-16084
2457
25714
13323
18083
25145
-20800
18905
-11229
-13377
30878
-21466
30028
3537
12967
-3087
22014
11116
-6398
-6687
31688
-14969
-23878
-7636
28094
11206
-12199
-31420
5632
13648
3331
-14305
10300
-3823
-20293
-3854
-11377
28475
-14778
-23916
-6651
16747
4704
8675
14362
-9815
15268
20593
23022
17509
-14496
29064
-19399
-18293
13326
16714
17295
12564
-17641
-24455
-14483
21491
-31856
22643
-4515
3688
-10021
-15251
-5356
28365
-18458
20414
19614
502
-19070
-13759
-22892
-20917
26164
835
20146
2887
-5127
20177
-14546
-926
12262
15152
-24571
-9252
-4003
-30145
19839
-14797
10418
-26788
-19862
2955
23214
22849
476
-215
18900
5826
-977
22575
18823
-14486
5976
-28050
-22218
27888
27961
4357
-8905
-22341
30111
27922
-11601
32466
-17050
-32068
28499
19732
31390
-5293
-5477
7246
-23299
-29792
19008
-22023
-19075
-29175
4419
-8585
31679
11789
12527
-8802
8122
-23237
11625
18151
4674
-21243
-9900
6896
-15661
20628
28942
29350
2354
25155
27562
4882
-28547
-3008
226
-19116
-19284
25315
24159
-25934
93
-27178
-20153
-12635
8209
17680
-1679
16720
8808
7003
-1085
-17374
22086
-28974
-239
-13092
7007
19759
-6068
31425
-2587
-22416
771
-18337
22481
-9637
-25557
11145
21885
-18761
23497
-24069
-18431
1878
30624
6810
-7726
-10687
-8566
-7222
-21681
16209
27679
18005
26018
-9812
10243
-3705
-32485
-25499
4855
-6674
-12910
-25034
32179
22678
-19544
-14022
24145
10747
11617
21050
29394
5440
15381
-29593
3812
-15863
-25354
-21998
20333
-9396
31503
7804
14819
26094
17364
21074
-18198
-20344
-8424
-17483
-4418
-157
30608
31076
23468
-14677
-777
16308
26161
16746
6769
-88
-978
11499
-25420
-1520
-5431
10922
5122
21282
4903
-25279
-18014
2326
-25859
23057
24057
10134
26413
9083
22206
5466
-16555
-23888
-4367
-11382
1765
26547
-19833
-11476
18972
11742
29212
22178
-15603
-28819
1727
-14549
30450
7318
16203
-4001
18181
-12592
5710
-13058
-13998
30585
22790
17632
-31266
20802
-5185
-6555
-11203
18793
27941
-16184
-27257
21944
19731
17170
-20358
636
-5071
-31756
10703
24265
23039
2143
-23286
-17327
-28529
21730
14108
25296
-8626
-410
10676
30140
12974
9620
28051
-900
11015
2415
-30986
9091
-1137
-15702
-11927
-9525
11088
14777
-15134
5530
-21928
11720
-22631
5560
3491
24060
8094
-16663
-19471
-4751
27601
-8925
5631
19574
-17230
-30627
-17296
-2018
12364
19995
-9671
11731
12757
8866
9455
14823
-31110
21690
17815
-17954
-27264
8584
-30482
-19820
-28647
11863
29173
32273
-25444
8979
9885
-7231
932
-21711
15271
-31447
64
-7286
24173
30001
5183
6065
-20160
18285
3147
-3522
-31299
9541
23300
-12120
-2074
26619
-25778
19429
21581
25812
2492
-12321
-16968
-21399
16689
-5253
-8026
17682
17218
7121
-5430
10645
-17349
24967
-11381
-26485
-15540
6253
24337
395
-18604
14607
15083
-19890
-3439
-16443
-5191
15181
-13923
32131
-18507
10687
32529
-29118
3971
-20208
19878
15751
-24672
-11726
-23925
8125
25013
7370
31091
1025
27960
23639
-18105
-8508
8711
15727
7942
-10262
1824
-22542
31546
384
15847
-28124
-7467
-17573
-13288
11670
-20494
18691
-21168
-12212
-17124
-2707
17177
21160
-28843
-19783
6280
13607
-23544
26904
29070
-27485
-6234
-5783
-7192
10785
27032
29606
-15463
6204
-22643
8798
-31773
9371
14479
-29835
9296
-4615
-7189
3737
1499
-2354
18994
-4635
30684
-2862
-17814
-22598
-26166
29684
-25334
-15476
-28688
28555
30369
5716
-12078
-26512
1521
-31281
30341
-15559
-11048
-11161
-877
11509
-29489
1988
-19919
10337
-20888
10156
-1917
-18522
-19215
24207
3754
21934
-12268
-18544
28780
24371
26773
-31553
-24642
-18020
-22538
30519
349
1053
-27651
11250
-8059
31968
15451
-18009
-2246
21419
-8092
13524
-8174
-2455
-28853
-719
27843
3588
2809
-24380
-22203
-19731
-13070
28527
20013
10568
19742
-25210
19565
-32203
-29993
-25451
-19445
4915
-22165
305
-27302
-31227
-21644
-8515
27309
-16044
24797
-19676
-28696
-32467
-9847
-12155
29533
28544
17393
-9569
17362
29640
5638
23063
6707
17219
-4625
30437
15135
8334
-12437
24923
10650
-8138
-26552
-27021
-32028
-13763
21058
811
15267
-21180
28904
421
-26475
11317
-31509
11984
20799
30367
22956
1427
-12301
-23676
5770
14557
-17599
17122
-1838
22581
16120
-10787
10226
-21584
-17658
-19369
26252
-14747
32656
6018
15478
7781
4229
24288
-11632
-5473
-6443
3736
-22012
-12328
20693
-31139
2529
-4533
11101
13215
681
4327
3999
-31566
-7715
27395
7675
13590
11490
1583
-1751
-30080
20667
17400
-28955
-7098
27467
-25549
-28852
31765
7278
30082
3346
-6791
-20681
-23502
22441
-29994
4723
-24251
15491
-20094
-26907
-12154
-13638
-10773
-24530
-10715
-6763
-14323
-21127
8605
-21658
21773
-12169
-121
27746
10097
28234
8815
-3767
-15535
-18911
-25664
-3952
8284
2945
16885
-31688
-656
-25870
1366
15585
-28264
23433
1140
-19005
-4230
16790
-28704
-27715
-3468
16895
-12913
3776
-26789
31281
23874
9059
31228
9407
-10417
-5184
30018
21471
418
-17998
44
-15336
-10298
-11241
-22771
3546
24164
-26448
3283
-25046
9807
-32040
-16012
-12706
-4334
-5879
-31972
25382
-7287
-21930
10531
-25329
8933
-13328
-28053
-20149
22646
31069
-17420
12231
23085
-15272
3163
-17824
19537
-29293
-13020
24671
2284
6411
-26347
19268
-24141
24903
24937
-18230
23943
-30152
15162
5438
-14576
19609
-21447
-4362
-12962
2474
-18301
23403
6909
29006
30283
5335
-24355
-27327
6696
10216
10107
4758
28043
-9179
23891
25074
-10002
-13741
18907
26204
22930
26410
9204
15822
30598
8474
-22219
26065
27578
-11706
20335
-3314
31265
-6534
28500
-6465
-31312
16835
-3793
-16083
8704
29431
-4002
9793
24464
-5995
32615
-8999
-17536
-30128
-18979
-31397
-32759
-32535
31933
26942
11831
-6018
-7298
6723
-30059
-28833
6680
-15698
-9902
-31278
-6001
29518
-8992
-20381
13097
10245
-11475
-14909
23229
-15842
2695
4042
-13007
10133
-13663
2948
-4516
13967
-7011
-9393
2471
-31111
-29182
-29977
996
11000
-6272
12169
-27278
-12192
-2717
9808
-25466
-9474
25324
25029
-6817
32741
28009
18111
7330
-15059
-19739
16702
5276
-7887
17978
9690
24272
23332
-13184
14336
23624
-2429
11478
-20446
12190
12874
-22313
23237
22960
20063
-27369
-5547
18465
18803
-19083
-22442
-29656
5282
10503
27776
3967
-18668
-16475
-32525
-17925
22964
-6150
5079
-2332
22338
23437
5001
-28604
-16705
16634
-25967
9374
-26945
32600
-6652
25794
-25910
-21816
-9541
3562
-7983
10628
15645
-9664
-32342
20885
32036
21169
3785
-15228
1296
-31053
29405
-1714
-27388
-21017
-31618
3362
28356
-27609
27449
-10404
27989
6004
-14871
12926
-26525
-14263
13554
-3949
-21748
25602
-9195
-4899
-1284
-29314
-7589
-1483
23294
20698
-30177
-6699
-26835
-12690
-3171
-19898
24213
-13172
-19035
9390
7091
-9824
619
750
6432
4089
-31153
-1659
-30195
8467
-18599
29853
21161
-14086
-14442
26718
29599
4655
-11579
-4366
-29595
7279
-8449
-190
-1604
16299
-11718
2757
19109
-19530
-10294
-12861
-11695
-28602
-10375
23732
-15083
-27908
23491
18412
14546
21617
5465
-13555
-5351
-2216
-10355
24905
-20904
16651
12416
-13521
3860
24224
24499
1107
24881
-30352
-23937
-25594
-13958
27816
2519
-20130
7643
21538
16476
16531
-6325
-26849
-4463
29195
28775
-3618
-23247
2847
1666
335
4219
-660
10171
-27207
-22258
1790
-9781
-18634
-7984
-19923
-12137
-16115
-3755
-7019
2136
27860
-28415
-30552
28209
14881
-11921
21522
-43
8373
32519
-8565
-26109
1806
-970
28481
-1636
-10956
4235
-8089
19873
-6966
-30651
10629
1016
-17333
26898
27504
-13362
1622
24585
3499
8732
-26188
8799
-29928
20742
-17004
20120
17599
-6725
-8112
31353
29229
-21425
-949
24974
26127
1575
24381
-9124
12204
13321
2221
-4943
12217
-18063
-5221
-24594
-546
-27154
2689
-19415
-24879
-31109
-22401
13905
27360
-27145
13865
-13565
-28219
-23550
17288
-299
-18516
-8459
-30314
26073
15630
-11058
-7047
2541
15085
31528
7864
14955
-3832
-5751
-20837
12116
304
19151
-21950
-14246
-20677
11090
10939
12836
-25487
-26003
19350
23765
2988
-23596
-899
27537
-19129
-4991
-15933
9581
12635
-16341
-8388
1590
8470
-13411
7010
-11891
-25489
-12224
6389
9278
27192
-11276
-21906
-32073
-14655
-6185
18481
328
-14082
-30270
-13612
-20595
1660
2613
-20676
6663
29137
-6204
-29084
-25285
-25796
13128
21308
23410
30529
7053
26768
18261
-2005
11527
-15974
-29372
-24053
28148
-14711
3500
19801
8015
-7515
-28605
24953
7156
27840
20100
-30305
28996
-30980
-10050
8960
23814
-11485
-26244
-28113
-21419
21085
-18730
6594
7773
-25970
2153
23748
-31623
-14571
-13984
-19753
-11547
-24384
-17139
25642
-3852
29961
6087
4193
-15828
31621
-18759
22607
19694
17172
21474
3287
3421
26045
-27339
3009
-25636
20905
22136
4665
25510
25380
-8014
-17377
-4517
24397
26227
-25973
9533
10807
20992
27547
1574
21095
5554
-24813
-5310
17448
-20775
-15111
5255
2057
-16995
8458
-9894
-4445
-2126
-16922
21606
7353
-30004
15328
-10675
7802
4361
16701
-27921
-12229
-5858
29797
2121
8786
2713
28455
-13133
-24943
26691
26379
10969
-16914
5859
1358
18135
-27512
32440
25295
31186
-13613
9715
15579
-7896
-23466
-32230
26687
21019
1455
-21571
-6476
11119
-21182
-21923
-31317
-2255
31133
-21043
26840
30424
25916
-15044
-21836
-19260
7576
26471
23952
-19038
31618
8495
30994
18359
-27222
-31732
12404
-3780
-22613
-5603
-20298
-28488
-6692
-8686
5887
-14556
-6324
-27518
-6880
-29241
28967
-22264
-22248
-8991
-11466
-10689
-13463
16914
16206
-1567
-371
27068
-426
15806
21892
29547
8345
-13359
8593
-20836
-16123
-23106
-20717
-1078
29575
29113
8477
21728
10898
1235
6257
-1921
8761
25490
-12281
-20125
6685
-2972
-7048
3485
10723
-12986
10292
-11082
10162
-24921
-10968
-29782
-7436
32402
-3540
21925
8968
4933
30650
-25902
-12966
-3096
-8038
24203
-26597
28149
-534
-506
9702
-24075
24431
1338
4462
28748
31735
-27152
-7015
29595
25798
-15345
7209
-21159
-31240
-27020
30679
16516
27574
11974
14267
4837
-20048
21514
8879
13043
4600
7016
14682
63
-28532
9005
27336
-3803
11373
-30524
-773
29727
-14831
-18944
18622
13604
-5865
-27365
-17070
19674
27532
5298
-16247
-7382
2482
11973
9439
-31858
26795
16997
-21445
-11566
-8149
-20974
-24885
28395
-2164
-14912
-18087
-2259
-3071
24968
21665
-20660
14257
4053
-21888
15113
24986
-2022
-6603
-30280
-18992
19799
24144
6391
-9810
-14491
31853
-20574
20560
-20642
-1549
27797
-11863
-175
3471
-3089
-9938
3493
-16871
-23171
9433
-29229
7498
-29308
13322
-2010
-16105
-11698
-17609
-21285
26615
14335
19131
5609
8749
27104
-27467
29157
-30281
13046
15400
-6974
-12938
5257
-4549
6906
-16694
-11264
24024
8582
-3860
-19818
-7643
-26929
499
11769
-22926
-10414
32545
-7809
12659
5526
501
-22013
32081
-30436
-16965
-19467
-31410
18296
27376
-9067
2917
-26772
-24662
-9348
-1020
-25698
-5851
-18399
-2639
16491
31080
20650
-1015
-24609
-24553
30518
5332
-30551
5584
9081
11656
-3268
28817
-14220
-10746
3204
-30244
27182
32723
-27286
4998
-12608
-32004
21855
25400
15431
5694
-30757
-958
-32494
17785
19861
-32289
19329
574
15470
32115
3869
-26388
4149
27207
29678
18699
7148
2549
-23048
23304
19338
15343
-9857
-5450
11189
23110
29918
26736
-29459
6603
12677
-15647
12397
-26773
23169
-25905
-23679
15047
23745
-12272
12711
-11045
-15248
-1760
-18004
-24740
-5762
8880
20019
-14174
-12357
-1656
-21884
-8715
11369
-6737
23870
8161
-11201
-14399
31645
3299
-32693
-3015
1273
-20842
-13564
-15854
9652
14026
9506
-5072
-10948
-16182
19610
-10779
2273
27876
-13546
7701
21948
-31068
25473
22776
-28387
23236
-31170
16922
10845
16317
-2980
-11052
-20275
21017
14447
-23582
5804
21635
-15684
-6698
-4585
-20738
22997
-25136
4715
23123
5212
-2927
-1696
8075
-32599
-5207
1044
-14509
-4047
2233
7181
32278
20967
-8710
-13266
-23404
-18704
26986
-26452
12753
30826
31978
-20847
13987
31371
-16386
-25049
-16939
11044
-12071
16680
-17613
-31906
12004
23983
5525
11746
-28703
2196
28621
15739
5926
16767
-20835
8648
7718
11548
9576
-18280
-18355
7068
-8124
-8519
-7988
25019
-16237
-5563
12957
-8288
-3299
4047
28563
-17187
32463
11432
-21847
1098
-27297
-32333
-7981
23102
-25363
-24105
10974
-4620
-9884
20364
28470
-31207
-7678
-29226
-647
7076
-27321
1178
12580
-1852
1429
9191
-11598
27932
3268
-5805
18842
25629
4256
-7892
-23943
-16427
-452
15006
18460
18992
7437
-8843
23262
-21663
22054
-25716
10728
1757
-20256
30377
-16818
-27213
4048
9882
4856
-12339
-19728
-12612
-7092
26481
13775
-11789
10088
-30861
16319
-20796
12336
1496
15996
-4174
22951
-14035
25237
-26981
5040
4563
-7935
14207
12981
-26143
18990
5980
10303
-7438
-12369
-28157
-18577
9194
-27625
15650
-6190
7251
-27803
15005
-3198
-16364
-6705
-30086
-24140
-18144
28441
17590
-27720
24154
8932
-11654
12044
25801
26924
13309
29609
-9760
5500
16138
8043
29927
-24042
5262
-26176
856
-8771
27347
4337
16902
-25244
17918
-6114
-12390
-3296
15448
17571
-28019
2271
-19758
12772
-10957
1531
16722
13762
32658
-15713
17261
28216
-14158
1333
-14279
15504
4833
-9656
20912
-24461
-16426
31951
-10041
-11990
-27918
-2180
4025
-28025
11766
389
-4682
11363
-29775
-1444
25676
-15593
5385
21077
30690
13122
24345
3891
-6769
30986
16888
10364
-8996
28609
-1057
14736
12650
-9034
-1910
-31605
3181
10844
-2902
-11453
-25429
6395
-3328
-21628
531
-22783
19812
-25648
-22297
-17785
-16664
15900
26559
-10111
23254
21446
25281
23719
-26106
21626
-17087
-3472
28936
27590
-188
29786
18468
4093
22176
-13097
-32665
-24756
-4534
15014
3667
-5448
-29999
-16509
30820
-31573
-11421
-17888
-2435
1344
20088
-11778
8072
-26799
28316
25757
-1265
19723
16585
-5229
-23393
-2565
-19234
-28083
5659
-30222
-10415
-1163
17630
-23516
4151
-27838
30190
-12535
12297
-13797
-21245
12469
9084
8918
32399
-8877
2020
-7307
4713
-8156
30490
3233
19990
13600
15865
18393
-21862
-5565
-8931
-2203
-32490
24027
15420
-31086
-12921
-25861
-22254
20353
22446
-8363
-27876
-21607
-11151
-17489
6984
-24479
-2660
-20766
18998
-14783
29020
17480
22748
-11010
28531
17842
22313
13259
297
-30434
15312
4450
-26372
-17095
-4211
3083
7645
-23496
-28556
31821
-25959
10452
20898
-27480
-25909
3243
-16525
-19139
31873
18772
16263
-28837
13096
11932
-19994
-9260
-22671
14478
13765
-30770
32256
-7814
12873
28677
20231
357
27855
25469
-2265
-9092
30184
-14722
5367
15553
-17400
16567
7743
-7668
2310
-29811
-8320
20629
-2156
-16177
29317
-25302
30533
11768
25546
-8326
4941
28728
28793
-6939
-30329
23133
4108
-6098
-26569
21994
-12211
-21473
1805
-16949
-29296
7005
-6682
-29880
17033
-23492
-13129
-5008
10
18036
-26613
-32767
16192
817
-5888
20714
-5951
-29347
-16207
23900
-93
213
-26185
22273
-17078
-1976
-3677
-29868
-29862
-16798
-15737
11474
2385
-19392
5011
12
-28447
14520
28964
-21401
15928
13063
11688
23513
-12177
-24095
-5843
-20686
12316
22192
6132
-5588
14720
23614
-7353
-7294
-366
12699
-20848
24731
-29654
-14814
3359
-8171
-32560
18438
-3729
10502
26585
-19553
-6503
13705
21843
21371
4004
-12436
19652
21671
13361
-3406
15220
4221
-32087
-11613
4435
30536
-22382
-27505
-20435
13974
15795
20099
-30036
-23226
-5216
29029
-18049
-14381
6034
-11204
25816
31662
-24011
30381
-31648
-18941
-13323
6690
22986
10985
-824
6814
-16160
23936
3023
3442
17517
25075
30861
25680
-25090
-13336
27892
28625
-1588
-5609
-9165
-29168
15324
-27140
-16524
-24789
-7721
-24382
30697
-27778
-9662
16441
15663
17989
1102
18790
-4330
11273
26629
9057
12680
-10425
-21558
-5385
-3551
6855
23510
-4607
-18341
19110
-27646
22828
17909
4432
9837
9016
-22480
-3777
-19460
-24852
-26266
28794
-14152
2673
14489
26339
31814
-17274
-29017
-6179
26446
3787
2452
-20103
9858
15612
-5556
7540
30455
-13028
8156
-8159
-21963
-21519
32202
-5601
21631
11403
-22015
-13512
-5593
25587
-26527
-5174
-12776
-29976
21902
19534
5401
4218
-11325
-10493
-16051
-3785
26964
-27776
-24677
-27097
28960
17133
-26252
14889
-11926
-1534
21859
18138
19173
-6488
9900
-24063
25985
-8236
-1182
-19740
10854
-14890
-17959
14645
25045
-5620
-10752
-32138
-12804
-1115
18560
15901
-28681
-7218
-20511
-1589
12895
-24787
-29544
30873
29270
-1377
17381
-29543
-22294
18902
-3455
8480
-15940
23954
25922
-30765
-21133
-18865
28189
25540
-1423
-19299
-4985
-8542
-1361
9037
-32669
25845
-22621
-12662
8672
3269
-22492
26973
-25278
-26162
-25919
10471
-2104
-10304
14519
31450
-3154
-32282
-16315
-26979
-917
8588
2950
24721
-5006
-1416
20375
-8407
28719
-16782
8166
-26523
8406
-17265
18164
-18376
4823
-13087
-14609
-29102
-13247
-23453
-4703
-9075
31714
2257
5890
-9056
-19670
6564
23139
-24566
-9329
-32397
26015
-791
19860
28664
-17931
21070
22353
-22755
-11152
-22595
-10508
-23533
-24786
9227
31266
-12103
-32541
9368
21156
-13937
-19799
14233
25682
26688
-25853
-11360
3756
3324
-15896
20331
-13802
27652
-11284
-29528
-14785
27923
29230
17782
23483
-12040
32578
-19592
423
-14117
-31664
1047
-13204
-8158
-23357
-19935
-6836
-26265
1444
3446
-2079
29526
-5690
-18988
-30606
13127
11962
632
-15087
15538
19259
-29396
-22178
-11300
14254
31135
-31333
-21390
18040
-14781
-11169
18569
-27733
-12885
22416
-16438
-18553
22883
-18714
-2667
3483
-1226
4209
-15547
-16082
-6478
18796
27322
-27990
6900
18759
-19585
-4870
-23432
-16673
-29995
31970
14615
28799
-6490
17809
27766
26567
-26035
26553
23238
-25949
12593
17596
-811
-30854
-15393
17309
4874
23263
23266
22847
14170
-14875
-2510
19914
10871
-23668
16866
27430
-22309
-25408
15235
2170
21745
-12205
-22484
12684
21779
17999
15041
1899
-2049
26863
26345
22448
-11814
-31730
-17719
24376
6362
-9307
-13252
1498
-20373
-3697
16365
27254
-7230
-17260
-17614
-9233
-8617
-21854
-3921
16125
32620
11067
10071
-6847
25504
-29737
10044
-24466
-27943
21228
5897
-23097
5896
12283
27617
14827
-9015
15853
-22059
-25412
-21548
21506
-4803
9060
-22683
31745
-3917
2016
-15294
13104
-27817
403
9234
24066
30522
23786
-6248
15917
22962
-15906
-17743
-3982
-6019
-24849
1294
10098
-5142
24118
353
-13938
10205
-4071
6185
-17946
-3220
25765
-6586
-19507
1453
-21634
20551
14172
5567
10185
32635
27011
14117
31914
-4097
12729
23166
-5643
-1716
4205
26572
20814
4002
-17406
18180
17636
-17943
-21624
24328
30761
18356
21047
4776
27604
5534
23380
31138
308
-2881
14232
-26595
-2623
-5468
10935
14269
-29901
22896
-5960
31108
-13527
-21573
-4423
-6672
7929
-2149
-148
6462
21239
-15519
21362
-20591
13877
19078
-16648
18695
32317
31984
7139
8943
-19261
-32376
-13427
-2836
21126
22524
-19337
16870
32543
5344
12762
-15856
29896
-18833
-5608
21735
29601
19100
12302
20694
11929
-21350
-4043
32323
-8034
-15414
26788
3542
25844
19639
30883
-11999
12808
7801
-14798
19358
3952
16837
-27320
6008
9742
-11225
15004
15295
21703
28685
18390
29196
-7509
-32308
2063
-25469
1880
6024
9920
-31200
-9962
14332
-21337
-1843
24812
-2144
12117
22915
10667
-1178
-8458
-5051
8515
11105
-32210
7940
-11025
-13292
-14251
1606
31314
17528
-18357
-13490
-17580
-14533
-10422
-17465
1190
-24985
-23570
19499
-7992
-9996
11515
25181
-3451
-6054
-13124
-9513
26256
-29468
-6855
20631
-13057
28720
-13952
19602
6994
7294
15588
-31133
30387
18537
-4977
-9283
-23980
-8524
-10403
-15317
23383
23575
-12773
-16932
-28190
-18472
-22695
-15617
-3992
32353
2806
-26761
20002
-2056
-10575
1749
-12089
-28571
15188
25283
23833
20811
16440
-1415
-27784
-17657
29617
5231
3672
23761
11087
7260
32237
-32062
-16086
9056
2162
3203
22429
-13966
-1184
38
-18528
-30592
8662
-2931
-12223
21141
24056
-10941
-18084
-18178
-29192
-5954
-14620
-30567
-27448
26265
-24290
1253
-32755
-12707
1269
-4267
13026
30350
31205
1263
14814
-21722
24411
-6999
31806
25557
-32588
-17233
-23415
-3199
18347
26310
-12801
7521
-6361
-1634
-27049
-23879
-1339
13350
-29907
-1347
-30455
-1662
-3227
15746
-20211
-9280
-22406
28292
-23141
-29529
-24203
-13186
-30348
-9119
-13616
-11978
12662
-4136
-19662
27325
10632
4997
-25997
16832
-27981
-6541
31480
17594
-5617
-3547
-29127
23117
31182
16067
-31253
-22732
-29952
366
-16631
-31372
31149
4250
-12812
20311
-29235
3429
-16331
1240
-6301
-10319
-19304
-5155
8942
-6816
-19285
28989
-3816
-26314
-30224
8961
9087
-1119
16559
3723
-10482
-28268
32468
-30534
28317
-27428
17076
-8401
-2684
-13784
-31712
-7343
-4912
23344
-25899
3400
22365
32755
12971
-30824
17452
-31632
-58
-10685
-23497
665
-20472
9565
15334
-24899
6343
-10813
13367
-17895
25805
7043
-32758
28948
-7514
29754
-13936
19951
-21034
-976
-24273
10799
3685
-24230
-16030
-3557
-23569
8767
5590
-2766
-11684
6079
16519
4058
-15027
-27801
11411
4817
-14748
-19620
-4070
-22972
27426
-13410
-5624
28922
-26741
-9202
10587
145
-30953
18230
-10641
26114
-25516
-23090
-12653
15276
1811
9943
30896
-9302
4379
19471
-3958
-29199
-15732
3244
-7209
-16063
18273
30110
2018
26857
24529
-17782
-27643
7351
8816
10863
-13782
-16206
6470
11804
29239
-3305
-3437
-13505
25456
29316
-14653
-19770
-14651
1702
-6256
-2590
-7157
15770
-4775
26890
-5920
-10221
11750
-5089
-16626
20755
-20865
25475
19777
5754
14297
-23026
18740
-11852
-22228
-30785
-26473
20763
-9378
8003
-6520
375
-25333
22030
-11958
-22596
-21403
23073
19842
645
-10102
19186
-28194
-9868
7424
6724
-8265
23140
-9460
19966
-22938
29388
29803
17757
24002
12331
31487
-2835
-25604
-5885
21727
-16004
19503
11626
16359
-26629
31808
-9018
3820
24340
8481
-2569
10348
25274
27421
-21
18101
-13262
-31663
-20759
-7471
-8005
-16008
5758
24155
-30542
25251
12652
-8384
-15265
-15945
2472
32666
-30184
-7773
-1372
-32403
23571
-1930
9482
16354
-23093
-9773
-5891
6759
-16978
16994
-2805
19615
-1160
-16565
891
-29542
-13582
26524
-31710
6659
-19491
21825
18028
12829
-10354
16663
-12961
-30601
-29207
-2812
4305
-2539
-10712
-12241
23966
-29379
-13805
-9981
1566
194
7051
-26723
-21063
21661
-25100
7975
30580
28012
22583
15078
25036
26831
16575
-9281
-8479
16633
-29874
-16395
-20295
-11988
-23880
-29233
20974
-8058
-22658
-23289
-6792
-15665
8497
-17993
-30324
-6487
-12337
-9817
-17029
10095
1691
32327
-9157
-1496
11347
-4995
26966
7329
25699
11729
17411
-14978
-4102
8597
16217
15709
-18238
30289
-26127
8389
-20181
9497
-13079
30768
-7920
30755
-23396
311
-19188
-20237
29808
-32281
-16725
-10936
-8247
-13225
20704
2106
662
4602
11380
19197
-13408
15479
-574
19337
-21347
-18523
-25165
-13969
-12564
17331
-10366
-4886
-10732
27510
-12774
29110
29072
28236
29732
15952
14495
-27249
4393
13009
6518
15322
-14187
2656
-15170
-1043
1973
-32661
-2973
24246
8261
-3701
-17447
10737
13733
14244
-12298
20846
10151
20429
-30454
-1116
5664
16668
5200
9391
19540
24683
-9389
-10095
-9308
31005
-23609
7077
-4553
-4046
20266
19658
16969
-22030
-8533
25441
-13171
-20915
29762
15126
-8162
-9668
-18328
-19603
-30372
233
22198
28683
-26207
11570
29638
-8674
-22647
-27730
21761
23945
28753
27594
-26964
28791
-8352
28161
12877
6236
-25094
16816
3423
-32594
6249
-6898
2181
9238
16757
13767
-6329
-17545
13080
-2193
-24701
22579
1690
1621
-6843
-26673
-29323
6986
9840
-9048
-16630
-4457
7876
-888
2766
16962
27340
-29013
-4074
1386
-32705
29940
18822
-22265
15233
25633
3265
-3597
20239
8425
-15648
9029
-14607
-26656
-3850
-1862
20555
12253
23113
2362
-24112
5625
-31887
-19788
-18769
24211
19439
-21293
-20452
654
6496
-3218
-21056
19985
-17214
948
3847
22473
-4559
21405
-18339
-9635
24627
-14535
10326
6646
28554
18619
1740
-7184
27656
26996
18901
8765
-8031
-23344
-9380
-29263
-16100
18162
6482
-14361
-13840
-23809
-2906
-11253
-258
871
-25116
-18751
5882
5235
-15195
5336
25823
-11576
-11710
29604
22458
-4364
30521
-32521
5126
-21885
4141
-25231
18478
-27879
-28428
-2817
-23870
10864
-6914
25883
11517
-32150
17025
-14076
6558
-13024
-27526
24099
7763
22195
14979
2448
10266
-31517
25967
-26369
-30712
1636
27723
-19195
7664
10700
-20533
10668
-28320
16726
21440
9226
-10851
-3478
8615
10283
18534
9606
-27494
9168
10724
-4347
16362
-14083
-18796
-22135
-25250
-13698
-3118
-11239
30356
31934
-27001
12246
29594
28819
10595
481
-18748
6793
-28254
-20136
-26085
-11616
23078
-18498
-3642
29692
19605
19911
5921
32547
15979
4394
27007
-24934
-20827
22758
-20644
-6545
-7064
5562
-13380
-17908
28407
-28967
-6902
15075
-9073
-27637
-15542
10552
-29093
-3246
-9572
21711
23892
-7713
-26435
23305
-12259
-32225
23930
732
31428
-32407
23149
17252
-16135
-31369
20455
25762
927
19520
-9238
6913
-21138
8895
-32136
12761
-23195
5365
32103
15163
12386
18879
-20781
-9464
6192
9392
11389
3344
-27634
-31223
25878
-5693
661
-21520
-2870
-3212
-24077
-15755
16114
-18226
24318
-20100
9948
-24638
-9599
-4296
2735
18257
-31021
-20418
-18502
18672
935
-17174
-7539
8834
1683
-6798
-8526
16921
6296
12976
1680
-27493
15558
30392
30416
32332
26442
-32650
-23576
-5765
29067
-10264
-24940
23406
-9319
18363
-10793
14358
-24504
24956
28524
6064
9269
-27728
-20670
7286
-6433
23602
14845
-30264
17865
5077
19559
8444
398
-12800
-2142
10129
-27095
-15373
-22614
-735
16844
-4505
-24944
16196
-6577
28147
4767
5994
-28462
21243
-13013
-29856
26143
15439
22309
-3428
-15563
-10362
-32677
28755
21574
32761
11040
-23791
-5800
18361
-32672
-13369
26393
2851
-21382
-8114
-5140
11673
-20030
29501
-2459
-11771
-28577
-30692
9781
5388
-10468
-28847
20006
-1419
6330
12149
-8012
30611
-23110
-28875
-1002
-14459
16030
-28523
-16128
11096
-16050
19903
-20755
13601
22826
9662
29167
26336
-32019
-18660
-14352
16060
-19581
7198
20498
15287
4742
12033
-61
-2886
-11678
-5700
-29873
24621
-5886
-15339
-11486
-9145
-6797
-30426
23424
-16266
-6137
5429
-14552
28391
-28084
31236
-18745
-22389
28594
4927
-23693
23735
2703
-22550
-20281
-6991
21353
18089
22909
12682
20003
-22848
-7497
11834
2282
16760
25128
-22684
7187
2968
-20768
-24127
16451
-8747
-18849
-19335
15713
-28519
26931
24140
8460
-30917
1419
-8243
22830
7357
24367
-894
10035
-11685
23036
-14334
14486
-4311
-25243
-23119
-11903
18025
-16948
22988
-24389
-2632
9775
-18013
30309
-15656
15544
19849
-33
-8534
-32084
-16390
-1429
1055
-16333
1265
32733
-18565
10290
-20945
-24365
-30038
27915
30064
20706
24399
-107
-13448
22800
1527
-31650
-19727
4170
-28526
-1730
-8372
9924
-5782
-1219
17198
2453
9730
-30599
6231
2749
-13443
30447
-30104
20316
17621
6304
3611
-28164
9509
30033
13105
-8812
4374
23979
31972
14427
28207
4795
-11578
-3657
14237
-26233
-16813
-24489
3682
-2905
16551
-20059
-980
-28888
-13432
-8196
13971
-5621
31750
-29621
20295
406
13913
18885
-508
16674
23841
28832
-24327
-28461
2994
7561
-26934
-10997
28140
1954
22801
-30926
-8901
-9920
-25370
-31608
6683
4194
-22624
26627
-2724
-6100
-19408
-9574
9149
-30188
20490
28781
19171
24514
30905
25599
-28983
6762
25064
-29706
21547
-22107
-29577
-13382
-3654
13135
1078
12561
6098
15591
-23021
-1375
-7463
23209
31743
-22077
-24309
3764
-21253
16541
-23382
31761
-5712
-3897
-1554
-2047
-15520
25744
8391
29234
6918
-6031
21130
-13917
-3310
9946
28101
-21348
8279
12351
-10559
-29509
-16433
-9206
-12993
20502
31312
-14069
3753
32207
10009
-10184
1188
-31048
-30571
-32367
-10348
-7266
30509
2291
-29471
18638
-23084
-3931
-9779
-2604
22520
-13026
8770
-8075
-438
-6425
-9966
-30228
-18124
3467
-17678
22096
27938
-1637
-18097
1956
-20215
11861
32265
31940
16953
-17405
26129
-7413
-5444
13595
-11747
-18737
12756
16986
27777
10612
-8397
-25767
21324
29502
-1203
7094
-28813
16405
9264
19582
496
29697
-1170
12215
-22276
-13327
5195
20579
-17340
-27855
-6722
-8945
-26837
-30777
-30812
26845
30523
-5510
892
17826
-8734
14680
22465
29981
-3413
-21469
-29510
-27104
-23828
24711
8088
-23491
-29256
-18611
-31683
7120
-18765
4210
10509
16852
5679
-15611
-432
27351
8399
10038
3012
16281
42
29841
13413
-2965
-30563
-6667
13940
-19196
-12275
-16054
-28351
-46
18319
16518
6494
-5896
25875
22475
13221
-15764
-18389
-11646
17763
-32146
14766
26447
-10916
-24519
-7900
4785
-15052
8868
24551
-2938
-28393
-8069
-2349
11723
-12165
31013
24261
-8475
20430
-28673
24975
-15866
12332
-1676
32164
-24577
20589
28990
-19022
-11185
-23355
2835
-18905
-24893
-32236
-5181
-20238
-11175
563
11289
-11390
26171
28208
3145
-26778
5043
4690
-26393
24920
-24317
842
-12293
-15664
-2966
12463
-11940
-384
28448
-13716
-14024
20895
26868
-25391
27669
5353
-5373
29662
-5149
32034
4400
7161
-17979
-6574
-396
-5162
-5748
28759
32471
-4605
22775
-20530
2526
-3726
-22539
-24462
-17150
24805
2356
19033
-9025
-17725
-5369
-3048
-21252
-31163
-16199
-21410
-14346
28565
-11323
5096
-18582
5182
14808
-27617
-27475
-28941
-3489
-3186
-7423
23374
-22733
4392
-21220
-8641
-2347
18248
-15717
14541
-32589
9464
-7397
-17659
7109
10317
-13688
31518
905
28312
-13318
25302
-1102
14789
-17830
4423
-1204
15649
-31657
-14133
-21129
16326
-28882
-4014
7074
-7082
9375
20839
14164
15648
-2594
-26381
7815
-3934
-25960
22093
27091
-20838
12525
-2854
-8392
-14277
29276
6425
-21292
-6132
31346
-17661
21946
2402
24558
8763
-4539
23233
19852
3275
-10060
8666
441
16641
-27341
-17942
27696
9972
-23313
-22402
-649
-21972
9340
26085
-21725
27750
5977
-27909
17396
31209
-7144
-2545
-1400
-29879
-22476
20310
-12728
17082
-4128
16465
19201
-5159
-25559
18868
-12560
-21241
24001
9675
-4504
-17262
21778
24165
1517
-4745
28641
-25433
-23947
-29841
-13738
12542
-21392
12748
-1713
12855
3541
9740
-11602
-23405
-19911
17721
14783
-11493
22392
-23368
16342
31098
30418
20078
-14101
1827
-7109
20254
-19735
-4166
22515
-10458
-30706
-7885
2090
-32242
18647
-3621
26197
6335
-3429
-8681
-9013
16252
4001
-19210
-10552
-27811
-14349
9568
21352
1726
24393
27099
-14518
-9311
-16202
29713
-2603
-28022
-14111
-10915
12286
23631
25704
28972
19379
-17191
-7374
-7278
12355
28742
-19118
2425
-31759
15554
7391
-19634
-204
19802
7082
-4291
5607
-6921
-16825
25595
29555
-15268
12734
14155
-28646
17832
-25839
-31265
-14972
30852
-18638
-8763
-31962
-19723
25759
20994
21942
-2218
25131
643
-3979
-6832
-1086
-11761
-11562
-2593
-12766
-30019
-21260
-19621
-20833
9553
31223
31540
18785
26800
-2211
-19476
-16036
19088
-23100
27373
17038
18554
-16792
-32008
-19100
-29009
31387
8959
-31303
3252
31971
-8306
-23069
-9292
-10293
6583
17023
-26313
16718
-31682
-4173
960
9887
-15148
27536
27822
22952
25898
-22971
3108
32299
-7213
5196
-31822
-25458
-6066
-25166
-23967
-22138
-32171
-13356
-17670
15088
4333
-12846
3896
4740
-13960
20530
-14670
-815
-7000
-31954
8148
19550
-5892
24423
-31805
-25777
-16088
-18221
-23861
-1899
19254
7406
-5366
-15031
-31886
25561
-20176
-1488
-28728
3347
13855
10221
-24626
11144
-17955
20299
-3486
-12901
31871
24490
17311
7098
18640
-14342
3690
-32194
27909
-31098
30308
6038
17998
-30437
17877
26583
-6956
28945
-8593
-26077
9957
20008
-12696
-7170
15712
27381
-5422
18837
-2400
-16729
-22072
-4265
-20109
-19256
-7872
-21652
15346
26876
-21364
10353
-20095
22543
15910
19870
-17288
-14693
-18506
-16958
6981
-10224
17787
-11088
-24361
-19959
-2359
16682
10526
-27176
-21686
-3870
18423
-17598
19132
-23519
-20394
-18279
22104
-10363
-4295
19991
25086
19034
336
-27181
31269
9297
-2649
16301
-13286
18079
-30769
15501
7360
-2133
6318
-23900
29120
-30265
-10173
12573
27526
-12291
-10757
23360
-17248
-29275
-7966
10363
-16109
22103
-12908
-25323
15784
32589
-25515
3465
-23462
-15378
30335
17564
7886
23394
5258
29471
11379
-13246
-25579
-19660
-26375
19502
-15590
-3649
4893
-14916
26101
-11676
16603
-12242
-6871
-18972
-12512
-2579
-1139
25208
9922
-6427
-4153
3817
-30547
-28004
-2481
18512
-15213
1967
8364
-11760
-1394
20068
18417
-6154
17077
-23006
27475
-17872
13621
-17704
26116
-28168
281
-31649
-8522
5798
9476
513
-32710
19165
613
22509
-32291
30287
-28363
-25151
26016
-17223
13207
18448
963
13433
31249
-5606
-10805
-4570
-31460
713
-18756
-22311
24737
-26309
-6753
12893
-14906
-16748
23202
4671
32135
20561
-5441
-17620
6597
-13710
-32283
6674
11839
-23602
23940
22514
-22788
1067
11905
-15821
-3203
25297
21746
6510
15844
-6032
29876
32390
-30548
7930
-14631
24195
-3398
20553
19237
30557
-6217
28021
13451
-6584
-21861
-1197
31395
30884
-28225
9615
-9947
14099
11877
-4319
24860
-9533
6332
-6630
12059
-18967
7409
11028
23277
27560
1488
9682
-22452
13704
26200
-2472
-7097
-305
-7394
-10419
4868
2761
-4149
-24038
-23280
-787
8048
22585
1112
23545
7183
-29104
-26524
11924
7389
-11758
25784
-1278
1172
23431
21102
10370
10004
-11046
6078
8469
8660
4875
26928
-9684
11303
-5770
32188
-26214
28692
30935
-17194
-22481
-27588
-4712
-1702
-27037
-16248
22334
31831
22216
-24197
30823
-26638
-24274
25721
-4825
-28752
-24294
5967
-10028
-23307
6184
31501
-7609
-27600
-23912
-1309
5256
-24023
17640
-30368
-8649
-31681
-3634
-6126
-5346
-12693
-31013
-32127
-15208
-28193
25772
-3750
-12344
6852
23759
-32765
-27718
1068
-28596
29740
26361
31752
29847
-6510
964
-5309
17453
9052
-24439
4670
-25110
-12021
6013
-1830
-31352
21029
5141
12697
-25691
32722
-17209
-19901
3797
13191
-2043
30844
10505
-32447
20804
27869
-4561
17479
6089
-15366
-31888
13226
-28770
-21123
29486
4008
-19928
-12190
-6780
-24263
-15260
-2918
-20627
2721
-2312
-12139
-89
3149
13297
-805
-14881
23785
-30215
29089
25687
-8729
15019
-23254
19530
-12652
-17568
-24268
26419
7889
-3033
11797
-11049
23049
-3887
-31844
-21020
-26332
-28020
-1986
9172
26370
11589
22593
-21026
31378
13108
-10544
-13684
4547
14935
-20516
-30296
22731
-2791
-21199
-29545
-17000
-4062
6158
-24960
28883
10251
-5489
-22071
-5261
30452
-26232
9631
12216
18290
11539
-8451
29829
-7448
18463
-6270
-17986
22688
13511
20568
3198
9988
22746
13789
-16362
28548
18059
-26078
-9437
25122
16115
17200
-5583
-5669
-17549
-7468
24030
-14487
15800
-26158
19142
31254
-25087
28871
29898
-30208
-20462
-19772
6322
13820
-6585
17722
-7622
31841
-19331
2259
-29904
32243
2852
15675
25745
-960
-7023
1094
26026
-5952
27517
-5074
6721
16256
-25257
13140
25582
4335
26356
-9842
-23059
32005
30917
24102
-7074
-17216
17551
25472
-15154
21476
19881
-2427
-28278
-206
2045
28635
20546
-22176
-18773
-23252
29397
1568
-6590
13452
23171
-18232
2397
28492
29922
9521
14041
-8194
-1869
-10431
-11618
29497
26500
15177
-21125
-25775
26990
16390
30318
-20834
31444
2079
21264
8099
27683
-14171
-5383
27443
18214
-28425
-424
29787
-25606
-8163
-10280
-14671
5455
-114
-20840
-9489
13729
6119
-30649
3000
-4662
-19934
-6765
25535
31336
-18218
4328
19103
23608
-5273
28264
171
-15218
22207
28088
-20588
-10412
13002
4415
-14980
-15005
-3630
-19223
-10969
28000
32485
25085
-10007
-17655
-491
-23507
3372
-16833
30750
-22798
27884
-14985
12008
23426
7283
1376
29250
-19044
17429
-7124
29320
-22607
9663
-7267
28646
-9673
-26518
-1012
-14058
12153
-12371
27343
30312
-2957
18786
-778
23158
12430
13677
29736
-6948
-3152
-7155
29554
600
-8663
-26291
-12159
-12473
20170
-7399
20524
-12396
-9766
-10657
10188
-7477
-10093
4553
-27929
-12834
-7889
14582
-21000
-30125
-26858
24493
26487
-10387
-20962
4185
22296
9597
25176
-1232
-22143
-9084
-28151
-14191
-1944
-21793
28921
-20230
-20761
-3257
12924
20083
25021
7885
29434
1197
23906
-8427
29623
12403
-14053
8280
-27043
4079
20776
3502
-5275
-5912
9123
-20527
45
-15437
32690
-7113
10653
-29629
8803
4716
-12561
-27241
-26879
5881
5544
18047
6328
-10551
-28263
-14375
-19462
26707
24866
-30044
29573
-12428
30860
-26054
-23682
15056
-902
-17896
20449
-26293
-25238
11134
19003
-5786
5128
-22568
20480
29289
27625
-25561
13836
-782
-10152
-32098
-5128
-21643
16306
-20336
-27964
15926
-3761
23723
-18880
-6998
25881
-991
9734
30476
-25431
-3615
25319
3824
-13750
13261
30368
6369
21741
-29685
17178
9880
25410
-31727
-5291
12080
5565
-10220
-16713
12661
14942
17994
7061
30034
-10402
-17319
30293
18069
4745
-14844
-20544
516
29965
-31781
485
-1598
24471
26975
29905
20249
-20844
30461
20372
7116
-2110
19880
-6381
-8161
1307
5506
22608
-22959
6262
-13497
-2306
-15525
-20214
-10610
-24306
-13387
-1990
11466
23913
18336
29830
6567
-24014
-10635
-12552
-10600
28232
-16408
19045
22861
8110
-22233
-23132
23612
-4592
-30016
19297
-2578
-12912
-14235
30570
-15795
-20220
-7569
-9289
-31878
12602
-7916
28949
8530
17944
-17578
-25817
-23664
23207
19492
1051
6982
7119
-2408
3862
-2794
-29083
-21798
-1901
17910
-7081
-30091
10804
-29203
32447
-4584
-14493
13831
-16593
-4293
-26220
-17597
5398
-28685
-23018
30658
-10887
10128
31175
-7042
16041
289
-18094
-13200
-6732
22701
1652
12912
612
3947
19024
-20390
-4522
-11831
-14673
18707
13830
-15135
-23708
-11944
12484
11390
4404
16549
-11620
-26558
-30595
12700
-605
19099
-12855
1086
2256
13159
-28729
29130
10215
5026
2055
9634
-3857
-1839
28064
-29900
1153
-2314
26737
17325
2754
-7373
-22623
27599
19715
15477
5511
32359
-23565
21267
-9343
-28087
19768
14780
-2048
-15174
24382
-24073
-7017
-9822
-7360
-30870
32059
-21379
2459
-3624
32553
8438
25811
16580
19267
-24983
5585
18875
-17983
-23315
12455
1709
11185
7833
-4361
-31228
8721
8032
9427
26958
19769
-22815
28906
10163
18925
-9031
19378
2394
-3928
-4582
-18312
-31304
-20573
-26497
18922
-26454
28285
-22634
-1126
30818
-6645
19497
-152
-32443
31311
-6714
23392
29772
-22529
22605
-21073
8867
-10314
-20201
1225
-8914
-9248
12096
-9826
-24060
-28073
-8703
-27126
31369
-29720
-28536
6658
-26280
-23829
-15516
-11294
-32279
-21024
-26467
-20440
29253
-31057
48
-4531
-29881
-22875
21579
-16945
-15132
-16479
-23645
-6588
10140
4861
-31810
-11786
-18315
32535
25970
-6428
-4294
-7813
6528
-18987
-21844
1156
22806
-29951
5536
-28894
12051
16751
-18985
-4268
-32655
-7319
13759
-5014
17265
-24641
14095
-19569
12906
-23193
11947
18778
15500
-30033
5320
3380
3279
-19485
-17343
-11813
-7056
-21301
-21134
-1049
-20749
26430
14314
-21697
10721
-32390
-16303
-11451
24083
-3912
11531
-28284
-13856
-26499
30207
-20651
-5525
-14183
-24156
8395
30102
18200
-4771
8393
-1280
18282
29119
-16557
1332
23995
-27890
-9416
-11766
30954
11041
29739
-28652
4951
-14125
32763
26432
17897
5042
-28079
18110
-15731
-30963
-11544
15565
-21528
-24497
13847
9854
1045
-14438
-32231
-11260
2024
-27277
18668
23988
-25717
6953
-9514
730
11140
829
-29899
-20033
-22098
2205
-32698
14580
19089
-21715
-10085
30781
4729
25495
11048
-27995
-7182
-17255
32328
1860
-9320
-25222
-23362
28329
26814
12090
-31699
19897
29723
-25007
-14733
-18404
27982
31185
31064
-11012
-9395
1707
-28525
30474
4880
8018
-32446
14255
4128
4139
17839
21447
26100
-4093
18688
9907
8145
20202
8339
-28600
31044
-5480
-5963
16945
8735
-26210
13731
-28450
11094
-7684
20101
-32476
-8383
-28624
-17034
-21588
9869
-23677
-14514
21188
6092
13083
-19355
-2374
2862
31467
-4213
12708
29432
-11091
6856
-25782
-24502
-4667
-10436
-23317
8153
19087
-19897
27552
-17088
11421
6651
-18557
-21316
-17033
-13579
22994
-25874
16700
-1404
-17713
10279
-31126
3131
-1022
-23043
-22046
-20732
27778
7212
25982
23210
-29953
-7201
25404
15132
30271
9462
-18524
4578
17104
27757
-16052
-29916
-30172
31916
23293
-11565
-14690
8753
-30931
-7555
6513
-2256
-8094
-14759
-30596
-14499
679
10394
-22720
11799
-2760
27403
-7251
10015
23053
23789
-2000
-23439
-10649
1859
-24383
31498
141
-19767
19225
-32671
-23817
21677
-22604
-11004
-9846
-32714
-11979
30122
12953
-13176
17356
12178
-15173
-18505
25222
23850
-29667
10114
-17593
3508
1446
-5497
-15169
16944
-12041
11637
27804
3572
-7978
-8319
25384
-10079
24649
29672
16298
11857
21068
-685
-13630
15503
-10974
-17356
13796
13550
-24007
24743
-6200
-17061
25037
-7334
17595
23551
22716
-3539
6164
11936
28478
22692
21734
11979
7745
-22423
5059
26435
23808
23860
-13008
14695
12010
-29914
3457
26883
-20395
-31694
-18380
-14566
13835
-29131
-2311
-5829
-6742
-25070
-16183
-14011
-28448
5655
-32737
17543
-2977
9097
9962
-19470
-30416
2715
16102
-13717
-29333
26218
32389
-14543
-25144
-3537
-14003
-31652
-13740
24220
27522
21455
14863
28174
17656
-29278
-19466
10604
-11110
-6021
2531
6989
17759
-23729
31059
10270
2544
-11220
-15918
-4118
18548
-15652
18480
23825
25030
12221
3730
1409
28624
-11215
-29989
-31199
-2695
-31482
-13486
-7018
25370
16552
-7811
32236
-12984
28979
-11691
6630
-2136
9816
-11462
25332
28121
30162
-16257
30856
-25667
-1046
-21114
-24977
28696
-24470
-21105
30568
-22031
-19461
-10487
-1974
13533
14308
-31124
6957
-27592
-5559
-11247
16324
-10621
17031
-1623
-30519
-20107
-31841
13698
24550
26837
28522
2404
-11128
-14580
3170
-31476
29676
-5538
11953
19349
-3679
-2308
22276
22920
-20769
10960
16897
10135
-15944
16083
2767
11055
32687
-3772
8604
-30435
23711
-21016
29929
-29819
-25971
23033
-1257
29587
3957
13808
-28842
-321
6091
-29202
-20971
27423
11706
-14276
20896
12980
30728
17646
-1535
20717
-28669
24834
-6297
22501
-30985
12009
-10476
-16786
30465
9399
-9431
-28544
32433
15688
1550
2725
12002
-25644
27568
7065
-28270
-26951
-11144
-28136
24245
25398
-28711
780
-12113
-18024
-22371
25725
-31521
-30733
-1154
29249
-29021
9283
24917
30200
8074
20640
19822
12244
18852
-21066
-18350
-29865
-30442
-3092
-14139
-18961
-5714
-8622
-5634
14446
-17932
19272
-29495
19619
-29530
-15683
10280
2989
-9392
-1088
-8374
12509
723
-31976
-11823
21836
-9819
995
-28841
-32473
-20490
-10517
-20687
5205
-29037
-5121
-9881
24762
21911
27899
-213
11213
31172
-28987
25831
14085
-17450
6553
31604
8510
895
11155
-16104
-2360
-9602
-9163
14832
-16406
-32115
-12422
-22016
3039
6806
15407
-11956
2002
14293
16841
-1177
-21922
19667
14060
-1687
-9076
-19457
-21761
-30017
26885
-9476
27825
12200
-3977
-14804
30887
2230
-4312
-3570
-22737
8213
5816
-10816
3248
-15137
2091
1219
7914
19977
-16531
4574
7136
-11221
22810
30648
11383
-5754
-25255
-32621
12725
-10212
6653
15219
105
-27584
-4811
11092
-24345
14318
-21023
-11986
3697
-15203
12196
-5108
21738
-10696
-1366
12261
-18143
-415
-5779
-30060
24524
-15491
-8604
13243
-11688
14587
-18746
-29938
-25745
-27912
23676
29076
31271
-9524
21257
-31757
-666
18041
-1564
-30318
7549
27253
27416
-1114
17472
21716
22519
-17470
-26269
-7971
-1325
32749
-29898
22003
-15901
-22407
21529
-30801
27279
-30415
-32007
29528
24526
-22281
76
-2492
-26337
-16943
-21248
-12907
5064
-28431
-21511
5245
-30468
-12216
-27604
-2112
-27992
-3879
-7129
14914
-10702
-20127
6321
26367
-7486
28540
-6808
3412
-28436
-6539
1256
25146
15911
-5674
23795
3745
-15342
27516
-27377
-13694
31464
6730
-30366
-12184
22400
8999
2728
-9507
17058
-27972
-21488
-12085
16952
32745
24349
-31809
23990
-6180
14911
25554
18959
15221
-1994
-5370
28632
-24606
278
11468
-13771
-2982
-2269
23778
23365
343
-19904
8663
25287
-192
-31938
2510
-3193
-5171
-971
2794
24738
25638
27092
-18993
-23896
-5379
12344
16696
16387
30199
-13128
1387
-7595
20855
26789
16374
28512
21695
10596
25168
-14194
12701
23880
25552
-17679
-27544
-21677
-17282
-28509
-6077
22233
-3315
21325
7108
2662
-16500
-19628
-21216
6839
30412
21857
-5972
-17153
-23504
20761
-840
7972
-26683
-8048
-11280
25065
21807
-1063
30527
-32752
-28245
-4558
-18119
4061
31941
-31152
142
10192
32367
-28233
-19429
10571
-11463
29322
30850
-19950
19561
-3723
2003
6478
24330
-30322
32746
-7625
13397
1711
10046
26493
-3331
13202
5851
20209
19251
24849
-30297
19136
-17074
-26041
5364
-25208
30869
14413
-12420
23472
-67
-24703
-5394
-22354
13826
-1675
-22324
729
12582
7127
-12881
-9642
18862
-6970
-32372
7069
-14223
3374
-5966
30431
16220
976
25888
-1539
-14934
-17940
-28594
-11757
12247
-20981
20882
22394
32181
1293
24280
21139
23796
-19942
28409
-16889
-16790
7177
-24597
22831
9731
9765
13807
-2060
-20328
-4226
16893
14310
-4834
-9892
8407
-23709
28376
6607
-2803
-7114
-22358
-20324
27052
19118
29866
-28644
-29743
-29158
-10686
28800
25429
-821
-17639
15824
-3382
-15741
-11887
-12740
18152
-18001
8106
-20524
-16696
1561
27350
-364
26806
15099
11757
-22432
-26695
26288
-7214
-10475
31551
-13789
1246
10152
-16081
9824
23558
-26164
25506
-22838
21537
-10082
32603
-27607
-21429
15480
-11109
-23334
-27117
2176
-13924
-7293
-25000
-28944
-10323
21428
13640
-31320
3102
11931
7247
-3518
6737
9479
-23499
-18033
-2727
29788
3689
-13700
8128
25904
14939
-21420
24830
-19192
26581
19394
14600
-5778
-18319
-21829
9288
-30908
7893
-5274
-572
-18617
28506
-20596
-24822
-16758
-17862
9095
14895
26704
-16430
15842
29586
20073
-22279
4536
22673
-9839
15804
17190
7902
-1677
-26652
-30252
-19016
-31359
-15622
32162
-29823
6890
21270
17127
-8714
19015
2932
3970
-5613
388
-20121
6086
1481
11071
-4942
-17018
9011
25579
-15020
-25219
2377
22658
-23151
17549
-32000
-10107
28037
21975
21222
28756
26911
21500
16312
10148
-10321
-24353
-29567
32441
28630
13016
24391
4100
22189
3859
15266
-6556
-21655
-18361
-24732
5595
-9445
8070
-15554
-8962
6174
-8805
14820
-28956
14350
13577
-18602
16087
-10205
31324
-18135
-9669
31791
18136
-29616
17074
-763
6290
32414
-21343
24442
-12615
29585
-1422
1147
-6330
30855
-19826
31394
-29222
31206
27006
-5172
17845
30712
-15198
-23584
19213
21134
-7474
-15735
-10460
26752
-5094
-1904
29136
-10383
-2372
3524
9643
29032
-14744
-8592
7749
9738
10523
-25498
-22461
-2449
-13693
13270
15586
-22027
12955
22385
290
2149
-7879
19949
13805
-11153
7542
8044
13692
1154
31810
-28522
-3432
10961
1181
-4681
-18256
6853
-580
-4357
23773
32683
6011
-2407
-4011
-25947
-25794
21935
-21310
-11489
-15708
-26445
-20965
14514
-13669
-21427
-25872
-3894
21517
1454
-1587
-9710
7993
25123
-1619
-14919
20604
-23876
-20970
18258
-2241
11911
28715
-18912
8206
31097
23548
9098
-32003
17135
26282
-23536
12085
-19734
19585
-26738
21109
-13561
18411
-27062
2039
6042
-17160
-30217
31023
-825
-12026
22403
7565
-8002
-16765
-12264
-13051
-15147
5553
-21789
12016
-15103
-22712
21393
-26599
-5081
15321
-10519
-22512
32507
-15220
-30230
-27550
25583
-2839
24774
-4126
-14386
-13573
20250
10282
28410
9272
10070
-5958
3619
14082
30601
-29437
-6876
-24905
-975
-22854
9188
6183
-30492
-2880
-15094
1798
32144
28546
-14210
-24150
6560
-2168
-412
26703
25899
-2663
26462
28007
22576
-7747
-21084
25778
27505
-5091
-10791
14068
29827
31451
10096
9538
11154
8641
6705
-6565
-17646
-20741
28876
-5650
18324
7173
-10860
598
-4779
-23599
-29932
-19488
23138
-2068
11879
-28138
-16842
2937
4208
-32267
-10545
-20571
-6838
-14474
3589
-28232
25197
27721
22163
28030
25445
-11370
-24824
17959
16261
-1651
-28226
12839
19545
14504
-27470
6539
-23035
28992
-6807
22039
-14859
-18141
5381
-2541
-12283
-19487
-3266
1302
-35
-20743
-12850
5045
-30939
18335
16574
19831
-20439
12498
3888
27302
10755
15968
-13651
22843
-14682
32604
26235
2146
5752
-2622
-28133
-9797
-12764
-11395
-9715
-2387
-1643
-12589
29354
23531
-14142
-19509
10494
-6537
6208
-22880
10325
-24256
-30504
26048
19662
8707
-15572
9764
-29311
-25291
10198
-21612
-1745
15994
-8752
23449
-25421
-12395
-31982
19527
-26988
-19912
-27685
5651
-31224
4385
18678
-13375
21884
-16619
-13010
-12595
7772
-1878
23339
-27073
20011
18652
28710
-4576
14134
1001
-13440
-23372
-14879
18218
-7519
-23877
-19
5322
-27409
4806
-22874
19500
31352
-23546
-10618
6726
27387
-28977
-1145
30925
8606
27138
-5039
-31329
-26588
9396
-5235
-24538
-1620
14290
-8869
-32021
4294
32297
-24711
-32627
-24729
25933
-14659
-17496
8022
-19475
-13155
-16301
24875
-28952
-21335
29279
20330
28985
3571
28894
-25351
-22041
-19182
-31135
-12061
-13471
-30564
-7066
-15209
-23413
-27853
-4490
19748
-20663
2511
-29209
12568
-1919
31049
2037
-16657
32006
25350
-23257
27204
-17026
9893
23001
-15402
-31931
-25390
12764
-7226
25185
-23991
-12307
4306
-20403
19086
30325
-32337
20255
6795
-16353
-10057
25821
3551
25739
30615
-31395
1825
12667
31880
-17808
-26466
15699
20358
25250
22774
-848
17972
13437
14059
26459
-2823
-15868
12915
12218
-30081
3731
13879
19929
-8490
-32109
1955
-32435
5969
-16144
-7400
-25342
25528
11359
14812
-16470
1205
31127
-9103
-20161
6476
30867
17921
18171
-12605
-30513
-17417
-3492
-4731
-3124
-25480
22689
27418
27234
-32252
9068
-1281
3683
28568
-10652
15568
32680
-2032
9000
-32448
26431
-32155
-12742
17603
13824
-30357
23666
8265
-19346
8620
29669
-12664
-522
20065
23806
-1317
-17528
29877
-17422
-11641
-22652
-17456
32664
387
1160
12256
-9716
6363
-9365
9478
-17276
-29882
-31776
-17744
12224
1049
-8178
15299
-6424
12374
17214
-31085
28125
7537
-26316
-3593
-2832
24465
23029
15966
21192
-601
-4412
-6861
27226
-29149
11791
28024
24478
-8839
26976
-27975
5542
5085
8160
30041
26796
-24211
25438
-17745
-5707
12442
-10361
13233
-15492
-24387
-6736
-31576
6978
-1697
-24235
7944
5879
-22668
14119
-30284
-5249
20613
-15601
2305
24971
-11016
-29777
-32678
-25584
24760
9503
-17339
24612
-28650
14752
14342
-4603
8129
-7524
30673
-23685
25610
-8062
-8446
17601
27539
22027
3726
101
-3170
-12279
-14756
-23487
1480
-8169
29166
32342
-23174
-23979
-2741
21053
-22619
-3303
-31697
-14463
-30991
-2260
13186
5855
-30465
20820
3330
23415
12814
20017
32626
3939
-7480
-13178
-20565
-7492
-14628
20482
22035
-10174
7837
-27614
-19064
28666
6415
-11570
20748
-18246
-13910
11758
1739
10193
-22748
-14604
-23716
-30389
21790
27062
-12694
-5083
23389
19241
-24434
-15910
4844
-13635
20337
6912
27392
12126
-7764
-16011
-32554
13659
-21274
2366
-22310
23664
-9620
-12911
-11769
-18610
-29591
-26520
1512
16287
26491
9942
22271
-19093
11934
10603
26968
16351
24124
6305
21648
12835
29780
-18581
-20552
-8916
-30047
-15747
11357
-28720
8541
27823
-13116
3211
32325
-7104
5916
30766
-4035
-12806
-22799
6365
-22616
-7936
1397
1800
9447
4014
-29269
4576
17684
-18904
7644
4215
-31418
9420
-4918
25523
-23855
13602
23663
30815
