10000
-22338
-11966
-4055
-5629
-12332
7674
-23032
-1081
-13826
-12259
7640
-18714
3524
23177
29436
12607
10777
-28349
-16842
333
21962
-30358
-5647
23662
20037
9199
378
15053
-28187
20198
-3615
-28699
26498
1119
16629
16909
-3796
-9343
-11352
3804
13582
4401
4743
964
-4689
27813
-6183
-25477
-16485
-26571
-1727
-23781
17713
8412
-7993
-28972
-11589
4562
31847
-27302
-13904
3819
1404
-25381
2474
21802
28815
23164
-1739
10454
-21788
-23813
7634
-1017
20099
14876
-14847
-21731
11910
19106
-15417
19620
-16335
18299
1417
-15765
-6248
-12304
-4509
-2511
31809
16590
8518
8626
-20398
31141
29946
4704
-6630
13449
5971
9280
-6021
19445
14222
2428
-23818
-20835
-5133
-7299
2394
21461
-29910
11911
2108
-13903
-13841
26112
-25819
5723
25230
11559
11335
-17028
-24124
-12412
24563
-16603
-8371
27968
30777
-25973
-32683
20476
-30418
30954
-2435
-25337
2398
-28376
28604
-3269
-15330
11358
-379
-24244
15173
24226
-13834
29533
10194
-24907
-18263
-23833
-30649
13576
23667
-9351
-27022
-1543
-17428
22283
-1736
-17022
16148
9546
-13891
-16678
-23280
4527
-24254
30651
-23626
12010
6494
16766
-14696
28268
-29738
-13746
9394
-32492
-17549
-3618
10040
15077
-2519
7578
19241
-10005
-24508
-22122
-22109
255
211
24806
-5325
23914
22808
16872
13077
-22241
10347
-4428
10489
19505
13583
16499
13277
12014
3627
-28865
24907
25069
-24140
23072
-10609
10187
-19937
-16762
6560
8549
-30142
-32578
3791
23646
-24987
-5612
-22
-29085
8850
22641
22835
13260
29091
-8396
25864
28122
-25139
-5759
-18458
-12665
9353
1295
2836
13729
-22608
-17027
-13635
17676
-28440
9705
-30487
15543
-7893
-3538
25768
6759
25694
-30417
-16431
6946
-5615
-8703
21641
27058
1448
19322
-24503
23845
-13324
28897
3424
-18256
-4739
-10202
-333
-21319
21976
1165
-29164
29670
-22715
4134
21199
-25164
-3648
20311
-3882
-11355
-1118
22739
-21592
21305
30322
-31700
-27735
-31186
28601
-10311
9043
32217
-15578
-23278
-432
29529
-20068
-25399
-21535
-14884
-7549
-18095
21915
-13835
-1394
23559
15203
14143
20754
-1428
-17272
-31963
-20788
-31698
21282
18264
-815
-10205
9580
31511
-18273
-3574
2467
-21211
10153
-18437
12763
-8779
11756
-4113
4458
10357
19091
-23241
19307
-29254
-19211
510
12604
-19731
24644
-32551
-20736
18707
13619
13788
-5150
-19427
5457
-20059
28096
13056
8985
8198
6485
-1616
7822
-11235
26896
15002
15282
10011
-9319
-1033
-2320
5500
30356
-14510
-26163
29687
-27927
17147
2604
29474
-1586
-9288
-6673
-16822
20332
1873
20344
26386
-5135
25270
12032
11703
7082
11130
20169
-7626
-30863
6021
11511
1941
-26198
-28706
5682
-7686
14424
29826
7209
8495
-22581
-19511
7179
6340
-21582
-2489
-21772
7841
-32332
-15588
-3814
14657
-6552
5496
-20565
17991
-6624
-5528
9626
-29945
29081
21580
-30457
-20672
28791
-20480
28475
-23466
-12790
20738
29229
-14568
-7125
-23559
8991
26448
27797
13479
-31590
-3035
23038
28636
28890
-19496
16283
5767
11353
14584
-23865
-22507
20546
18608
-19504
-20218
-25051
-7178
-18145
-20843
-30117
-17582
-14703
-11648
-10848
-8503
-9644
27818
5635
-16454
8272
25182
-2214
23491
-25463
-21141
26376
-1880
-28961
10314
5385
28404
17842
15360
28720
-9546
6767
10810
-23078
-592
-14343
-14848
4545
22791
21345
-9434
-4507
-7268
1515
7199
-161
2038
7989
-21569
15578
6903
-20821
-4383
-12816
28808
-26986
-10682
-6226
29228
5652
696
-17010
6731
15863
6369
31880
18097
-26172
-7076
-31342
6924
10512
6035
-22081
-29553
-15394
-12515
7910
26328
-1833
-28141
30339
-22939
-19036
-16642
-8187
21752
1612
-25234
-12444
19390
-22408
-3621
26372
32627
15693
9202
22047
21342
13865
-8181
-10942
-13261
12749
-6250
7699
-7312
19343
19542
30774
-12156
-5353
16894
-8868
-23273
-28664
-30062
19131
4149
31230
5876
5183
2623
-1504
-22946
23512
-9197
9897
-20943
2450
16038
18949
25494
29531
-14552
-25287
-16725
-20360
-29812
9059
-31280
14161
-28013
18549
-6284
14672
-24637
29496
-20628
31750
-96
-5136
-16056
28759
-16086
25857
-5129
8357
-29749
8030
-17480
9557
-15993
26257
8229
-15730
22977
31299
31506
20750
-12192
22964
24424
22076
-18385
13164
8417
-30614
-8881
5045
32542
-19129
-9154
8990
-22563
5827
-3113
-29946
-27350
-10971
-1329
26079
-10627
17578
-15046
2599
-7259
1754
1531
-11378
-21488
32670
-10117
23586
27579
16170
4669
-3038
7318
-32310
-17826
16400
24386
21632
14420
-19815
7907
-32583
-21146
10069
31615
14288
30942
-16018
7298
6629
-9771
-28567
-4925
6737
-5814
292
-19810
-3429
594
-12987
-6026
-15734
-26362
23330
-12208
-4444
25419
5861
26547
-17141
-8455
-1746
22487
-9632
20372
-7803
-8516
31939
11898
695
-16518
25158
10217
-30753
28684
-15637
-31537
-24984
-6825
-18338
-30535
20158
-24086
9824
-17735
6777
-7533
-3657
-17133
-6516
-9135
-31577
-27930
-22687
-22080
30480
23125
-27563
-30566
-28404
17735
-30926
6925
10046
17670
-24070
29800
25260
-30478
12036
-15253
-32165
24939
-31389
3880
-27748
802
-26895
4667
-27590
-2302
24184
8939
27597
3086
-11613
8407
2591
-24613
22820
17316
-7301
-29273
26778
379
-19308
-14213
-18541
-15463
10951
-15795
13950
19627
-23554
26721
-19727
-23442
3677
-21973
-31348
9496
26306
-9037
-7915
11361
10848
-12398
4147
-13873
3370
25022
28690
-21362
-4181
29482
-4815
31666
-28894
23169
-30136
-14243
-9730
-14838
-17822
-23449
-28612
25250
30036
-21007
-30058
-26368
25651
30243
29696
15727
-5273
32277
-31956
-29363
-29286
-30155
-17400
27765
-10622
-18768
32452
15294
-3145
24401
21073
-32640
-2614
-17311
-20991
-22286
13875
25008
3568
-25758
-23863
20253
-12682
-24526
-11449
9765
12793
14364
26934
-28713
-3242
-18285
-13487
8238
-5585
-5255
-25896
7518
-22245
9623
27434
-23943
-32031
-25260
-18498
-3995
22526
-2105
-5504
-22062
-26566
10647
6648
-4603
31740
-17281
-28997
15456
-25067
24214
16897
-20957
-8995
-16859
1102
-19609
-21492
-13622
11997
-29176
21492
-27825
-7574
21126
-28484
29980
-2775
8512
-185
-12482
28757
-28294
11468
216
6634
-19968
-21848
3862
19
1304
15388
-1082
-12914
18813
-13629
-20099
21068
-4002
-27073
-30775
-7435
26941
10773
-3614
-1725
-29640
20616
5636
25748
22275
13262
5434
-10084
21361
10006
-9769
-24790
6291
-9071
30846
-23743
7151
21793
-24870
18682
-13523
-16527
18567
-6682
-3433
-31260
-18218
-5620
19259
3249
16445
-16933
-29113
-28730
3089
-25226
-21686
-4137
12956
-1989
-6891
25074
-13816
11711
20595
-2957
27874
27169
-2381
6647
-27963
-10969
5086
18353
1675
1180
-15213
-21311
-19577
-4446
6820
-26026
12628
-24283
2303
12430
-27922
22195
11982
2364
15556
15445
18092
-2199
28154
-55
25778
25725
28284
-30715
9713
14427
26013
4393
-9110
-8296
20236
-14561
3128
13498
-15250
22090
324
-11052
24798
9618
-16715
24540
27908
-15978
-25219
-25518
-2299
10885
-7494
6855
27423
3100
-9873
-27410
-31151
21613
-6790
31423
32080
2616
30443
32446
-25481
-8256
9640
6472
4421
-23504
5964
-18519
-17748
-19252
-28041
-25641
-2793
19515
-13748
11713
-15389
8892
-13126
-28006
5227
7950
-14942
8482
21299
-21646
-6716
-15172
28216
-24604
6087
-28895
21537
16030
30728
6217
-16123
13181
6829
-6044
5813
-16163
9351
25400
-25507
-9603
-14860
-3135
-20732
1169
18902
-24344
-16220
-31429
-26402
4589
26434
23964
13394
813
2963
-23
23915
-2058
-15382
-2363
-8856
19196
10230
-23183
-29349
-14908
-67
-1697
-5509
-1610
-27249
22401
26317
12391
-727
-25924
-8246
10524
28465
-15491
13343
-32433
-286
-5337
14344
-7095
26787
5993
24344
-5503
30375
13653
-1176
2721
28533
3656
18038
-4470
27965
26349
-12227
13981
21139
12149
29494
2938
-19694
-6678
13735
-17586
-26410
16775
26772
-26800
11270
24452
-13471
3620
22695
-4944
29709
-10879
-7956
-14382
15689
28792
-30904
19431
-32095
16010
-2275
25927
8834
-7539
3913
-15008
22151
-20150
27265
14406
-18791
-27418
10887
-10001
-3009
4394
13115
-25310
31062
-9139
28384
-8462
-13195
-6216
4253
-18181
11242
21953
26367
-20652
16033
8888
15990
-18160
23809
9227
-21460
17985
-18432
-27485
22225
-5396
-23224
5525
31881
-19041
-25830
-31069
-8699
-1061
5485
26020
-32396
11746
29904
28700
26243
22298
28603
21437
7563
-6616
29050
-24384
-14644
4391
-3712
29605
4978
24472
-16098
-4782
19741
-17856
-10457
32098
24687
18616
-31556
-25227
-17288
26779
-22564
-7479
-6893
-26380
-20254
827
-31749
-7598
-26620
-17323
-16283
-25769
15660
21859
-25695
2348
9792
30082
357
-21477
29292
13802
-18597
8075
-13067
7105
-6521
32597
5658
-19954
-8994
-30080
-20667
-21421
-5954
14796
6580
25315
-27747
-4095
-13294
-16075
-12399
11873
2294
27447
-13375
21375
21217
-4333
-12393
23006
1615
-1193
14260
-14477
-10738
-10983
2936
15528
-31957
3079
20498
-20083
21061
1740
-21347
27602
-24662
-4830
25423
-13008
-7774
-4936
13376
31769
-13176
-14586
-22433
1407
29954
-30024
16995
11385
29983
31849
25467
14495
-8502
22522
19041
13871
-28785
2425
-23955
24715
8767
15562
-8464
7353
-3283
2740
3294
994
-31651
19301
29572
32211
-7657
-30864
27519
-1317
-8632
-5907
-24955
-13209
27430
-14368
-29313
15052
9201
-22865
-2542
27144
-26294
17218
22083
3292
-19579
-20499
17320
14746
12071
16874
1636
-12250
-10607
13670
-18165
-5702
23630
29888
-27787
18812
-31673
-12326
-13053
19487
-2788
25971
-28660
21004
5511
-32549
27353
12033
-26207
16092
-7002
-2338
-19885
14303
-30699
-7030
30645
-22935
-21571
-2155
21312
2577
20443
-15438
2075
-20608
-21618
24532
-32150
-4025
9356
-23189
-28933
-20662
-31214
-25995
7235
7444
13348
11671
27690
27029
-5883
-1532
-18204
-4254
-6407
10978
25470
-23737
-16926
5076
11831
8981
6619
-22083
-16693
-28161
9756
-6145
-27112
-14197
31109
4550
-16326
-13193
20987
-8623
19141
-11003
-18217
-28090
14820
26030
5707
10658
-9510
11821
30890
31365
-12044
-4780
-386
14229
-26544
-17974
3939
-31874
2761
25922
-7832
25384
-11508
-3172
-19756
12634
-2486
-15950
12315
-25897
-15016
-29900
-615
-15012
19790
-8830
-3253
2205
-24590
29194
12240
7980
-29876
11416
32548
13866
21232
12373
27460
-27575
31447
30449
-31844
-21173
10078
11297
-7392
4427
-24803
21533
-29619
-8100
546
20224
-13611
32325
7921
7821
14744
31822
16206
32323
222
-20650
-2690
-20656
2809
-19498
-12506
27013
29224
-19456
29222
-18456
-31085
15428
-13371
-25059
-11022
-10867
-10610
32003
1815
26603
-1830
6842
16853
-15472
-19514
29166
-4700
-10410
-6032
31143
4355
14501
-3731
-917
-9699
-26191
-21422
-26247
-1883
-3069
3282
-14581
-18575
-26343
-31220
7031
-30692
10663
7053
-4940
19845
7871
26905
-29908
-27106
-23312
-6041
-9259
99
-28688
-16699
26841
-4067
-13833
32529
10278
-19617
-7696
4489
-21649
-11791
21556
17978
-29019
25222
4748
-2267
12556
-25024
18351
15821
-9198
-3934
-19770
-11407
-30352
28004
-11854
31303
16453
24248
-32271
-13376
24994
-31142
-15910
27238
-29444
27231
21824
22988
-17160
25973
5517
10023
-25873
10849
21313
10576
-20422
2839
17350
2961
17675
6345
20777
-18092
-32153
7616
-30696
24297
14028
29172
5278
-22830
-9257
11475
10172
27337
32382
-28302
31746
9584
24091
-21244
-21746
-31160
-15381
-3410
18847
773
-11383
-17838
2819
-28934
-12772
8916
31272
-24513
-7254
23606
20359
22937
23307
-20921
9554
-28056
10126
14624
-24331
-16145
-26814
-8510
31520
249
-12861
-19404
25095
-16490
25329
16356
3257
16160
21381
-27784
-15154
-24063
-23321
15091
-6027
16078
29152
-15744
2670
20011
-18057
-5110
5051
-162
31781
31380
-12924
19489
31195
10335
-11826
-23516
6808
-30095
2530
-31758
-17780
770
30295
-13528
7308
9402
4256
31934
-23645
12432
31526
13815
-25523
-18237
23261
-11800
18220
19842
-11409
6926
-4184
-17021
22872
-10124
-109
14865
-9512
-20550
-23236
31589
16732
-2677
-12131
-28470
-31316
5462
7994
-12887
-14757
1399
733
4936
-11821
-24449
29173
28724
-28282
26669
-16646
-12187
-16896
-15395
-4468
1819
-25328
-6227
-12106
-28858
4879
-30972
-31598
16361
26335
31179
-2550
3876
-19104
-1779
-23393
-19599
-28728
12049
17014
-12576
28382
7860
-13131
-18335
-6725
-10179
-1234
-1678
-4213
-18430
29280
-25378
-13413
28233
-32377
10537
10005
-47
-28973
-23060
26214
25521
-8580
-19988
-7457
-13011
23205
-4768
-30066
-8734
30303
22772
31592
-30495
-1956
29836
-3959
3814
5384
27053
-26869
29832
-25414
3036
10400
1949
-20411
-11364
-31510
12994
-15082
-22741
-19292
-12824
758
10623
-1368
27076
-26711
19565
25974
5539
-27016
20929
-24296
14870
9855
31984
-22583
8629
-26546
29487
317
-25640
-13055
-8759
-13942
-19161
28197
-30403
-27526
3959
4422
8982
-9649
-10869
26988
-1634
-12681
27392
16034
26021
17965
-5204
18545
31917
5153
24603
-23601
8270
-24551
18412
22837
-2947
-9542
22211
23383
-14826
17864
19327
29043
-21059
18236
-19301
25577
-8437
-8757
-9371
-2847
-8841
-8328
-8366
-13821
-7724
-19410
-26381
-8304
20529
-27631
28555
-31208
-9358
5508
1249
31705
-346
18551
22314
4157
-8533
-7794
-7782
2065
-32352
2403
19703
-25043
8703
-21031
-8203
-480
-1594
-27808
12223
-30284
18384
-3314
24317
2231
-27328
18448
-25429
-23605
29643
22995
28764
-8705
1786
14198
-24106
-29689
-5653
-24540
16157
7981
-10558
-18964
-15892
31507
19791
-26996
935
15326
29206
-26919
-5444
-7017
-28995
18776
-5500
31186
7401
26040
32389
-27645
-16897
-3068
-27833
23055
-15078
-8797
30997
-11763
-4568
-24087
-9147
4568
13177
-2538
-20080
16049
12627
-23708
18207
23220
5200
24437
-25172
-26588
-16192
-25793
-9666
-16999
-24918
-3666
-701
-12120
-30892
25595
-8385
-31478
-25786
-31254
14313
-10059
2275
-10239
-31609
10918
-32489
20119
-5205
15898
22899
11970
11143
15357
30350
20457
-1212
3689
-25129
-30329
10440
-11710
18584
8222
12062
30994
-19864
15705
30771
17045
30646
-862
8827
8918
21911
29399
-24268
1370
-26369
-2701
-24816
21798
-20511
-30967
-31761
14275
25533
12369
-1343
-958
-19918
25879
-17902
-18216
-19942
-7310
-32373
24084
-449
19260
30864
6427
-16314
874
-10719
29659
341
13225
26212
-23411
-23990
30026
-8969
1289
-5159
-27364
-21572
-9878
11987
5057
20946
-1044
20915
3224
-17239
-26857
1044
-27309
27961
-11546
10513
-23271
-22327
10417
10831
78
-3571
-30302
-26864
15906
-20403
3986
-15102
-13225
5856
11012
15843
-8875
13447
-11055
14575
26101
31451
7377
4054
30678
-30641
17773
-17711
2213
-16130
-3318
9529
13426
-28427
-28015
19122
-1077
-31153
23208
21560
10915
-1040
-5704
14216
4757
-179
24632
-13520
-1701
24586
-1381
8546
12209
745
-26175
8754
-9052
15623
-3387
-30299
653
-26496
-21841
20890
-10222
-852
-8319
18129
26222
27622
-7748
-17030
-22463
-6525
8742
5473
15065
29638
-3762
25205
13393
13668
-9961
13203
22799
2654
13301
-9947
-3503
-21124
10402
15342
2160
768
-17507
-12905
16061
-20880
-26185
21198
-13878
12764
26661
-3201
-4011
-32015
24006
-26988
-8160
8452
15153
31408
4536
17802
-12660
-30382
-26744
32235
-21182
11593
-19840
-8414
2835
-1930
11625
-3335
-428
-4031
-31098
-27926
-22125
19099
-17828
-29303
14267
-22598
-11326
20835
-7180
19448
29535
-15258
26815
-20264
32119
5939
-13895
-18882
-8054
11456
12916
15678
-19959
4547
-4080
9191
3005
22557
-12448
14289
29808
-4531
-5774
-29778
-3867
-14060
-32360
1156
12462
-7478
2560
16840
28285
-32129
-31434
-16958
-8384
2754
31841
-30542
29969
-6257
-32515
4337
-20748
8720
-13353
17475
31890
-11918
22934
-19406
22281
8616
7134
9152
-18219
-11838
27174
-17390
25608
-9779
-20853
31993
28885
8964
-20271
-25675
28460
-31785
3529
-10497
-4227
32720
1805
-15997
-10846
-2693
9125
-14281
-20445
17971
16989
6377
-21931
-11718
16018
-26890
21876
18768
2529
6081
13415
26760
15020
32645
-14779
27974
-10908
-30771
-13607
9736
9497
31113
-13672
14449
-9684
19883
20159
-7108
-21409
29040
-9069
-271
20950
-20548
-22208
-22682
22280
-26905
-5648
13473
-12556
22819
-1411
-29059
24485
-22161
-27706
-24747
-20224
-4525
-30119
25852
6961
-22973
1293
5879
31116
13730
28929
-6296
-12594
29127
9220
12676
-22536
-9239
-3563
-12962
13314
23382
16423
31206
23492
-29756
-5677
-8044
4403
28902
-23542
20463
28666
6994
1149
14162
-11272
-14308
-28741
31515
-24592
18404
-17360
-17651
-27656
23549
-20009
23848
-25515
-30400
32603
-21803
3319
32543
28408
16914
-28335
-17138
-29331
-1815
-28378
-2422
17478
-12311
322
-13769
-14637
23572
26102
-31087
-2025
14259
30664
-5840
7966
1982
2768
-13239
-3061
-17316
-15317
-28826
16372
-2605
21308
-2751
26854
12164
-22756
18968
-3282
29971
31018
30429
14007
-18116
20556
-26699
6325
-4293
-7406
-19235
-1683
-3595
-664
30762
58
9930
23207
19512
-24318
7830
-26344
8766
21734
-19181
-8381
26018
20356
29011
-12795
-28638
-23838
4346
-27407
448
-13851
-14104
15479
-30135
-13729
26420
-32507
29719
-26236
-1076
3494
6455
30591
7716
20784
-2627
-10115
-27464
22113
6515
32305
28551
16366
-1917
32636
12154
-8252
-11007
5215
13174
2770
-22169
-7691
-5833
18779
30764
15150
23997
-14460
-20290
-31573
27775
-24510
-8361
-21179
-10781
-14253
19026
-14302
12812
-12379
-32211
-12802
-22180
-18395
-2790
-30636
-13215
-12487
-14824
-7463
-20639
2235
-13915
-21250
-21413
7896
-2405
13456
17306
-19010
-9294
-9830
23242
20642
-31494
-17633
26979
-23717
11932
-25246
18426
-1147
-18376
-5888
-23047
-24665
355
-23726
-8293
12535
-8937
-16402
-23507
5650
27390
7643
-16245
21740
-2534
29051
-13139
11975
11275
13226
-9945
18285
-5243
-18657
29525
7083
-18279
-32736
-20093
-2002
17573
8233
19686
-24117
-21039
-2178
29838
-3501
22178
23927
-24403
-22552
-17344
18390
-28025
6357
4335
17201
2089
6986
17848
31839
29676
-351
5192
16379
-13108
-1010
30948
30931
-1950
-11179
16059
-10882
5807
-31884
29801
29532
-9258
-7252
26208
-20452
-23091
12530
-22485
30145
-15089
23898
-1291
4245
6599
9540
31670
25006
-19312
21567
15587
-4989
30442
-14910
-4386
-29720
9209
11802
7943
-16313
8205
4524
-31550
-19632
20269
24231
7730
7455
16171
20378
-10747
-3624
-8523
-27618
-25889
-24096
-29620
-9196
19583
16822
-27028
-25929
-25395
17917
29083
21806
-16672
-21230
-19582
-6903
12653
13173
15008
-24836
27678
3774
32586
1344
-15384
-30140
-8591
-13778
-25928
-30432
-30637
-448
26264
16962
25704
-17747
-10388
26366
3920
13898
-17965
-18289
-21566
-13395
-19845
-13578
20510
9924
25018
-29906
-16719
6140
270
-8216
31894
31707
-32615
29422
-12185
1604
-4302
-10924
-13157
-4514
25584
-29803
28392
-5473
-19616
-27531
18808
11376
-32339
-10285
11595
-11206
22179
-23994
6652
-18650
14284
-2394
-18189
-20521
-29490
12414
22111
27572
17369
12119
5820
-31103
22764
5980
-22093
29203
-28727
-7624
17700
-24316
-172
6682
26548
24908
-29922
-5267
-6484
18455
-30097
-25788
-14069
17431
24541
-18583
-23684
-9462
-6022
9693
14563
-23124
-10250
18043
29751
5887
3514
-17706
-3670
-16832
-5324
-26470
-13305
-23531
-7492
8735
24857
-32228
-5017
24199
10639
-17232
8614
20055
19930
31130
-20781
-8781
-9627
24177
15951
20648
-6679
28232
23062
-27566
-12473
-17109
-15596
-2087
-9613
402
-2336
13279
5573
23103
-23912
31783
-14904
-5470
22362
-1109
-12766
-12982
-9714
-11327
23637
6097
-11279
18116
-17504
-20094
13046
6754
21327
11469
-5411
-16103
29724
-1825
30794
23836
15999
3425
-2469
5458
-32341
23393
15526
14207
-19523
24535
3777
-3517
11311
-28385
11758
14025
15299
25726
12074
-4229
28909
-22288
-21750
12918
-26721
23009
26070
-30790
-17430
-20379
4819
7236
-6597
-19662
25055
-29038
-2669
28891
20527
-21458
-26705
4875
-31852
-26874
32693
28834
25717
-9902
-17849
-190
-22858
-3839
-15839
23550
31122
-32446
-15505
-4872
15382
3074
14745
5379
2628
29862
-12967
-9757
-7368
-7630
-26118
-15239
7500
27655
-26228
-32044
25175
-7085
20893
-11417
22996
23296
-11759
-12786
-15010
25244
18166
-10148
28701
-4599
10645
-25888
-10331
-31769
3676
28769
27180
14158
-24314
-10661
2244
-10600
28871
23023
9786
7738
-20283
-20870
-17930
-28190
-5749
5748
-28563
-13424
-23989
8968
24730
5649
12770
13397
20421
6117
8197
16161
-1365
20428
-28214
-24221
-26318
11784
-324
32397
-2112
-10031
31485
4648
-4000
29147
-12232
16906
9062
-26953
24015
-3763
8463
30683
27520
774
-25500
4503
13840
30410
6673
-16037
-28659
-24876
-11768
-13781
3942
15163
14812
-1814
19685
29291
4046
22016
12725
27411
20451
-9291
-13916
-4847
3763
11350
-28963
-927
19362
21659
-13605
30845
32084
-32277
-16491
19900
-25782
-5160
-12731
-13121
26550
-13615
-27461
-22885
30153
-6045
3410
13433
28503
11322
13381
26060
-24194
31736
3399
9947
-20914
23063
-26696
-26520
-19002
-16885
19545
7589
18408
10277
12662
11920
5134
-4720
-19631
6651
-8098
21555
9519
-24931
-3597
14810
25892
-4317
20996
-30109
-24954
-102
15457
-24600
-16571
-23515
12545
7439
-28087
-21890
-27970
-5606
26110
-26754
-24204
1063
-6249
-11110
-2245
3072
21394
-12958
-17495
766
-24382
-7524
1115
-5181
32355
-21246
14469
25463
31042
-8014
16255
5548
30168
31030
10815
26534
12603
-26722
-15735
26161
31752
27381
-23298
-4992
3306
20138
24685
-4769
16465
-31873
-28589
-22101
32316
-29081
20127
-15663
-7394
-10349
-24872
-27579
3900
21065
19934
-19453
-14427
23472
24161
-13721
-30224
8713
29780
-30809
-32627
17953
-28642
30379
21341
3752
-9782
20513
14062
-23216
26626
-17415
9265
6137
-13168
2001
20821
3233
-12596
7410
7762
-9381
-20321
15637
31295
-8265
12664
32310
-6235
28451
20486
6954
-12422
746
-26767
17776
-7388
14151
25969
-1789
26437
28594
-29954
-12946
9477
-26377
-2368
26278
-16615
3189
-21100
32393
-25006
-13784
5742
14412
18178
-14614
-15181
-4934
7150
21144
25016
-16017
22882
-7115
3968
6030
14514
4511
27164
14429
-13846
11017
-5734
-9000
32642
-12499
-18793
-32133
-20243
-7356
-12565
24932
20313
-32233
6708
111
1306
-3355
-4973
29059
10131
-3170
18507
23953
20545
21042
-15328
-8494
-2407
19427
-24383
-5910
-27788
-4143
14338
-20729
439
-5828
10845
-2623
382
23976
29283
-14000
-12652
-22225
18177
7649
-18124
6888
1829
7983
27854
-1945
7905
12342
-14086
-17942
-16873
-27483
-24978
13849
-11844
-12122
-28103
-11756
-18522
-29969
13061
-14670
25396
-10449
8362
32657
31947
25644
-30427
11329
26185
18085
-9702
-24309
-690
-24750
-23151
15746
-17293
3962
31089
18244
-7531
-5326
1001
15892
25067
22582
-28343
-5837
19918
9599
21790
-16337
-889
-31549
-15174
30597
-5495
26950
-24763
-8436
-32565
-5024
-30786
19176
28587
-28517
-23896
-26371
-18355
-26004
-19534
6507
20765
1574
-21987
-459
31210
-2071
2551
-22546
-10877
4071
-29201
-15091
-2078
-1564
-7130
-3684
-18296
32189
-13216
27168
-3868
-11988
6181
-27132
26878
-1676
-9014
18928
-20931
-513
-30042
6709
-25407
4370
-1627
25065
-13967
14016
6728
30352
18003
-945
-4083
8365
16244
954
-1105
26915
-26788
-21945
-27104
5541
12707
-31905
-30606
-30312
13651
-31594
24847
-15813
8667
8817
-12957
23226
26405
12788
-1909
25450
30047
-3223
20566
3993
2942
-31202
10757
-5558
30912
17355
-10431
-7171
8706
22005
23543
16548
6874
10323
-9260
20123
-5985
10426
-16089
-22574
27921
-4483
14875
-25961
-13643
-8201
24372
-12953
32722
-23342
11529
-32466
5454
-27095
25253
27243
-18891
-31084
-6580
25981
24376
-13401
-28937
11879
30696
-18200
-24653
6419
32259
-4500
15702
23854
-30323
-30511
25996
-14686
-23349
9090
-21533
-13122
-11287
-31207
-7753
23066
8818
9024
26192
14489
2634
1051
1802
25985
22125
7081
-15298
-30251
-19953
-1868
5759
13024
5892
32608
17119
32061
-16680
-14452
26723
14722
-20954
-6524
-3958
-21853
-13354
19693
-31775
32702
-6503
1133
-2868
-31616
19561
2410
29167
-31405
-26224
6773
-12950
15308
-28632
25357
23955
-9115
19548
1490
21397
2366
-1342
5899
-5134
-30909
-8130
10018
7094
1412
-946
23842
-21254
-11490
-29145
-8512
-3262
-18570
-2696
-22351
-5216
4373
-25620
-10570
-19634
-12413
12630
-25038
24128
-25763
30761
-22173
30167
-12747
-22512
-25373
-4876
9499
-24589
29398
-26291
10015
30315
-7160
-16744
-24136
-19957
-18899
4618
8552
27933
30556
29754
31288
-17494
20193
-14291
21658
23176
679
4408
26085
-17096
10365
22475
19896
-29942
24596
-14804
-17815
22459
-11875
5375
20875
-4197
27685
22747
-13984
-11622
17496
-31067
360
24786
-17087
29016
-7287
-19172
-29282
21773
-30437
21625
3081
29849
15055
6547
13508
5078
-25560
-19558
-4650
-1438
-13585
19461
-29283
21072
25003
-13436
2010
-28953
-15161
-3305
-930
-5289
-19184
28975
29108
-16821
-7210
12405
-19307
-30070
-5859
31653
6662
23591
27199
9198
6026
1794
26946
-18781
-5476
-10774
22745
8843
-30204
-30473
-15277
-5765
672
-8845
5371
13182
-13345
11510
-12488
13964
-18770
-11455
-16986
-7725
-28045
-10502
4795
-19647
28461
1035
16186
-15111
-1557
30132
-15019
10792
-5644
-11808
-18616
-31183
-30656
25336
-28701
-12406
-21153
17873
-15405
11535
15909
29388
15137
-2189
31717
8530
4244
-15466
-21024
21131
-6149
-22818
-30263
4072
-5976
-19638
-1839
-14746
342
14634
6194
25880
18472
-23303
19214
19357
-16352
32730
-31413
-18600
-3251
-30139
-26746
15026
5287
-18651
-1691
-9694
-32590
-6515
-31830
18199
-16197
-4099
20830
-6317
21170
-20373
30877
30635
4041
17437
-22246
6197
22237
28944
-13836
-2569
-1729
-25865
-8269
-2810
-787
12415
17118
4834
27512
8526
-4984
-17982
-4443
-25909
-1750
-24752
-13931
-15448
-22331
12157
-23323
-15296
-7183
-8151
-27307
18036
-9719
12013
-22604
12254
-10589
-11189
-29982
29985
29653
-22472
-10356
-6457
-2342
-1569
-5672
-21210
-15775
-21782
-14204
-24256
27527
-13726
-11626
9727
-6182
-7238
4272
32404
-21398
-32012
-6699
25781
-11227
23411
-6587
-6198
-22628
-27505
11266
-11214
6824
-23328
-22759
-6040
-11581
16915
23446
-3907
-9129
24951
12842
8472
-14828
22468
21147
9377
-12205
19186
17302
-3816
-9019
-21690
-15786
15368
-284
-22370
23769
-26575
11962
-6103
-5113
-22772
7195
-13808
8263
2649
-23199
-29815
-2001
9088
-18152
-22031
-11113
-7379
-13723
13700
-4636
-23007
-24643
-14051
-9483
-15331
-16605
-18622
-28596
16213
6536
-30619
1806
-14827
-20126
3444
-6622
16668
-28341
21800
-7273
-14628
-23308
-4812
5199
-24700
14743
-8167
-16467
19724
-14476
-19814
12733
-7011
-25062
17944
17116
-6451
-6627
305
7550
-32721
-11654
17608
-20858
-16054
-28950
14425
31527
28317
-1859
-16626
9322
4939
-13964
28784
-21392
31241
21892
24165
-6325
21442
-31708
14083
3090
-4131
13385
-24010
-1410
16158
20289
-28636
-7230
-19111
26462
17824
-7393
15325
-11243
22601
6944
-27946
30783
-6879
-23852
-2707
32164
22525
-28204
-12271
22343
-15660
26860
-22395
8759
-16735
15795
28648
12660
-32538
18609
-2006
-27259
-7500
-31218
18396
3679
23773
5870
-21735
-28296
-15857
12256
20173
-3951
-30276
-1644
11069
-2517
-29641
-21149
-12213
-8927
-29602
16833
-18075
7878
-17760
30428
8031
22762
-24543
22696
-22399
-14815
27873
-17309
-25041
31875
-7879
-27134
-21687
17874
5536
3341
31516
-31545
6964
17878
-16248
-4688
11916
13965
-1008
32067
-7428
-11739
-19852
5220
-27959
-18986
1237
-27786
13828
-31147
11666
28779
-24632
595
-22749
30868
-19033
15860
8143
-26429
26393
-19025
-17456
2431
-13874
-11600
11555
-25085
-21523
14741
-3674
-23667
26762
-28832
-14205
28782
19969
-16400
22788
1074
11418
-770
-14744
2569
-16625
8709
21106
9020
9135
-25617
-21309
13781
-27681
-9183
-15753
-10463
-20079
-22346
27371
5007
11607
2190
-26841
-23073
9708
13687
-17173
9001
5632
-18282
4973
-13713
-24459
23127
11515
-24203
-8712
19159
25317
6911
-25835
28634
-11596
-19004
9873
-16597
-30608
-25137
18582
-15223
-18865
-21795
-11097
26766
8150
16469
25434
18492
-20505
-6843
18814
-18083
-7173
31868
32130
10962
-11282
13519
-31057
30479
5581
3759
-12475
5799
-20314
1012
-25708
-7355
17620
-16915
16690
-29885
25698
15253
14929
16651
-30991
25815
16422
-5609
-25131
-2207
-27794
-7483
-25030
-2708
-22906
-8460
14785
-1861
-9736
-24990
-13079
-21345
5633
-30291
-21480
-31341
22396
-15468
17489
18151
-25151
-32658
-13226
-28292
-13025
-25343
10265
-29437
-17973
16023
-13626
8451
-22112
8246
14166
-1910
18657
-31962
-2536
-24478
1449
22553
847
21446
29320
12750
-26049
26702
-2785
-13035
24526
-3290
14465
6327
-22022
21993
-5745
5503
-27122
-31553
29371
-7182
-22212
2256
16997
-1455
-31012
-16773
-26828
8594
-29375
30066
24460
12484
15435
17674
-14674
-618
16363
31468
30593
16232
5840
-8601
32379
11930
21960
-18877
23524
-18064
-228
5877
20455
-31259
-13734
-6060
-5453
-23368
8074
9267
-8163
-7498
13388
-20796
-8953
20214
17009
29279
10212
4030
-11416
-21975
6343
-414
363
31297
-30255
-16811
-27096
-27896
30472
-21333
27226
23196
29028
3938
21183
-21077
16099
-27342
-21760
-30628
25034
6978
3113
-11772
-14897
-27299
-16980
-18774
15574
31900
2434
-17584
-3356
28182
-2185
-2566
16086
-14680
-16743
-13248
31168
-17395
-18002
27415
-22932
22648
-3926
-2428
-11347
9689
-15365
27653
189
16879
-15852
-17625
15348
6967
21262
29812
16137
27888
4717
22426
17585
-23998
28846
20766
22356
25669
31388
-15640
25789
5550
-28579
24417
8349
-7205
27734
25113
-30470
15708
9449
-25634
-3825
28935
-12216
-6051
-23736
1886
28805
17564
25337
19776
-11912
-14750
12784
25132
-21728
18215
-19874
9804
-17904
26183
16904
22126
13666
-15303
2282
949
-30386
-11887
6266
-20179
7230
-10208
11019
-27174
12818
25979
-16891
752
-30843
6916
10281
-31767
-12941
13601
18554
30883
1182
11230
-5208
30276
-25289
25900
-31278
-30665
3949
-10077
27629
16298
-10667
30091
6783
19436
24749
14727
14936
11495
31045
-7458
8543
315
14304
3927
-25652
-11855
-31565
-22709
-32294
-1752
-25317
30741
5608
-6522
-11527
-29608
-20487
-11856
4576
-7546
-20987
-24555
-19960
-21792
-19097
26143
10942
-19701
-9958
4903
-2797
-2720
-24670
19881
-18284
-2798
-20496
16539
-31339
-5744
23358
-5
-27992
-27659
-30174
3155
-25992
20862
26675
18360
-1073
7267
-15269
8615
4686
9223
3728
-17713
-24481
-2494
-19649
29999
22774
-1738
17963
-5998
-262
-31768
-8860
5015
26174
12694
-17987
25332
-16741
23010
-32108
28158
19962
-18441
6899
20795
-27258
-11481
18204
28682
-3047
-13069
-7633
-24821
-6663
-27475
-1143
1191
11221
14940
-4275
13360
-6910
-11163
-25614
-21177
15086
-27390
-14290
-3402
7690
-31163
30648
-27920
20670
-13997
32711
-20388
-7322
5420
-1871
32546
24546
-3071
-5562
-16479
8221
30170
-3703
-26974
-18510
6854
2424
19118
-28300
-2694
-9622
-4838
-5903
-21537
-6924
-29981
-3765
13410
24057
-24432
21888
-21590
-20705
-16768
6422
1837
-25330
-16191
31721
6054
-18925
-107
1400
-32510
-12703
-16287
4679
-4280
25010
19006
12269
-24156
-30845
27122
20598
21543
-32582
-30958
25232
-22068
-13256
-7698
-14664
23029
-19943
-15999
7757
21590
7777
3281
31729
14129
30958
-7557
19449
-10411
2807
-13504
17183
2522
-22353
-19706
6314
-32060
-19797
20817
6564
2351
32607
2055
26460
-19064
26959
-3330
17892
14013
18187
-23627
31379
28427
31483
27791
-14981
-8785
1163
-22945
10518
-32738
-1709
-7926
-26219
-14839
24149
25128
11754
-6187
18683
19828
6653
-6940
-31291
30802
-10578
1720
27525
-27869
-23792
29141
6265
31700
19204
23804
-1766
25202
-27548
22967
-54
-2862
4377
6037
25953
19728
-23094
-23846
-29051
-15870
24742
20430
463
30359
-23302
-31760
12266
-19935
-20856
-27663
8224
-7103
29726
12823
24583
-2945
418
789
-21754
32340
-15793
-24858
-14999
32206
30587
21980
12610
15973
15669
23712
-12789
29080
8097
10813
9312
-7364
-5989
-2914
14029
-26082
28910
-3690
-17189
-18534
16492
5058
26159
-18524
13148
1465
-13754
19191
19202
-18196
-20747
-31564
-18742
-17811
-16787
10390
30544
6416
17453
30435
47
-7271
-11161
-30722
-29976
25593
28734
12421
-4145
-5162
15013
1799
-18403
32251
-24280
-27913
1808
-8851
15905
-9739
19747
16483
13505
-26820
8079
-27010
-20127
20816
13391
1200
-12644
-942
-10333
-14286
-23297
24131
-17979
25185
-28711
-15445
23661
-10260
6862
18577
9212
2867
30895
24454
5937
6601
552
5864
-3808
-22606
17258
-29761
-2041
-17203
-24723
26732
-736
32761
28033
-4259
-2466
23074
-2771
21389
275
-28181
20782
28659
-1866
-31647
14268
5955
-25120
18543
-2728
-6158
-32180
4761
-29091
-6282
31465
-4884
-24849
4156
-31518
27798
-80
-20755
-17753
-3366
15349
-7937
6913
-29834
-16561
26542
-12675
-21752
881
-98
2411
15467
-21252
1897
-21612
4897
-19102
-27285
12250
-32185
-28465
22950
15272
-8495
-30348
-12230
20467
-30803
-9519
11980
-5884
12294
-20477
7115
-3946
-21804
19459
-23832
-840
-15150
2283
26832
27270
29305
15242
-23927
20221
3515
-5973
-32430
9336
-2233
12295
-28529
-19888
31267
18562
16229
-30676
-15992
11041
18882
2070
30078
3816
-24243
-14571
24162
-32004
2191
14900
20759
-31912
-14209
-15973
-11291
18739
-22275
-5967
7810
-11361
-26523
31405
17636
10381
18975
25403
-12671
17832
15762
2731
20015
-18979
-18643
-16816
14337
3317
31977
-11598
-26755
-1798
-22773
8359
-31164
-30517
-20358
12915
6641
7250
-21702
-15624
26914
24244
19239
-14506
-8177
-25867
32716
10404
13514
-13501
31772
10660
-4263
29541
-15608
-8190
-26397
-28436
-15869
2533
20715
30590
17786
8493
8082
31546
-20419
-9682
31706
6724
13746
-14448
5197
18555
25379
23482
36
7543
-31809
22452
1126
23059
-24676
-32529
9438
23903
-10348
27334
5829
29828
-2211
-30248
-23610
-30407
-16729
5545
19377
-20291
-32628
-3685
3107
23989
10657
-19804
19339
24831
-7884
-6641
-1387
29095
-1192
22636
-22856
3157
-9773
23672
-28969
25108
-19365
-30748
-8370
-29129
3530
23061
15230
-21892
-24673
13419
-23961
-24627
24558
9481
-5921
-17366
-24690
14773
-8213
3302
-3086
12027
-3255
24379
-4264
24347
13355
-30039
-31984
-10049
32258
-7257
30714
24607
18803
-30245
-17341
-29800
-14294
-6112
-1878
1833
14454
-23234
11045
31886
28437
-9959
-10134
24267
-431
-14988
20589
200
17275
-13212
-27635
-23573
-884
10727
10613
15202
-2776
-8609
10178
29957
-3554
2993
-13687
24370
-25380
-9881
-22999
29816
14792
11480
-23142
-20173
144
31821
17673
13377
-16166
-29405
-18378
11309
-26772
-21745
19287
28075
-15819
17398
7554
-24089
-16413
17628
11199
-8091
13250
-22168
12181
12886
6307
8062
5429
19801
-376
27806
16558
9498
10767
13790
13597
-2955
252
12946
4817
-5974
26930
21821
25563
21410
16221
-18093
17580
-25826
821
-28831
27230
-16299
-16971
16493
31410
-24412
-24759
-20039
630
-11171
-31360
20285
9502
22470
30640
-20408
2975
12265
21906
23781
7016
-1879
-5860
19714
6114
26769
29811
-22445
18361
16312
7233
2750
4243
-10760
-24755
-18908
32545
30852
11055
31554
326
26614
3445
11063
-13474
-1777
15730
-5143
23890
3504
-24943
-6608
-14563
4330
6409
24943
-31584
-7784
-23629
387
-28193
21422
-26184
17380
10946
-8263
29656
-9584
13831
22531
-26689
7302
-31317
371
4011
21044
13422
29089
-8915
-2191
-13203
18955
1668
-5044
-2901
22754
-1851
-30848
16799
-28515
-26900
-1242
-17547
-9607
-1226
-18970
-14921
12864
19238
687
-23084
17148
-27577
23442
-30131
-3239
11804
20847
-10214
-911
-12809
21204
-11476
-25893
-18816
12982
26635
-29311
-1860
-10989
31522
-15063
-23897
-28339
27695
-30218
19340
-19753
23633
28442
7659
-25554
20008
-32428
-15177
-24854
-31832
5514
-956
-22209
-16394
22307
-16158
7297
-1899
17414
7055
17003
-23594
15345
4983
-25258
17858
-25318
-2116
-28872
31699
22931
-26042
1188
-355
15222
-30908
-3102
-20110
-25815
24852
-1231
-20749
-15322
24336
21096
-13088
-11701
-17024
-1087
18376
13949
313
-8142
10574
-29616
31538
26554
7404
10157
18269
-1845
20003
27684
3912
-17907
20386
-26578
-7921
18500
-13267
18710
7200
30980
-32650
-31091
-10194
-26700
-22844
7178
-3904
26130
-29058
20291
-5380
-719
-23962
-23369
5023
-17919
-487
28809
-12276
-29858
-3181
30263
-26558
-32598
26825
-26704
29403
19312
-18554
-26770
23173
31404
6088
-9220
23246
27296
-27126
22782
-15817
-5894
-395
-3901
-528
29755
32466
-14943
4416
-22977
7768
27752
1655
-1904
6208
1244
-31354
10930
-25651
7704
29413
12408
3184
-18645
13070
30560
21898
26438
28589
8909
3834
-23967
14693
-9626
-14488
1620
-21396
-25583
15996
-23048
-4049
-28899
5207
22162
24655
-18125
-30170
18235
4466
-8784
-13050
-18740
-22513
16762
12196
-6901
-24482
30669
-27761
23251
-6783
12306
23387
-17318
-6949
6866
580
25420
-27867
11629
24868
-27256
-12799
-21652
-4116
-5723
11140
-20055
18288
8416
-22676
24406
26003
-17178
29120
23096
-27812
-2725
14068
-24272
29633
-123
31215
-21961
29848
-11153
24592
-6270
17532
-22114
-9561
17865
12717
10505
-12955
-10101
18483
-4309
-29971
-21787
-25655
31284
27285
-27893
7493
31565
-19156
-597
-9273
-32481
-29195
3158
10737
-17851
-15634
-31976
25666
18475
-28499
-3132
27951
-14661
-2670
29901
19945
43
16245
-10018
-11044
-27162
31572
29165
26054
-19533
-576
5924
24975
-2436
6521
-17526
-29291
27623
-2262
8698
-17192
-19618
-25596
22895
3213
17265
-24731
21380
30257
-5922
-24517
-921
-9526
2269
10299
-6526
3063
15054
23946
-32374
20009
24145
-11829
14330
27979
17950
-23197
-2445
30368
-18576
3332
6270
10985
-9610
17744
11487
9167
23791
-25482
4103
9822
-5415
-16991
-31506
1413
4513
-24994
5468
5271
14667
8392
-778
-10701
11548
-2411
897
-28299
-10695
-8173
19701
5653
-32576
-27068
3147
-28890
18720
-10634
9089
22976
-23440
-24287
30704
9150
-25159
18521
-29126
-16580
-22123
-28288
-2888
-20590
-6341
-12913
-9563
26397
-23295
28744
-22295
-26908
2460
-7009
25410
9837
-6571
-12257
27025
5478
-12811
-25572
-17759
-20213
-15383
-15513
-32343
-14635
30573
26515
-10154
-16830
-2160
-15691
-30349
-10375
5831
-21404
26808
-23045
31709
8261
-23001
11115
-28511
15688
12224
21012
-13757
11448
6317
-31412
11076
10689
-3461
-19495
26383
-25241
15183
19957
-11203
11172
-23475
-10990
4358
31103
-13561
-2456
1004
29632
-7352
-8374
-6724
20393
-19627
-27492
2349
6659
9432
-8314
21807
3205
-9821
6982
-27316
1248
-6881
-13908
-26240
-5818
-7543
14565
-3414
-7175
-7423
-15652
2485
-23750
-31350
-19699
-23947
-23388
17501
-11223
3384
-21009
-21547
-1444
12898
-28914
15223
14213
12142
-29212
-27111
-20761
-4524
-17657
15987
15884
-31720
20089
14690
-11728
5236
-25027
10173
-32702
12375
26050
27490
-12910
30242
11928
-12099
30301
7379
-4717
-28735
-15274
1662
-31986
14476
-4122
-19418
13444
-12590
-9219
30046
3364
21367
-23672
-16060
-21133
-18496
13854
692
-30343
-22653
21115
2058
-22265
-14948
19068
-26630
-22643
32752
-4336
1271
-4260
5471
4267
20404
-21732
2870
-20471
30744
18852
12229
-2667
-16942
-27565
-640
20619
3334
22716
-10575
-9420
32475
15259
-30459
-925
-31226
3534
17354
12758
1645
-14299
612
-21658
875
-11190
-5475
19535
1424
-23511
1028
25377
31067
-29115
25769
-2942
-21937
-5219
-22360
11929
-24153
-16084
-4153
2791
-30334
-9877
29212
-816
12852
-14576
-14927
-24034
32705
-13389
26410
-22254
31569
-4587
11707
18445
-1405
-14377
-12366
-14047
10720
12423
-28017
8748
-3702
-32214
-23650
17908
-21669
26166
-28948
-15942
6098
-14184
-24407
-6155
7852
13725
30884
-19117
26379
10425
23214
14953
-23494
-17077
3439
-15731
-32070
28997
-21525
-25452
-2122
15837
-5287
23447
1850
-28467
31888
30653
23334
30658
25376
-8874
26173
-29768
15371
-26288
-18007
6632
-1059
-8045
30346
-16563
-6107
30235
-23446
18508
20917
6693
24636
-15122
8431
-3599
-15320
3414
-28675
-24549
-4479
-22415
12376
20570
14651
15588
14409
24633
21753
7512
16351
10201
28390
-4204
-15709
-20073
31793
-29364
19428
5732
-17301
19274
22990
-17244
-4171
-20326
-2131
13820
-12617
30387
-17790
19857
2377
2753
-90
4747
3403
6532
12152
28930
21265
-30675
26477
12193
-21482
338
27630
26055
-22505
-20802
-16707
25745
23635
27872
1746
10896
-14437
15519
20331
-15415
-25706
25556
32148
-15687
22131
-23695
31
-8621
-20916
-19636
15619
-6176
23432
-19816
-18333
2007
-6551
-810
18191
10755
19567
-21840
24968
-17040
-12258
-26774
28424
6951
32487
31191
861
24889
21523
30018
14298
-20310
-4174
-17433
-28238
-15234
19120
-20273
-14130
8962
-7091
-11234
21411
22753
-21129
-8162
-17518
18818
-25863
-3543
-12220
-25784
-1344
-12169
9761
-10344
15262
20903
-25272
28044
9730
-20191
32082
-32273
4282
7192
-25056
-5484
10669
19123
-27729
-9446
6353
22770
12834
21969
3111
-25756
-16357
-9889
-14903
-14775
8899
-30414
12076
32458
-13962
6423
11107
20522
1131
14954
30779
-32156
27773
25965
-13686
6827
-12812
395
26424
16100
-22967
-32649
12291
-18901
12417
-3463
-28668
-26064
17490
16811
20333
-26221
13941
157
-22852
-14085
-7707
-29705
9619
-22840
31446
-4385
-29544
14110
12057
-5777
-15055
11689
2967
-10269
3497
11150
10435
10684
2511
-19721
-30043
-32394
-4702
-21704
3646
8579
15958
-8472
-13259
-19646
-21884
30344
-12758
30950
18634
9055
-14139
21538
24734
27725
8656
-32744
-577
-27556
-16069
11090
-20576
-16910
9053
-24847
4627
-18306
5012
30005
13635
27324
-17767
31424
20260
-17818
4779
-4896
19885
-32447
-26645
10699
-26642
22466
6839
11710
-11582
-15282
-26851
2021
4656
1230
-7410
16796
28364
-8958
-9870
11128
28650
32006
29566
-32304
-849
-16846
-28590
-4243
6649
14026
-1259
17745
-30913
16089
-22056
31237
-2981
1203
19654
-27965
-21491
-6034
11690
-20084
-23512
-3435
29049
-4960
-22980
870
-2011
-18789
-11184
7351
24069
24272
21497
25837
-15552
2301
-31734
22173
-24114
1094
31711
15943
-31980
18824
-22829
30189
-28842
31190
-1473
-5527
-4629
-5432
1110
18706
-21062
31005
3873
-14814
21782
9673
16863
12171
-12745
32606
20607
-10524
-27966
-1635
-22748
12509
19818
7999
-17510
-19742
-32050
-5379
-18373
28865
26529
-5126
-8964
-5425
21091
6243
12505
-2123
-27769
31047
15786
5069
-14185
-29654
-2437
7067
-23131
15135
25262
-25914
11095
-19384
-26540
18611
-12206
-2661
10883
-12602
15654
5161
-4445
8005
143
-28935
5903
-2574
22563
14197
7958
27649
6900
-9786
20125
4381
22297
-7441
27691
9500
20265
-29783
-12481
-26510
7882
-5801
-4059
-8123
16675
13584
-28297
4982
2390
-5268
-1924
9813
20340
3039
15094
-31759
14901
-5199
30908
-672
27213
-29697
-17017
-27000
11285
8435
-17720
23632
-10946
-19610
-11317
-1148
-29127
-28412
-18613
7782
-2521
-1925
-20095
-32025
-26485
32646
-13514
26967
-7345
10411
-21836
-26372
927
19378
-13466
20290
19019
12879
-18769
22171
-6804
11870
-5427
-13789
-25790
-11071
8102
-30876
8689
-1112
-50
23471
9913
27536
30983
-15279
24534
-8565
-4987
296
13208
-8305
-2743
-3931
-9036
30487
-5192
27448
31723
-23331
7386
14272
20849
-8566
-18778
12887
17759
14487
17788
30019
23865
13103
18993
-26888
25228
3247
-31192
-288
-25250
-7347
26683
-27903
24850
-27333
-29284
29345
23050
-15502
-9772
16404
-17337
-21427
20569
-11898
18596
-10197
-10663
-17457
-2200
-5789
14001
-5421
1062
-24810
-25202
70
-23977
-17163
16394
-8850
-5076
29237
-29702
30555
9666
-25484
-23040
-20855
29102
18878
-6755
-12573
-28283
31461
16353
-211
13915
10747
18874
-12893
-27373
-14890
23392
-14203
-2954
4233
5751
-21749
1541
-10067
25293
-887
24144
-20591
8266
-28250
-22502
17641
25206
-5392
-19138
4865
21151
-23642
-15044
-7837
-482
-27602
-11208
28283
-28337
18516
31023
9375
6585
22454
2722
31309
-17642
-17306
18601
2723
29923
-29101
8729
23129
11547
26395
9246
-12525
18958
-1349
-25638
-16452
1469
5936
-20067
26404
20012
23558
-1100
-11236
-8597
19228
22037
14450
-28367
2642
29352
9446
15944
-23087
-17612
-18619
8763
8508
28247
-18369
-26775
15753
-22313
-27726
14818
-19980
15414
13571
-22533
19783
8731
3124
-11229
-30716
-4667
15683
-8792
12504
-11569
-17892
-21722
6639
1603
-30937
-30057
-18253
2674
-6126
-29785
7284
242
-13742
-6035
1726
32411
-25619
25092
-11928
10296
-28459
-18001
-7060
1064
-19639
-31901
-30209
-27614
1338
32531
27346
-21833
-3246
27105
12292
-31221
-6224
-22026
5842
17798
-19373
18969
14230
30512
14946
-7276
19182
-31611
8923
-9010
4274
26747
-13269
8685
13493
-16800
19782
16703
13744
-5214
18760
-5390
-30654
7855
22167
19206
26334
-1424
-25367
-26901
-10613
-7039
5709
7149
25289
-14084
-23521
5509
-1415
-6437
32290
31641
-13886
-25584
20610
26149
-15842
27158
28142
3146
-22473
-28695
19193
-19122
-13444
28771
786
-32313
15939
10310
-7592
12680
10089
25497
10192
421
-15989
10306
-29593
-21299
-18799
-19299
24896
-31117
-31879
32288
2641
18678
-23926
-18634
-17575
-9048
27040
25958
-24770
3162
-327
-16230
-29452
25968
21830
-15728
-8840
26795
2170
-11380
32733
15236
-19933
20600
4034
-7755
18034
-16696
-4902
1478
-30022
-14400
-23203
-27928
-29780
-28840
-24208
4447
11771
-29209
-10048
4878
31744
-13696
2926
21767
17931
1898
-14958
25124
19723
10588
98
31161
-3446
-17529
24705
20925
15655
4967
-8359
-31128
-10643
-21493
2798
-10280
15850
22182
1517
-32283
-14387
-26559
-704
9699
-8089
201
-18483
-9657
19537
-30265
-17949
20064
-11368
16487
-8273
1932
-20769
-14454
15579
-9836
24341
10437
16903
-21663
-9698
32468
-12899
-6698
-26279
-17866
15169
-8180
-10890
-12528
4920
-584
-10546
13876
13142
16205
-14503
-24609
-28082
-29964
-17152
-8979
14035
5282
-21015
32289
-29077
-20681
12138
-4022
-183
-23451
1663
-31070
19262
2287
-28656
26001
13330
9681
-5823
-5819
19329
-30541
-29031
2092
-16472
-8358
-20888
3201
-32256
-10646
-12674
14906
-30754
-4867
-5319
-31004
31046
28801
28094
-28359
12716
-26268
-28010
-25674
-16546
2489
9463
12991
-8517
-26351
5296
1605
11602
-15671
-21546
-8791
-23318
32000
20360
-27236
-771
8220
-14274
18700
1342
19656
29023
19875
-1840
13842
17646
-14176
-12383
8355
-1380
-8686
13010
-20424
31453
-16791
12276
31289
-29729
5950
-4412
-16728
-1681
3165
18401
-1130
15882
-22698
-21664
-15305
-17508
-16304
23203
-10548
-30986
-3728
18364
14866
-9492
-25346
7982
12884
30122
-15185
12088
3148
12259
-9669
-15420
31478
19523
10058
-13527
16443
-19440
20644
-8535
1456
25528
23698
22647
13000
21689
-29819
18262
1812
1952
-1700
27958
-15315
23346
-8380
-2980
-10238
-12096
31247
-13651
7380
14703
2200
29785
-2992
-31213
12242
18986
-11886
-9802
-30376
17168
-25459
9921
30628
-21559
31563
4260
-22600
26901
31035
-15178
-14583
-16581
26163
12163
18597
2951
-23577
29026
10968
-26151
-7727
27845
-1413
-5572
-5449
26987
30887
5307
-10400
32030
30395
-16484
-12369
-24802
1418
-1034
-23688
-32575
25825
-32595
19891
-21112
32551
12665
-11413
8450
22875
22908
-27713
-13483
-8547
-20500
2781
-951
27082
24207
14210
-9426
23514
7387
-500
11422
21564
-26097
-10329
-10713
13988
-15266
2607
-9102
-24091
1743
-29040
-8068
15088
-25443
-13815
-19017
-6011
28510
-19761
6039
10072
-24886
-25433
2843
32321
-31453
-2931
-25503
10250
-14426
8248
-17687
-14507
-29460
-25894
-7075
-26972
-14131
-17110
13966
3238
30618
-3161
-6163
-8769
-11911
16227
23867
-30000
-11177
-10255
-19346
4849
-18055
-10419
13801
25718
6341
-128
9823
13599
11774
-32651
23858
2521
5194
31738
-10472
-14257
25359
24138
-20604
24202
25146
-7906
-2161
6119
16511
-29447
18761
-372
-29139
-8037
-13839
-22398
-7667
-23180
-4814
-7900
-16241
19224
3921
2176
26969
1841
22816
-24321
13502
26132
11123
-17807
5397
-14845
-32167
2719
18330
-6015
3688
27651
28103
-24515
18722
-10057
2293
30312
-10619
-19510
-9415
-30318
-26255
-28547
-30445
2960
12026
29069
7071
13513
680
8852
6204
-25031
-30012
-24351
32175
6985
-16651
-11123
-22795
11110
5357
25181
-25822
10775
6579
19499
19673
-18844
1167
-16557
-26706
-25846
-6553
15800
-1219
7790
15950
3492
16457
3596
32207
29734
33
21143
12096
17342
14999
14949
16543
-2362
14360
31517
-20978
-7432
8622
-4619
-26751
-7100
27657
31688
18796
-12833
-25223
-12531
12466
-3184
-18626
22571
-29711
-2673
-10717
103
31015
-27032
-5437
-20352
-25699
7873
14982
-10052
30623
-20132
23690
-3776
30013
12132
1278
-13339
724
-23620
-14907
26984
-25627
8139
19451
-13633
21874
-8771
30175
-2370
-30298
-2188
17401
24838
23301
-9112
17722
-16249
9232
32036
-1330
22688
26032
-1932
-29588
-26147
23024
-30635
-26438
14542
-2240
-25653
21352
25945
11675
-28054
-11451
-24450
31525
23139
16520
5538
-30822
7600
7548
-5605
10801
28355
18881
5530
32018
1166
-4770
-23230
27638
32571
3021
13714
-4021
14194
22653
-31587
12911
-11280
-2015
-27919
20057
-30163
27767
739
-11547
-12625
27139
7660
-17565
-1206
24860
-29849
-27477
-20641
-28093
-32022
28707
-25654
8977
-13556
30778
4800
-29615
-4188
7510
19691
9881
26443
-15268
-7472
-8001
-15309
-3743
5565
452
32342
23250
32236
8924
-2296
21835
22422
-7944
-21520
-8144
-15490
23993
22491
26705
19508
-399
12129
21257
872
9068
16409
-9045
3910
26892
-32261
24703
-32463
28689
-3123
20716
-25547
-16788
-28016
-18114
8874
28271
2666
18735
-7420
3520
-9271
6883
-27639
-19306
-22221
20627
10996
1684
-11143
30583
-40
15271
-19405
-8210
-6485
25294
-32596
5657
-8718
-389
4049
241
-14217
20408
11662
12992
-16182
5231
-9971
28210
9594
4637
28708
-10693
22352
-20890
-106
686
-4148
-9311
-25728
-1523
-5569
-24267
10495
6379
30165
-20724
-29621
-13575
5615
-18436
5248
-4350
-14123
-24301
22220
-29859
-2280
-12546
10632
1899
-14152
23673
13739
-6896
-2481
5360
-1196
-1391
-4431
-17894
14088
-26512
-17725
19136
-24198
31910
5566
29144
8013
-30216
30937
109
7409
-5329
-15695
-27863
23775
24549
-17186
21014
10794
-8198
26651
-27739
-6831
14561
2106
11031
1099
-22528
10595
4567
32296
1985
7939
-12563
18346
-6104
-2484
-17745
10914
-27724
3097
-11805
4871
3607
-3644
-16941
-26135
18922
8697
29132
-2654
-8022
21244
-22274
28755
-24189
27524
20243
10342
20951
-21354
24656
-21891
5139
12317
9218
8769
16341
-3818
21239
10952
-1969
29426
-16547
-15590
-12510
-14192
-28128
18523
3567
31176
-30668
1288
-26759
12246
29896
24116
-23808
1633
15048
-18122
8927
28336
-32245
-24915
-13706
16734
-1335
17662
17830
-1094
6826
14688
8695
18857
-31292
-32159
18574
-19362
-8642
-12112
8068
-22991
-5960
-16481
15747
31033
-2330
23182
4077
11947
-6611
-5439
27515
-783
-22392
-3969
-26609
-17404
-17887
-8363
1753
-27433
17688
25605
27794
-4614
30740
-2012
31209
9535
25525
-7720
26449
-578
22998
-22683
19704
-9120
21142
-24904
-7822
23439
23846
16841
7785
21182
32401
13535
23851
23609
10185
17679
-28663
22900
-7536
-21785
4242
18704
13248
-25831
-2963
-591
-6530
16889
8137
-11025
-3094
13531
3301
-26584
-1527
-5602
10496
-22648
11157
-10568
7727
-26945
-20484
18855
-22501
2064
12917
13478
27259
-15968
-15510
13694
-3892
-1907
-30234
11234
28537
22347
10722
-19287
-5272
14728
23896
-11927
28869
-18281
-30463
-12862
32376
20524
-18691
-2764
-28462
12851
19922
30499
29160
30366
781
-2475
2527
-29694
32587
4558
10280
-8047
-13442
-23275
4061
12814
-28032
-632
10538
-8176
-8193
-5579
20909
-31328
15552
-23267
20001
-84
-32235
16561
2664
4364
29270
-20541
-18047
10620
16619
-1327
-23636
-32730
51
-4856
12598
-3511
3450
22817
-30338
5113
-15162
-4009
-7305
41
-25613
17847
-9472
-29190
-15087
9401
28583
-3089
-10901
19203
10107
-1422
1383
1867
-16870
-14406
-29813
-21516
-24120
5893
8687
-22020
-14373
-13341
-29610
27319
-10820
-22497
-21922
-18154
16529
10027
5235
-23276
-23000
18398
-1088
327
-19786
30149
32188
-24285
-21056
31885
32742
19075
-28398
-31538
-11907
10534
20646
12948
-17000
-29494
29788
20565
-26444
-19240
28971
3420
20043
9204
-21200
20581
-30615
1069
-8444
3474
-18888
-8849
4186
-20842
19529
8832
24105
-14630
4787
7161
15316
20061
28711
8126
21110
22687
1616
-10828
10529
17897
-5059
9830
20649
-28805
-16156
-22965
-18197
24117
-8871
-14996
-4725
-21187
-21094
-32753
-16752
-26602
-31694
4573
5202
2644
-873
12234
-17719
-656
-19087
26094
4984
27307
-21463
-22132
5849
26363
-10721
2028
-8738
-9507
-27932
-1863
6058
-5951
1260
-9599
-18557
24736
29932
-22467
-15212
-14301
-13260
29522
-24745
1990
-17378
-22063
-5964
-16687
-1442
16337
-371
27194
23731
-24216
-18668
-11740
-16764
-626
5383
-16902
-29961
-23310
21494
2002
-999
27574
14852
-27324
11576
-1460
-28151
-16325
-25454
-30941
2204
31188
-10488
32583
-17090
13028
16428
23716
-5658
-28321
-20112
807
-5995
269
-23110
-6883
-6323
-29753
11579
-5775
-13598
19516
-10630
-5348
-11616
495
28009
-14137
18060
-25611
9835
23100
-16342
24247
3339
3612
8505
-3972
5404
-26807
-31974
-12438
6667
-11893
-11068
27670
-29956
10559
24227
22868
-30436
-4704
-21886
28626
17862
-30954
16327
-28982
-1931
16926
-32745
1118
-8095
-15802
15521
9964
-8624
-8749
-10278
8240
27038
-14549
-13173
-2774
-28505
19295
-27367
-7453
1891
23961
-23748
22128
18077
-10316
16408
-25697
-20145
-31061
2078
-28549
-24546
-11016
26340
-23005
-9332
-7617
-12054
21712
-18602
-2682
-29646
32034
-27158
31760
1835
25446
17510
-4765
-15760
-1597
2049
2457
31676
-12593
20504
8869
479
12771
28950
-13870
9851
25875
-13277
26773
-7515
-303
-24544
25252
4854
12648
26601
23372
-32287
22282
542
-19436
-4312
3047
17584
-14231
27889
-29977
9469
18135
7562
118
2848
-9953
10038
13671
28325
-28618
9309
-6802
3495
4810
-21791
-21410
-21589
13870
7995
20760
-32241
2715
-20118
10480
14686
-18185
386
18626
-28629
-21600
-15821
-12297
31037
31300
26609
-29537
31205
-26044
27989
-14926
-24834
1874
-1656
18561
-29724
4639
-22584
2962
25178
-27004
1347
19420
12557
-29864
-4471
-6334
-1662
-15645
-2861
-29781
-32437
960
7139
12744
-22034
-589
7033
32008
23198
18286
24107
-31242
12930
29181
26364
19332
-7372
-28037
-3890
-29543
27633
26919
4098
-3496
-31882
-3915
6154
30400
4053
-13340
-28104
-555
-13877
-5127
8736
-16617
-18862
8768
22528
-30826
26429
-32033
26360
-24375
-28473
24582
-32350
13318
-18610
-28411
9793
4843
-21593
29880
-27686
7275
-986
13402
-6030
4476
23840
-6852
-1575
-15021
24108
3863
-6423
-19281
-26087
-119
-6566
16382
-1692
-19597
-21444
19726
-26748
13830
16512
-23841
15385
27410
-16530
8089
15596
7141
-26323
-10013
17360
-8506
-21183
-6167
-27012
-13003
6906
-26422
14636
-11738
10220
29392
27563
27377
24028
-10248
-30569
-11454
-11166
30652
27084
-20248
-9119
16498
-1275
6257
-11215
-26786
-23337
23200
-28544
-17388
25313
18016
-19060
27905
2386
-21718
20190
-9072
16727
-9759
13993
29030
-28553
-5293
2240
-5831
-11090
8085
-24789
26293
10183
-15820
-16522
-26108
18033
-13860
-4159
-14062
-22793
21028
24579
-194
-10039
8016
2685
-17063
30129
10492
-20200
28243
29677
27080
-28530
17314
-24719
9892
-23816
-26623
-16804
-28613
28026
-11254
20275
-1126
29226
14348
-24444
17717
4671
-29178
-5496
8798
17770
28084
30700
-25718
-31473
-1720
-18553
10899
-8906
28967
29340
3598
-13944
4918
-4102
19759
6086
-19550
-14017
-18959
7405
31016
-1461
17795
-14834
11760
-5893
-9186
-3108
4968
-497
-10079
-24657
-7655
-9851
16659
18767
-19434
9081
18039
15488
-20295
25840
-31269
12861
-28729
-13369
22480
-32581
12888
-31149
2510
12984
-21793
3809
-32676
-4142
-14519
26407
-27709
20199
-8016
28530
-1331
-24711
1218
3038
-5198
6966
-26818
18139
21481
-13657
-3715
9108
-12484
-112
-24269
-16453
-22470
-1165
-31533
-27616
14445
-7715
26876
136
10868
-14417
30459
-24584
-29501
12722
7832
1036
-13890
-27108
11937
-7046
-31820
-4679
-8172
17746
-21261
-9876
-26478
7525
5703
-18269
25583
2787
-20021
19299
-1021
24574
-20371
-28799
-31551
-7825
-25626
-20272
12063
10334
-21637
-5911
30029
-29062
-12055
-2425
25145
-17171
7698
-960
-10140
3438
-20033
-6651
-752
19177
25967
16729
15347
29239
2286
-2738
13096
-30959
29713
-27902
-86
26125
-7858
8155
29613
1548
14089
-17757
-5986
10228
-22257
8954
15927
15903
-26260
-21204
19386
2956
-30810
11750
-18710
-10681
-1887
-6685
-29117
-18076
-27949
11533
32638
11391
2216
18114
4705
6953
14503
21700
20024
-27571
-19774
-30107
-5038
-13373
-29262
29970
-8834
20727
29931
3539
-22145
15772
-3842
15625
-28924
-20519
-28652
5680
31835
10052
16506
-29446
-2902
27370
24230
-5244
4996
-29119
-7454
31100
25518
27097
19372
-10541
15681
10515
16384
-32465
11148
18477
13533
-24209
8741
-11564
29248
17752
-31264
-22191
32282
-5873
23992
-43
12174
2713
-31318
-19805
8360
1438
13556
2954
16510
-28853
-21407
-19278
-21016
-6739
6382
14849
13945
-31887
26807
-15131
-21990
13137
-17083
20074
23732
11289
-16417
-20417
-6196
-22198
-23218
31674
12285
12776
-22420
21216
1834
-18948
20054
13774
-13160
2166
-1689
-7990
-28077
2252
-491
-31191
-25109
-1983
6516
7428
-17256
23159
-348
-26155
17945
-6177
16103
-9366
-10957
-14043
9423
-5987
-26339
1060
-11148
-29642
30905
-8794
4276
15258
3487
-15304
-18571
13851
5674
-23878
11516
-8313
8992
-18660
7789
22342
12972
-29628
-28677
-4054
13752
28400
-7438
4238
31275
25459
-30813
-32094
31256
-28233
2892
32444
32489
-4163
29425
-25119
-23249
-1009
18570
31153
31304
-6980
-19443
-14065
27963
-20246
-23141
-20489
9726
16599
32273
21149
8113
9907
5218
24659
-110
7154
-30529
-4669
-7321
-6656
-21588
-10097
28092
-29545
8251
8553
-10016
2095
-32032
-9439
14433
4249
-2319
3102
10007
30363
7174
32058
-10365
564
-13710
10068
25730
-4687
21453
31060
-12354
-24036
26244
27108
-2237
-8945
15506
26611
-17750
27893
32381
10548
23124
27509
14576
11108
22651
-30520
-29928
-28182
28434
28101
7260
29131
-6373
30478
-4655
6248
635
27986
5770
21927
-16265
-7263
267
-9874
-11286
-20553
-16753
-2762
-29108
-27021
15145
-9601
21847
-26053
21297
32399
-31833
12409
18017
-20182
22854
19616
9216
-5554
8024
2103
-8803
-28875
-6780
-18060
9568
13281
12410
-6324
-8411
23971
-22571
-18121
14725
-16180
30872
-11946
-13124
21200
-16982
-12060
8235
-24838
-10010
-28591
-16994
-9329
-11104
20923
-31772
30600
-6557
-30296
23380
2645
11840
-6189
-31599
4715
-27845
-18941
-1443
-10902
-14303
-21147
-16460
17796
22321
-6897
-22358
15110
22966
7347
6348
-18936
8506
13662
2224
-11662
21651
-14627
18278
-28394
28550
6713
31106
27198
25744
7312
-3964
19396
-2452
-31649
-582
-30792
-25296
-1560
-11419
-7382
22987
-27882
-11284
-17611
27320
26957
16041
23147
-14469
-24166
5781
-1521
20537
28037
8409
16377
16159
-18258
5219
-32732
2151
24954
13637
21306
6053
32044
-3891
-27765
-17233
15775
-16392
-16691
24389
20106
-21058
14560
-6826
10113
4672
29452
-28291
14536
-400
-17484
-13986
-12228
-30563
31407
15238
-12614
-23906
25150
-30471
10307
28166
-7051
-15725
-30468
-31622
28341
-4730
-10506
-23173
-496
-29707
-31198
1139
-2969
22447
-14014
24430
6298
1858
-8420
-25312
12038
4428
3754
-22492
26370
-1916
375
11934
18362
-30568
-4168
-28313
-2480
-13947
19119
-3795
-7502
32532
-6837
28883
14660
20091
224
-31298
-22923
12635
-12141
11741
9797
23753
-24008
6200
4139
-4645
22118
15199
-14565
31199
-14465
6489
-25520
10769
-19448
-16880
28586
27596
-2647
-2514
-163
-29215
5798
2885
30795
-18637
25468
22546
30226
28288
11465
-23399
6656
20836
-31858
-13613
3983
14453
11146
32540
9760
18026
-229
28525
14502
-3579
20366
-15492
31419
22831
16937
-10745
11325
-2307
-18342
-18669
10017
-15243
19275
1047
-8041
8922
-20582
-9764
16566
-24119
-28089
-14221
-19692
2401
-22622
13676
17074
17568
-25081
24589
30299
-7220
-29499
13724
20130
-5438
-4598
-29714
-31818
25072
-11865
-10380
31626
21415
-2434
-32646
18328
-25136
-22412
-13987
-4193
31248
30989
6272
-13028
-7930
-1841
25004
19139
-22595
18228
28524
-19825
-30905
20669
-16300
10190
30926
-5250
-9979
29647
-27392
-10744
-29032
29330
24439
-13617
-25099
-19642
19570
15018
27061
-30048
-25925
-5876
-22047
31597
3892
24220
-25033
-7082
-20661
-962
24256
-3593
2915
16000
19563
7249
-15287
21919
-18688
18484
914
30717
-1509
-13061
30234
22755
11160
22348
15310
29740
6893
-16511
24122
12967
24233
-8839
-31308
1552
11491
-2858
9193
-20820
18905
26574
31817
-10921
-28457
-29777
-25297
32024
6612
-32757
2436
-26002
-23753
18147
-28850
8078
-20269
-6088
27042
-22158
25002
16210
-16150
-26358
26049
-29366
-535
26093
14823
-6931
29318
-4660
17219
15743
27312
14238
1084
17598
26637
-5961
-2340
-15160
26082
-9528
-10673
-13787
22435
9994
-6242
-24965
-7603
19810
-31108
15889
-24026
20972
6410
28686
-22633
-18893
31251
-25316
-993
-30727
24799
28055
4127
31024
23495
-23764
-4682
30695
28471
19603
-16681
-12892
20726
-18729
-16745
-12723
19258
21469
-17452
6785
-13312
17018
28296
28505
-28162
30809
10148
406
3704
-13689
-14442
-12919
-22944
-251
-2361
9124
922
12894
24407
-10423
14734
-8049
4961
-26095
-12684
29735
18785
13390
15647
-3897
22408
-9023
25392
5728
-10070
10999
22190
4211
28806
-25290
16920
-28284
-2692
-16343
11691
30681
-25502
5957
-31829
-32758
-8308
4460
-32197
29199
3974
-21286
-8762
-12405
-13281
-15647
32461
-25878
9905
726
15355
-7507
16943
24516
-20529
-9262
26842
13440
-22603
-24002
31643
9545
-29194
-27625
7419
24089
-12245
-18407
19715
-20187
13721
15968
3737
-17451
-17176
15566
-10063
-19044
-31589
-9324
23012
6615
-27242
-31071
11425
21531
-28528
20048
-18547
29323
-8105
15084
-17605
14504
25188
32556
-8932
2539
-24530
-22887
-1080
-16186
3476
-15584
25190
-3855
838
21903
19369
25823
-17676
19133
-25422
-29975
-14312
-22106
18117
226
-7509
5814
24946
16657
9860
-6116
2971
1951
8029
28208
11324
7834
-26951
11264
32552
-32075
25582
701
-2146
-9996
-16940
5947
8574
14631
-12359
-1121
-12714
-30126
-9755
-5431
-31519
10805
19419
-22555
18300
-14483
-20245
25142
-26866
-1273
-11047
31964
11141
16819
-31168
-14055
-7086
20758
-27640
-2662
-20757
-24697
1122
-16905
26579
4840
28156
-7215
14073
-2952
-6146
28675
10692
16855
-4439
-4857
21871
-11757
-5078
5853
-11034
-8936
-11395
-6588
-10823
-5479
-13825
5226
9056
-29199
25372
14589
1034
-22849
-24912
22628
27523
3458
18
658
-29300
-28210
7095
3150
6222
-7455
-22624
12594
-2298
-14105
12130
-4448
-3752
18627
-2941
11933
584
-932
-17271
-30420
-10771
4265
152
-10243
-29345
-13612
-2951
-30806
-30912
-8965
-3851
-16
-16669
29174
12438
-11125
-22105
-18502
-7315
6756
-18314
-10590
27062
-26738
7362
-27633
26629
27516
7580
5927
-14156
-31034
-8651
-13604
28365
-17901
21569
21845
29867
-2581
7619
6611
-32110
-17839
8940
1305
8275
-21221
20641
956
13350
-23702
13165
-22446
-25252
-27585
-24660
-11479
-234
9575
-4218
9464
-4384
-13331
8071
-1495
-18523
-10932
-16837
-10383
-12822
-8251
10121
478
-16536
27954
-21472
-28646
28602
14136
-14446
-32710
30371
14241
1700
-13468
-12548
-28977
-19347
23994
11518
28258
16577
-18775
26725
-6240
7242
-10730
-28757
27833
-31897
-31789
-20282
6326
-20704
-32335
-4997
17251
-23758
-4548
7505
28512
24992
23488
-30783
25994
-9470
16164
32417
4000
4055
-1136
6780
4794
12684
-17914
31127
-19524
-13370
11131
-929
-5220
-14462
-15668
-12876
24732
-2638
-27148
20651
-32017
26727
24466
-27187
6079
21176
-21110
30576
11852
-9017
12501
-23351
-24693
-29205
30198
-12477
15023
-9559
-21555
22743
-5454
32385
26263
14264
-2464
4303
7279
-28978
23375
3630
-30466
-27129
-25746
-556
22732
-20779
-17369
-18081
-31719
-2611
25821
-5931
-3434
29640
-16630
-29400
13193
-27593
21373
-3736
-1820
-28960
-3118
10921
-28521
-14279
-27173
20316
-16949
14183
19124
8679
-15547
16624
24829
29779
32136
-984
-6907
14363
-3787
-28852
27093
-7126
14581
-17234
-7079
685
-9078
30554
21462
22036
-29260
26308
-24184
-13245
-15182
29955
12146
7541
5341
10216
-5934
18461
-3137
-10224
-15107
1233
-1157
16760
9039
-16341
29942
5958
497
-31501
14248
-25857
2254
-22659
20916
-20559
13542
20997
27639
7207
23156
-28469
10097
18685
-15990
-27661
-3317
-27040
32169
-28887
21045
-1912
25612
23718
-24892
-941
14496
11364
13278
19097
-5788
-13800
-29925
22535
-8921
29346
13150
12332
4002
311
17910
-2987
-5793
-22059
5868
20647
-25800
-10168
32398
-28725
-7325
12934
177
-25971
14332
24795
17273
26792
6781
25602
15247
-5315
16249
-25387
8863
4566
14480
-28138
32219
20373
15396
32439
-13430
-20443
-17371
-3436
-13866
294
12746
-15779
22004
23378
-24306
-26070
-30962
17227
-5666
-11118
303
15464
-14518
-20967
-7932
21107
-20958
-16139
20671
18544
-20794
-3316
-22688
10598
-28253
1459
-2030
-605
-16884
6696
12167
-19479
24982
6602
25849
24185
23589
28113
17761
-22119
18689
-30392
31655
26418
23039
12731
-27630
8833
20210
-27001
7052
31361
-27667
23880
-2136
-10413
-10584
-20168
-13095
9653
4652
-6184
-31463
-1740
11493
-4946
5537
5959
-15984
-12808
31531
-479
-22243
-31340
-7897
-27503
30729
9737
-29386
19833
1157
14140
13216
-12513
3001
27444
11247
-4048
-2977
17615
30406
2426
16861
-31333
-11571
28915
23035
-15827
22354
8035
-4320
-29396
-17867
-14733
7575
2650
12693
-12471
-30114
-6377
17157
-13295
-6697
7311
24522
19573
17190
-5623
-6995
3075
11989
9814
-6512
30191
-17467
32196
-9206
947
-12701
28091
20797
-32620
6919
2972
-15011
28252
-22727
25387
17159
-2921
17903
-14606
-27983
20891
7894
-23889
17122
5793
-3557
-18991
-13645
4752
26908
-3364
