10000
-16897
-31612
8035
23088
10456
25169
14903
-28059
-4926
-4815
8928
-27563
7392
-30489
-3487
27559
24627
3639
-2744
24823
21739
-16020
-27893
13739
16004
14465
-16416
29939
10941
26800
-20364
-1445
23
31417
15501
-29883
7258
-27544
9467
20434
785
-11309
-22964
4012
-7177
-21435
-9495
-4782
-470
-25194
-8585
-10082
-24654
-5062
8180
-9974
-25356
16701
7747
-8124
-13295
-21668
-19943
4009
-2456
19123
10837
-11990
-17903
-17796
8070
-18945
-9374
12056
-16501
11533
31125
27602
3493
7549
32644
-7418
-19353
25853
13924
-29499
26969
-27610
20975
-4390
-30452
25477
-14371
32173
-11256
276
-4035
9896
32252
18369
24278
29524
-18198
-25449
-14630
26319
31845
-4878
-32450
21149
-29833
-9045
-10876
6438
-15910
-30985
-12396
53
1637
11158
-27756
4987
-3955
-12175
-8346
5898
14080
-4392
-984
-2523
3264
-16060
-24655
-14408
30957
25417
16872
24210
-29380
-20719
-13522
23388
18180
31605
5119
29230
-28274
708
26534
-7668
-29783
-19818
-21443
29564
27904
-13080
-5778
-5115
31805
-14116
5912
-12169
27619
-21256
922
-6048
-21066
20705
-36
-24993
18640
-13809
25860
-6480
-12884
15646
-3404
851
4540
-24944
-13651
28598
-28783
-30870
26932
7274
21724
23906
-845
-10177
18673
-10825
-15042
4851
28836
996
16888
21661
12398
29554
-29978
-31549
-25547
20819
6296
-24503
-9147
16270
-10147
-26579
7492
13388
12978
-22717
-30702
5211
19967
14723
19525
-23980
4107
-17819
10843
25046
8214
-28506
-12356
4240
21672
-29310
12439
21050
25099
30373
26868
29269
6350
16851
-18552
6663
-13380
-31472
17995
23193
14595
-31816
-18451
18424
25445
-13833
-6269
-9015
9738
8393
-28091
5386
14420
16381
-1
30797
13546
13443
12295
13435
18486
-24345
-15755
-10296
-28391
4835
-3532
9160
-17519
-22505
-527
-29589
-24966
15767
-24094
31405
-19109
-15676
-16068
23873
28300
11403
8274
15144
-13501
-16413
29981
-31322
7166
-7660
19454
8565
26843
32729
1744
16955
-25634
26152
-8438
-29713
-10597
-23039
-1490
24194
1403
-16362
30543
-21434
-25856
-14938
1112
31500
-21200
-7201
3935
2925
1680
27384
-25815
-5622
-805
29178
25018
24678
17723
25638
10756
20382
-447
-3808
-28469
-25123
29797
-7281
18131
-15007
-15907
-26242
-4326
-14944
21428
-22693
-28283
11223
-31766
25292
18466
32027
-24333
-31696
-25711
2660
9118
-13292
-3709
30864
7828
22335
-19558
-8097
-4350
-8269
-9676
-1341
-30383
31358
-31315
26412
25789
21662
-26660
-21982
-30723
-860
-17004
-24291
21407
13259
-6107
18289
12148
28132
18726
-22241
-30377
9986
-12165
-12594
30248
25700
21302
16773
-6944
-28078
-12792
13471
16772
-3945
-5521
-874
-4745
28030
31304
-3444
-29484
-26047
1387
-17262
-682
-607
-3019
25007
-10502
31860
10299
-15023
13702
20092
-25109
-4492
3382
22229
-25524
-1160
-26980
2628
-16635
1929
-9762
13935
19917
28312
8392
21603
1170
-2146
9839
-27407
31929
18618
-29303
-454
-28977
789
15618
-8897
22254
13581
22902
874
-24799
25855
-14803
25377
30700
-1290
18765
16404
-21820
-13771
-2770
6215
-18422
-10425
-27788
-1091
11753
13069
-16010
11669
-7686
19526
-9538
21837
-8932
-7336
7178
-27263
1339
7096
-1950
12486
9833
-16065
22685
-30396
-27377
-14163
-15883
-23683
13558
-16831
26577
-10815
-28356
-924
-22841
13978
-9544
31300
19314
-23871
12947
31064
8210
1375
-30811
-14648
25487
-14383
10873
30092
-24517
-18279
10604
-7102
-15987
965
27861
2429
-15294
904
32249
-23356
-26796
30966
579
19121
32170
6359
21951
-7510
15623
-4343
-13727
8940
25974
-3751
31418
17395
-13456
-21821
-25608
8242
31056
25744
-28968
-15669
13973
-12157
-19674
17610
-21924
25188
-18309
-21380
26787
14763
-25010
-22328
-32031
-26682
-26254
-32131
32391
3582
5740
12866
-10415
-15974
-24897
11799
-2638
-5865
-12583
5355
6016
25982
-17627
9319
-19524
-24354
-6719
-29305
24319
-26198
-26840
15318
759
24990
11345
-17010
15065
8708
-16118
-15369
15156
-22930
-1082
20634
23804
-8667
-9009
10471
-8200
-4723
20758
3318
15763
-26483
-11207
4754
19135
14326
9284
23499
-27406
-15518
-31028
25970
-4839
9744
-16736
26014
23063
-883
-1590
-14890
24141
-14581
28231
26420
13725
1607
30665
-9632
28926
7452
-17174
403
11980
-18350
27947
-2296
-15686
-7992
31274
2559
19729
-21117
20440
24984
-13235
31808
16416
23036
15897
2505
-9102
-6437
-4882
12647
981
8017
-9682
-30952
-22089
-21891
14448
-19491
-18022
11266
28264
-9071
-4167
18648
28441
14889
27439
-18005
-6216
21809
1028
-393
-16540
-6510
-1999
-30925
-2592
29254
-15934
14906
17604
2086
-13346
25136
-24795
18176
-30194
-10705
-29086
-29896
23109
-1412
-16296
22518
23644
-21363
27513
-28167
-1686
6669
-8180
12796
-27897
-22148
21728
-29402
14256
23376
8554
14888
-15751
-16042
7841
17012
11889
-22802
-23033
-32206
-19970
21449
-22473
-11339
15862
18264
9677
644
-22696
27144
32165
24596
-7068
-20071
30548
-5662
8694
12745
19393
-15812
12032
23237
10041
-7857
-18600
1972
-3051
-9616
25087
27957
17515
-27283
5563
17580
-26160
18413
28854
-27326
25622
-88
-19565
-3542
12509
-30095
14722
27812
-29096
28373
31291
-9369
-16510
28525
-3328
-4204
32461
-7456
-18145
-13976
-14306
-14010
-32270
-18395
4978
6797
-17500
-11704
22548
-23789
-12743
10486
-32196
28338
16107
32
20577
21433
15875
8752
26979
-3336
-50
3672
15636
12529
21893
19300
29365
24434
11414
3524
15155
-29149
21059
-31308
-23294
4390
-47
-10419
16523
-104
31553
-13845
-10962
-30560
-16931
-26482
24529
-3312
19396
-23597
-29447
-12702
21974
20622
-7161
-14866
17233
28736
7345
31132
-2799
-14547
-14394
-27820
13741
27707
14629
29528
-27984
4943
2055
7129
6878
4171
20985
32014
-5409
16719
-16150
8439
-24359
13022
-14593
-32571
30405
-25184
16733
1956
-13071
-4256
22610
13025
-9294
-29455
23995
-23386
7294
-578
-8753
26204
-4903
-2210
-858
269
-20389
-16742
5940
31321
-26936
-22219
-31455
365
-31107
-10385
-19746
29757
24334
-8830
-14565
-15871
4036
-8922
4024
17838
28914
29771
27785
-32341
17302
5364
7313
-25467
-22427
-30252
26382
-30564
5721
19730
-13067
10861
-19501
27111
31701
17244
28408
12944
-8064
-8664
29854
11543
15714
-4332
-14729
6698
-9366
-10633
30500
-8091
21114
17665
-19040
-734
305
32652
-18994
29582
-17954
19142
-11794
-26088
-16503
4143
1150
-32079
22431
25514
31093
-1734
-2509
17919
-11517
-889
-19063
30553
-6557
-17205
-28887
-22984
2787
3819
-13933
-25537
9184
25393
17787
-8857
30119
15040
22408
-19725
26871
25566
26045
9469
1111
24076
-28076
-30024
-24837
1124
9922
217
-6988
-15998
26186
-12824
-2995
30580
-29041
-12667
-419
3541
7510
27948
23215
-18402
12091
19203
-5248
16760
-23256
7550
7807
13911
4842
-3647
-6234
13474
20402
-6284
-8325
24417
-25972
5070
12983
-16639
-27385
-19987
5737
11725
-12302
13964
-23898
13949
-17411
6159
29198
10919
3117
-25494
-13898
-11080
-27236
-2749
12698
19773
-29573
27208
-20427
-19405
13809
17564
-12145
19228
-4109
-19521
-98
10937
-5824
15974
29241
-26641
3064
-3421
13013
4345
25894
-6938
31959
17961
25021
-952
13863
-19899
-12726
30709
7791
-13744
-11279
10161
3486
1643
-5447
-15475
16999
1332
-30180
25572
-16576
1719
-238
27218
-16484
20866
-2673
25902
11089
4234
3583
-28046
11338
-21927
17707
27308
19798
-11283
19983
27749
9791
15087
25031
-5563
-6932
-30654
6899
5971
-26856
-19514
-14839
19728
-30777
-26306
-30998
25129
21855
-28856
-11583
-12303
26735
-3022
18090
-29095
21601
-3000
-6063
29975
2447
-7342
-12109
19017
31213
-17316
-364
29445
-13366
-11387
31090
4472
-2125
28091
16018
-25215
17788
20978
30920
-7912
17421
-5329
-27216
-3048
-27603
7598
-32303
32151
19106
-18947
-26282
26991
15059
-18413
19405
2257
6593
-174
2533
-2945
3663
-4907
-7
23077
24415
-24175
-28295
-26825
23132
7206
-25985
6494
18865
2851
-17235
11830
31567
10714
17185
19594
-22316
231
-6992
-3828
-1470
-32133
11275
10229
-9860
23576
-15810
-5232
5758
-8868
-20390
24109
18095
11091
30254
28248
-8866
-16115
-18836
-28672
1763
-16245
25689
-17048
-18305
-25199
-29117
31864
18067
31643
19528
-32093
-6832
-22358
-11332
4325
-17781
9506
26176
8468
31235
-29221
14735
-30930
29566
13223
11975
5739
23439
-24984
-1602
3598
16611
-8455
-13984
31822
-7594
-32428
-31555
2211
-28185
14687
-29394
-30698
22248
-7327
-19895
20193
-23508
-27405
-3233
-1196
9758
-22766
-20226
17748
-23307
-5804
-12690
-17474
610
-27477
15562
-7880
-31985
24346
25450
20120
-2824
-30161
4340
25340
-31092
-18478
475
-22438
-21664
-20900
11562
3810
32023
31268
-21113
18448
28223
24896
-7921
-12950
13217
22479
6942
-21595
20076
3438
78
26861
-21494
27831
-23773
-32543
-9231
-25262
-31358
-15129
17821
24177
-31274
-18074
14667
-14078
17373
27266
-14345
23994
-19736
2392
392
-8427
28511
-10694
15039
-32317
20155
4376
23657
-1345
-20536
28096
-12676
18921
-8296
-4564
-26068
-26382
-18911
15758
9310
4331
23477
-31180
17901
14239
-8199
-654
3984
14766
25206
16762
282
9857
-18086
22619
-13217
4321
-11969
15262
18432
-29056
12785
-23763
25941
6512
8938
-25906
18307
13482
9821
-20
23985
23689
22918
13686
-30921
-14924
-2207
21625
2554
-14744
-30059
-28132
28983
19187
11692
-24225
-23477
29101
27196
12913
32107
-25959
-6312
-20108
29089
-28792
31325
1731
9530
-16874
-10966
17547
4317
216
4895
2630
-8934
-28806
28853
13109
-9687
8989
27009
-22960
7126
-3132
4534
-21695
17458
-31996
-5187
32718
30395
7291
22991
-27367
-28576
-22679
7093
591
-1294
-3122
-24314
9010
-5680
13003
21530
8945
-19572
12871
2326
16529
-10254
-7532
16370
-12093
-24181
-1639
21815
-12481
18658
24903
13938
-16399
25300
-30335
26803
19390
22671
25960
-7951
134
9624
14013
-24862
-9157
17210
-32541
16765
-32253
-26373
-4493
9293
-21844
20809
-16883
-5555
-30739
-11168
-14236
-12374
22311
-30561
-20407
5092
12451
3118
4055
27533
19005
9831
-10357
-1158
15308
-1460
1900
29832
-18896
-7039
31355
20558
20458
18807
29211
-15199
12303
29270
20530
5529
-3325
-2197
-25435
-7847
10683
2771
-7524
-30648
23049
23491
28574
-23972
-2666
23806
24924
-29539
-24226
-383
-13944
7315
24638
28710
-9678
-26615
15628
13877
8127
2546
5535
-2518
9390
-26384
-23500
-7314
11142
11902
16688
-32219
6195
1165
-13735
3460
16933
15667
30166
-32324
-2768
-9866
10659
-26679
1070
25423
-4792
-27484
-10044
-21860
-25112
6776
6222
-4921
-9137
-2154
2999
-12622
-22228
1560
28142
24318
21520
-2448
-1634
-18504
6233
28770
24619
-6637
18310
-5667
5249
8182
16083
31467
9538
-29739
-14175
31192
26481
15517
-30895
3977
32178
31261
6953
-25295
26306
23194
12368
1077
-25703
30897
14011
27768
31530
12162
-18325
-32203
26607
-13316
22675
-15496
15067
-18579
30702
-10670
1497
-24430
738
11614
6936
-19770
27695
-4446
-23435
-2941
4763
2966
5480
2852
-10094
-22678
29354
-5886
9460
26125
-30607
17983
-21759
3411
-4378
-32510
-26466
-24032
-13202
-2231
-6263
30675
-2305
11978
26522
30316
-12214
-29433
23980
-27282
2244
20462
-25489
-25934
5761
2995
-10418
4686
27399
6712
6524
-25187
9910
4049
-26079
17923
1712
9141
6095
30664
17024
14790
-22255
-32484
12465
-3393
-20954
951
-15661
-20799
24719
4871
-955
-6341
3894
844
-16262
-12636
6303
28351
-11678
6545
4281
12768
32630
1909
-7964
-31216
-23911
-32539
18816
25464
31020
31004
20036
10432
-12389
-6422
-3816
24665
-16149
29736
-2707
19348
-547
-26488
26767
13577
-18908
-32429
4807
24337
15472
27253
24656
587
18544
1793
-20445
-23579
-10071
-29316
21065
-19750
28670
13240
9489
2007
-28761
15575
20190
-19441
-13223
-16352
17324
-26217
-17640
-4247
17656
3576
-3556
26633
-23869
29166
-4456
-102
-16697
-24063
-29124
20358
24175
15554
-1868
-20834
-31142
-10803
1754
-25238
23912
5682
14410
-10982
-6277
-30465
-15613
6070
19597
3018
26199
26256
3161
-12055
-7234
-16290
-19075
14680
21416
-24637
22505
29537
-5372
-21848
-29230
6377
4786
-17930
25145
20419
19988
10932
-21194
22058
-26709
18062
4998
32105
26963
-30585
-3464
-16645
-2489
9325
-4219
-9989
-212
18467
-15855
13943
-12052
28571
-31704
-32235
-22673
18583
30477
-10743
28548
16414
-13770
-11185
28361
12538
-14895
-28472
17508
-8761
13503
8747
19449
5552
-18146
-2608
22866
-26227
21859
-27503
21213
-14174
-27378
32532
23596
29072
-10915
31185
4211
-21227
21101
-8793
3221
-19884
30694
-3063
29049
-22432
-26804
-20052
-13511
11756
6276
5863
-14448
-21272
-14106
-29852
24847
26303
-7423
-14707
27553
-12991
5827
1799
29442
-5612
-29757
-17000
-7655
-222
-13811
-20897
-11486
11636
30302
-26590
18295
-3506
-24925
12539
-3434
32002
15062
-3414
22208
22069
-1658
12195
11069
5817
-19995
6464
2102
8062
15152
-2128
11746
-19321
24913
-5690
-12765
5667
6332
8615
20983
-26835
25481
13603
-28407
668
4377
-20776
-19264
-25778
6580
-14098
30348
15148
21765
-12353
12659
-20859
23934
-9158
-23690
21986
25719
26294
22155
1512
-17580
25258
-22227
-23767
-9405
19518
22500
21054
10669
27027
4579
-10351
14692
26828
-1306
-19201
-19757
18068
5239
15696
-21561
17559
-12300
-6393
-9754
-28677
-3981
7262
1352
14354
31957
-18728
-12703
-5240
-11874
-4800
2783
15347
-12756
-7380
17195
-27332
26226
2520
-8587
-14639
1957
-22915
21611
509
18298
-22350
-21529
22779
31012
-6392
-21834
4473
-3333
-19349
-21708
-4976
-6458
31735
18636
9897
-18723
8014
18007
17893
-3213
5342
-8140
-6025
1548
9423
-30608
-12832
-26998
21164
-9869
-14038
-27238
-16357
12974
-31741
15034
7759
18316
-12959
4644
-6555
26354
23783
-1769
320
-27976
20648
9046
-10920
-29188
30186
31849
-11850
24174
6447
9163
-5148
11058
12674
-18889
-6105
17118
26583
10111
-29799
18693
31496
-29137
-30117
1370
20118
1238
-30162
-22112
31832
40
-6503
-16486
-28127
6750
-11345
-21458
-10666
-21325
-15334
12980
-316
-24606
10133
-16613
18499
2814
-11248
-18565
-2772
-14748
-7468
2166
4071
-943
-12706
21215
27606
-22894
23632
-15274
-8930
14870
-14169
-22277
-23470
31336
32385
-2021
-8642
-6953
6578
24190
14346
12192
-14201
-1740
-31572
-21531
-30602
18190
21718
13418
-9528
3654
15525
8802
-510
-4794
19519
-15451
8185
118
24834
9139
-19562
-14279
20146
-17225
2617
7105
-8695
9731
-7277
28859
-29404
-23880
-8374
19150
-18258
30598
-14819
1451
-1710
-19052
29824
-30496
-14003
16105
-15784
-23115
29711
26777
-19452
1453
-8765
26588
-27628
-25152
9913
8360
17800
26907
25434
-681
5363
19082
-11817
-22396
-31360
-8766
-16806
4245
15784
1033
27748
31383
10150
3304
6460
7624
15730
24445
-23589
-23286
22767
-15538
-20821
27458
-26586
26549
6577
19894
-28042
16782
-2059
-23607
4639
5906
8776
-8152
-20534
-10451
9880
2382
26418
-16970
21808
15218
-31162
-19537
-5832
26051
-15416
28585
-13086
12001
13147
-18294
-6001
12051
661
9150
11526
-31426
19102
23533
-16294
15612
-6127
12628
29726
25075
-24904
-16805
-20159
20859
5675
-2425
18908
-14735
-15710
30411
9069
2938
-20467
14580
-4042
-18474
-2413
16923
21731
22617
18879
29475
1873
19048
-5146
-8409
4482
13635
22478
-24092
3660
860
5072
27278
-19300
2342
-8508
20757
-23528
11163
3533
-5724
-15062
-5815
1639
-30547
32147
1018
20878
-14251
5733
4330
23020
91
9976
9615
-18639
-19998
25309
27382
12457
-28658
-519
20911
18318
5531
17228
10318
12729
28190
32490
-16877
23559
-22086
-18687
-11433
-26234
5922
9232
30752
-7864
-13445
-17283
3066
-2698
-19333
-24100
3677
-605
253
4260
23159
-23492
-11
-20502
-1784
9204
-2194
-27760
31893
-27206
3513
-8976
-7302
-6841
25706
-16692
-30473
26734
468
22145
4573
18474
-18921
30589
16071
-31447
-28129
-4117
-529
-10243
-23222
17943
-2310
-2144
-14246
27577
-12408
8258
-29876
6970
-2596
-26918
-19354
-20771
-520
28342
-6935
-23426
-168
-10278
-32368
25892
18712
-3475
-24211
2581
-16560
-24585
-15851
-24834
-15497
28279
15332
9660
-3
2096
7021
29625
-19263
-32621
22909
4242
15305
-21387
-18054
-12384
23747
32276
20214
7390
-27712
-11033
-19687
8454
-24734
-22403
23856
12610
-16172
5272
-18359
13571
-30799
-25368
-21785
-5527
-15733
-8134
-19614
15568
30840
30428
-10870
545
12467
-22173
17727
-4618
-8118
13838
-17688
5810
-2516
-3349
-31270
-16994
7331
9983
17171
-27143
-23934
-1275
906
12212
-10244
-20636
-10940
-15646
-15510
-24155
-18910
3615
-24284
16403
-15016
19252
1088
26499
21976
13310
4721
-22736
-14765
6597
8301
27120
-6217
-9344
-18144
18574
7968
-2463
25298
-15057
6695
-8977
-10644
24973
-31200
26236
-17341
-26130
-6830
-8544
-10495
27719
21791
-1043
15950
26566
-13849
-28000
186
-7176
2226
-11631
-10592
19718
-2003
-22382
28125
-11823
23400
29614
-16909
17241
-7907
-14885
-26261
25402
-23788
1883
-18926
-15327
25282
27145
-15220
10325
-4488
11405
-13873
10139
-26820
-5020
-13675
-10293
-11294
-26922
975
-812
-32229
-27379
29325
-2443
-18678
-9398
-6120
-15908
-13300
24580
-4818
6380
31734
-20754
10083
-32702
16068
29881
11166
-9839
22352
-15219
-9007
-14280
5227
13367
17725
12518
-27677
-25397
30628
-17429
28032
27560
6176
-31335
25060
9420
21310
-26634
3339
-30459
15651
-29530
-16686
18226
27578
8075
24979
13618
-7779
24290
29667
-32382
21576
6157
6612
-26927
24082
28317
13615
-19434
-20866
18758
-22733
14252
-25949
30129
-13964
31650
-13915
-1058
-13318
9855
-16478
12842
-8058
19979
681
8728
7850
-16166
29216
14591
20544
-9908
-973
32053
-7750
30750
-18270
-1236
-8364
25553
4516
-29756
4038
23997
-14101
-3215
18123
13271
22091
-18996
-22103
-13463
12931
4949
-9961
-25978
-7711
30305
11110
-18817
-29988
30858
-9109
-14257
10173
-29767
-28321
-16785
-21686
-2004
-28058
-10671
29698
5037
30196
27163
4406
18711
21510
-19178
5643
18584
-23948
-2229
-9440
-20601
-5157
-2839
-821
31563
-22486
-11058
5169
-3679
-10630
2603
25373
-22604
-32128
30634
-15847
-8046
7668
26715
24480
8289
-7542
31855
11007
7306
-5660
29915
-30862
-3301
-24
-24245
-27352
-29293
-9250
-16684
-14872
30522
-20858
9862
3007
32083
-4964
-21806
17028
-11811
6057
-27184
27874
23802
9493
-959
17303
-31116
8698
-31664
-14374
-4720
-10923
-12796
-4950
26530
-14339
26434
-3330
-21980
-10050
-31751
-7379
-27032
-17251
-16872
-31292
-2203
23855
-9162
-24270
210
20848
-5613
9502
-20382
26255
-15734
10235
14985
3373
31264
-24026
-19629
4657
12548
-3507
-1479
31813
28450
-1411
-17593
19032
7135
24779
-16905
-16924
-15234
-24336
6752
20105
-16822
19033
26891
-28248
29707
28085
-29309
-12937
-23669
7090
24267
19678
-19403
-17638
-11870
-27722
7786
-16773
13778
-25615
-22617
26833
-28235
-1952
-25686
-14775
-23962
7268
-19459
-27649
-25303
11046
6027
-18973
9435
25238
17434
23452
4294
-2504
-19039
-8117
-26745
691
13585
-22464
24861
23732
18278
25019
-20890
30472
-13213
-8904
-28961
13141
-24950
-429
9635
-14370
-17589
-29011
-25175
-17242
-17315
2887
5688
-3278
-11661
14908
10885
14511
-16707
29831
-4415
23064
-17305
-1697
-25518
1410
9706
28073
-4317
-29518
-15504
16864
7193
-12863
-1389
12587
-27510
27133
32357
2452
-9802
11667
-3041
21450
-9135
24049
28494
-32156
26886
-7275
-19869
-5249
14447
-19768
-17857
4115
-12114
-10741
-5939
-11408
-29913
-25631
22641
-30835
-22428
15738
-8050
-16467
-19763
28243
-21511
18414
-19727
28038
-2788
28289
321
-3742
21756
-30089
31917
30436
-3913
5973
-20678
13142
-32072
19787
-14467
9647
16080
-5309
11391
11376
20335
13998
-14045
25536
-30074
-15622
18880
-12265
8325
-17680
-9681
-22487
-22509
-25085
20668
-12188
14670
-3935
7091
-21231
-1805
13230
14825
28584
-18128
-12999
26392
8262
-4199
7677
-22121
-10830
-8884
-7211
-21685
-1515
15483
-18767
30934
-12802
-8674
307
-11109
15081
15549
-23958
-17687
-14320
8162
20732
-23940
-5739
-1099
-17706
23974
-16437
18860
-8798
21032
8834
-21071
-12015
25254
2935
-1447
-28545
-22548
-22782
-7050
-2975
20313
4165
19347
4707
-27550
19360
-31908
-7842
-5374
-24149
15243
-28798
29079
-4393
-8471
-19729
21984
11842
8187
-20658
11934
-12172
-23902
17197
-10408
13691
-9393
-24749
-31511
2625
22606
-25914
23660
27519
11437
-10564
-23819
-10625
24664
-1699
16010
29569
-1366
20625
9984
8540
-15217
-30255
-22410
-7700
28344
13568
-29384
25166
-9725
-23404
-21344
32469
24920
6975
29306
2210
-27687
24131
-11169
-27131
-32313
16491
5293
-18501
-15469
-29862
-3220
31143
-24349
12079
-27220
3722
13120
-11277
13727
-5464
-29062
16216
-8973
9988
1704
-18282
7829
-12996
32257
32209
2241
-7464
-23362
11468
28355
-22016
19905
18269
-27827
-29473
-31480
-1994
-16398
22244
-22788
-27186
26276
-6439
-28329
25315
20803
-8775
-24700
-23241
-26022
-7020
15343
3568
-31029
1605
6427
-9798
24156
-27044
24159
-11808
27404
3070
-20191
-4790
-3898
15852
-10496
13986
31583
-13485
-21741
-5221
-22263
29857
-8981
28899
1794
-19407
-6827
7650
1158
23648
-22565
-19598
-17163
-14114
31678
-28664
-10014
-1542
-10228
12178
-18082
-27061
24114
5296
-5768
17947
-14817
-1165
31670
-22629
-10616
3515
-7204
-21143
-26648
-1376
-16165
18327
10437
-30030
-32177
19848
14295
1788
15534
-8105
-29388
-9816
-2183
-13551
31777
-27888
13639
32389
-18850
12728
-4070
5049
-16753
17255
29622
25365
23359
25027
-9785
-24360
-29480
30721
-8153
11434
1176
5611
-28580
-23572
29920
9292
26059
-26662
-1458
27509
-20005
-17506
22439
-15017
-31630
-31930
-24056
-24118
-6858
-18948
30161
16680
7707
8517
17818
-19446
30492
8414
-22391
-1156
-22900
1481
-23622
-18071
9016
18350
28994
-225
-730
-18818
-23052
9499
4301
-18526
9613
-27231
30219
-13825
23661
28590
-8848
9036
16285
-28268
-5085
-15044
5838
31967
11126
19219
3831
24756
-5476
24967
10451
16051
29841
14176
-2852
23541
-7752
-28258
32702
26340
-32233
-16678
-8003
20383
-2911
29258
-19303
10164
-24433
-26315
7414
-4336
-20869
19021
-32184
-11369
15464
-1785
10781
-8954
24776
15356
-9153
-22459
-17414
-950
29345
-5431
-19404
-5497
1729
-31383
30855
24829
14603
-7794
32099
686
17514
-1871
-17264
19356
-5383
18659
-22542
18701
31456
11125
-27643
-16324
-8276
-11352
24484
23014
18510
-28940
6154
-28255
-4959
-28790
-25514
-14702
623
23025
-1062
-19529
-2174
-6602
-12439
8874
-17778
-6163
-8870
-23671
14676
-16220
16408
24273
25878
31147
12537
21948
-21577
-13836
-7562
20446
5955
-4164
24533
-14142
31840
24859
19162
13201
-14267
24845
31738
30280
-30521
9755
31293
-1940
5536
-31305
-16586
9452
27933
16928
-22896
12171
-14783
-29485
-1824
10992
3065
6784
113
-19292
-19236
29486
14875
-5208
-18427
3279
-16764
-1836
512
-10007
-24936
-11151
-16098
-30991
27487
18743
-22426
-19888
22183
10082
28367
24039
11419
27455
11311
12229
-19673
-25185
17130
20736
-31685
1345
-2101
8561
-260
-2490
6601
-11671
-22017
-1419
-5217
6419
25707
23104
-6442
22698
27048
32583
-27797
20843
17252
-21366
-14699
24895
-32489
25413
15198
-15499
1655
4695
-219
25755
-21784
-13954
17629
9545
-24912
-30278
15729
-8496
-18576
-27223
9587
29134
-5332
7994
26037
-13518
16372
3705
24925
-905
3972
-22430
25550
-22387
-18990
21666
22550
84
14640
-23967
-21583
11795
3215
-17206
10841
15500
25198
-20141
5911
23370
-3517
23097
15614
14374
-16641
-3461
-27142
16842
6465
-28381
24552
-6344
5259
-21156
531
6255
30459
-27010
-2177
24150
-29777
-27868
15162
29277
9119
-10394
28874
-6465
1777
-16477
27053
7795
12490
26796
17418
-3744
21769
9013
-29665
-16505
23878
27609
-15894
-5708
-21810
-27854
-26509
3344
14978
-29294
2155
12065
-17846
-15003
14014
30004
5832
16524
-10900
-30569
19057
3602
-10834
25988
-26432
-22587
-11703
-26021
-24756
12759
-14095
11647
-31257
-6188
24166
-840
2273
-20437
-7602
28757
-19848
27114
-17491
-16682
28029
4069
7546
7004
31137
-6829
-4666
-16786
25304
-25419
11497
-16857
-24715
23917
1953
-22560
-26406
16868
-19138
-24763
11931
18727
-15214
-23265
18654
30157
-31534
18535
-28439
-4294
-20002
-30388
-27491
29194
27295
6852
10938
13423
-20380
324
-11843
11964
27333
-2537
24214
22603
32379
-15729
-9665
-9295
-16702
15268
-4025
9110
-30392
21227
12621
23675
24882
10469
-13848
-30850
7997
16791
15165
-16079
9694
7852
-17552
16931
-2470
18951
18634
8000
24561
17275
-19166
-10016
-1528
31907
-12979
22638
-27894
-15052
-25977
-14041
-23734
4332
-18048
-11858
29571
18508
-11820
-31953
1341
-23263
-23236
2320
-24398
-14957
19800
-25990
30982
29123
-2072
20213
26137
-11056
18649
-15069
-22814
18187
-21399
-30214
13841
555
-19693
21242
-11373
-9375
-26760
5028
28466
4113
-24643
-22958
-9182
5325
-21761
10622
14938
-8961
-16733
-9089
-12179
-16383
-32309
-22668
-5113
-16571
-20780
-19542
-8705
-5200
2857
2043
25763
7803
-28125
-8734
-22306
-30008
-7470
15295
13759
-23164
30235
27654
16805
1009
-12867
-32141
23335
24050
-14054
-32375
-4728
-1541
-31269
-4490
-22741
23001
-26014
13257
-10786
30017
-9131
16111
3645
-17245
-11137
32640
18548
20101
25318
-1751
-16304
-10299
-4585
23720
8797
-31576
2874
16927
23565
14588
14829
29678
20470
9992
-9210
16584
-9074
32421
-31931
-12263
-6271
6843
-14215
-30781
-13947
-2494
-873
-3442
3628
-19281
-12041
8707
-13989
-14728
-23183
-23549
-24922
24245
-22274
-20317
17817
-5585
16102
-28441
-12380
-3966
-26129
-4914
-3957
-23877
-8510
-19009
-12125
31163
9008
22055
-8697
-20209
14223
30921
6483
-2110
-5478
23182
-537
-188
-228
-11805
-16844
-416
21691
3795
4494
-23950
14600
32726
-4458
13068
12611
8547
-27786
-22424
6122
-17117
-5725
19222
25852
23879
-31309
1151
-7629
29738
4459
-15610
60
-2774
-24189
-9724
31109
8855
-17400
11923
-12862
29104
-15155
-13269
20768
26347
10075
-21898
2504
13757
17857
-21921
-5295
23847
-22174
27525
-12712
-7096
16137
19956
7693
31799
-23434
8385
5602
-12333
25252
18852
14161
6844
-21268
-13505
9083
-3448
17646
-21177
-29481
13889
-18160
-14598
-21310
11241
25917
-22398
30944
19366
12882
-539
-11841
31494
23882
5144
13233
-342
11060
1508
14182
-5452
-15859
24690
-20747
-13861
-14874
-20565
20637
-384
-13109
-22126
5881
30
8465
-6656
-8293
-11842
-11059
-12695
-16605
5790
21906
-4389
-19125
5568
654
-11032
-23615
25990
-11257
16609
879
19604
-24203
24051
15567
-19553
-32327
-18384
482
28537
17627
7583
-32700
15415
-16942
24404
272
-25571
-26264
5588
-10024
-23979
-11193
-450
-14486
6889
28712
12066
18962
30971
30687
2209
-28857
22892
-20182
15440
-30968
-19800
25482
23887
-26603
-9152
19746
9267
-14668
8488
32303
19572
707
-22780
17986
-7639
-16651
27272
5233
17055
-8249
-11567
-12564
-23027
-24222
-10375
-26991
-25445
-7663
22872
22891
11059
25961
7481
8193
4557
1420
8139
5463
11231
-31062
-5664
20201
-9609
24022
18221
-7990
-16379
7050
-20631
-5963
-10612
-3521
-15585
-13555
-17882
-17629
2668
29456
9416
-9314
-26340
-11915
-18452
14398
23380
20023
1179
-7753
-23403
20515
14851
11809
-19669
-20584
13882
-32305
-6757
14693
-10133
-10347
-28303
21053
8012
-24770
32239
23896
9210
-7087
25024
18142
-21534
-17584
614
25407
-6300
-1221
4581
-15790
-26428
6386
5735
-30369
-5417
14528
1210
-12883
14708
-3259
-27343
-5954
-8079
13557
10812
-23730
-18899
24449
17083
-26919
-1018
-28409
11433
-239
1445
-12537
17288
-1174
9432
9378
16510
16239
-6265
-20760
17619
-17938
-19156
11268
-29815
-25817
-15386
-8313
7778
29917
17269
401
-14864
-2198
3679
663
25226
-10271
-24969
6922
-21562
-17466
3248
14731
7118
16392
-1301
15967
25787
15357
-1520
22454
-15940
1327
2361
-26988
3449
27300
-30724
6848
-24876
27598
7065
5845
-667
-31940
-702
-5033
-4255
13347
-511
-23322
-32022
13229
29225
32108
-21343
32465
-5063
3808
14589
-1227
-4791
385
-22649
179
-11435
14479
3432
-17526
-23384
8244
-29323
28625
4469
-12417
-17157
2518
-22908
16181
2942
21895
-26473
4327
-12357
31935
17657
-21593
-16129
32058
-26259
-11119
7736
-23359
-27784
12566
19313
14714
1998
25921
-16187
5633
-20169
20525
23822
-23709
-3560
22878
17279
12792
32447
28907
-12628
16710
-27602
11893
-15411
5723
20615
417
-12775
22093
11179
6294
-13021
11766
-25069
22146
-23717
-20599
12384
23061
1143
-1456
12029
-5124
-428
-18633
25374
-28039
-2113
-30380
25093
-32476
4951
3208
-851
21954
24501
-30287
-9105
-30277
27961
30379
-28122
-18067
-27248
-28833
-20817
4257
-6419
14628
25301
25697
19373
-23961
-16582
3257
13110
-5307
-6874
-19094
13946
13947
15340
2568
-8164
18112
4110
-10424
-21338
10642
-1176
12207
-23364
-15777
-30371
-13791
-24335
1725
12686
-21147
10666
26716
-32125
8218
-16396
28695
15830
-19959
-1964
-8130
-17332
-32007
10751
22706
21298
-31261
-18578
29911
-31546
-3317
-27409
13736
-14840
24085
32584
96
-28539
-9994
-11305
-23678
-20535
-14566
-3147
26498
4797
30822
-31031
-10778
-2087
25048
18085
6302
30658
-15651
11290
-29200
4525
31853
30297
-11789
-6655
22955
-14533
-13195
-12998
-25784
643
3540
12501
-31407
17703
-13337
-1505
25588
7463
16269
30148
27692
-25697
4585
28923
-4290
-21652
32552
-16229
14818
14736
9352
-13653
-11236
21917
-2528
3926
-22760
16222
17642
6711
6317
17410
-13667
9387
10369
-21454
-31817
23482
-10099
20466
13
-16945
-25814
16217
-17110
24258
-16205
-23506
-15849
-28110
-5947
4972
-15289
-32044
8072
-24812
2924
-19533
566
8664
-3283
21743
-30169
-8707
-25440
-5896
-38
15495
-3250
-7627
16476
-30272
1194
-21418
28325
21896
-3282
2721
20835
19680
-27823
-3937
11232
-21196
-12267
13282
-18517
16597
15837
17573
28552
-4828
25938
12400
29173
-23832
-25346
-25600
30513
25793
-3829
10384
19284
-22453
-3830
9024
-5500
14071
-5395
-1938
7752
-20779
11806
-23024
-9821
19739
-8238
16932
19685
-17460
22814
28126
1547
27914
-27916
817
-8576
21968
9436
8982
24826
-12000
-7347
31720
7855
9529
29308
27623
990
19708
-1126
13237
20294
7151
-16228
-14556
-11181
29690
-32172
22598
-5723
15789
30009
18627
-21916
4791
-13897
-3463
32578
-30832
14815
30889
3872
-10832
66
15781
3472
-29814
-16252
5082
-17902
7714
8668
-26893
-3355
25659
5237
-9188
6139
-970
9628
25079
21629
-29550
16532
-9084
29477
-10824
688
-22650
-31800
4941
-24567
22245
22096
13028
12549
3242
-30518
-9818
16621
-14760
-31448
-17670
-336
16016
13897
24711
7114
-12607
32727
-11514
-28646
29950
146
-29930
29257
-21998
14952
22633
-25189
5186
-19849
-28119
22858
-29413
-29975
23275
28326
-6682
-28366
19503
9287
3829
19274
14994
6971
-31188
-6086
-14118
-29692
3878
24898
-30605
14976
29260
17474
-6247
-4297
-18506
32001
10846
31155
25561
-29948
27610
-30718
14005
-11147
-16588
-6175
22225
5860
-32295
-7003
-8539
6299
8569
30257
-4479
18219
30576
-3440
25427
9126
-3431
-14083
26260
4300
23658
8630
-5504
-25939
5017
-27459
3490
-15358
-8956
-24074
23413
-19916
-32191
10142
10785
3436
-26325
16433
-12007
9777
-6730
-29449
-12639
-7899
17569
22776
26604
15915
-3980
-7410
-19745
-6191
23143
-15059
-3894
-131
-27884
-8082
-22132
-21090
27254
1575
32429
-32193
22316
-23554
23674
30146
-29508
1839
-31822
-21349
4271
25151
20030
20588
18504
-26053
28804
-26077
3144
20186
-2556
31364
19152
21916
8559
8290
29611
-30770
-26736
-6760
-15018
-21598
13983
-2476
-23452
-15061
-25823
27186
15123
-30332
-8504
-3735
-13888
17791
-12325
-25901
-11714
12354
19676
-18649
-29808
-20146
1237
-12584
32347
14904
-31497
21814
-19180
-11712
10927
15089
18540
2774
-2754
25126
-20008
1069
-3200
-14090
-8944
22554
-10733
-5300
5016
1102
6522
4673
4782
46
4339
-7641
-24669
25889
-32738
13254
23403
-30241
27154
13105
-3641
16954
4457
18121
-22105
-24477
14293
13529
-10789
-5037
24293
9551
12441
15490
19747
25684
-30519
19771
31760
-4195
-12641
-15687
3983
-25983
-15389
6872
6248
5034
-10388
26982
26310
9583
-22163
4139
-27833
-30297
7949
22693
-12469
-14713
3735
-20497
-4069
12267
-18183
12083
26214
-15809
1982
6146
22666
-25811
-17329
-23666
27260
-2704
5962
-30375
-18566
9869
12106
-406
18471
4229
5127
-12734
5370
21737
-32272
-22379
-10392
6221
7456
26645
22361
9997
-25986
11896
-3343
-8850
24642
21703
-20987
15313
3594
2657
26921
998
-29868
23819
-31153
-4093
27901
10691
-18158
466
6065
4060
11189
-21482
21600
-1194
30730
-21508
31237
16492
-1469
15230
5323
24251
30931
22033
-29531
-22098
32733
22501
1050
-27068
23218
12421
27634
26149
-18669
-28002
-31950
-19935
-2156
11342
-15391
-4833
-25555
7681
-31066
-24899
-20743
29816
31172
8115
-14865
7236
14278
-6864
11729
-586
-26611
4125
22802
-27007
17456
32419
22847
11824
5175
15603
4711
30160
-21000
1535
-4120
-26997
-14438
31647
-7145
86
-24917
-14608
-25584
23123
29858
30064
-12620
-10861
26203
-13891
-11933
12618
-17747
4593
16007
18354
-6560
-581
25139
-30996
-21276
18160
12238
-11778
18407
22532
22792
26289
17123
26745
16789
-1402
-8759
30892
-10587
-1484
-30939
20627
3539
31658
25344
-14994
-10557
30881
-29762
-7851
-1037
11792
-9947
-13977
-23107
-9652
-4936
-5533
9261
469
13451
8144
-32672
-12269
19690
23212
-22260
-28188
-5233
3986
-6023
-13728
-30573
-32325
-30776
-13666
25842
8045
-20461
-23657
-11606
-30486
-31757
28852
30510
-22279
-19493
7531
29195
16073
29217
32412
7394
-11081
32497
23216
-8785
21760
-28628
-8655
17622
27498
4394
11369
-4437
-23431
-30970
2481
-8598
4462
-24093
28357
18292
-13137
-20968
13296
-11096
-20632
-3984
-24716
13851
21080
6897
-22993
12742
-1223
-21210
15634
-13765
28456
25574
-29051
31317
-30216
18457
-14892
-7323
-26810
-23131
-25164
8674
-24534
10488
4630
11190
-22558
7288
-8778
21240
5218
22371
-28467
8447
5436
24694
18346
17522
-12167
-27753
1838
32187
30722
3834
95
23944
-360
-30596
4942
30968
-11526
-19393
-2287
-30707
-8030
-3832
12199
28797
-4322
205
12258
-10872
7119
-18179
-21626
-32735
21230
15256
72
-27471
3784
19562
29322
-11307
-11709
-24186
8438
-7354
8099
4635
-31519
12778
17037
3113
-3616
17343
-10787
10863
12942
22795
3287
6117
13322
-11143
2844
-22948
-10621
14926
21996
-10600
-9103
-27743
-25923
24597
27441
17182
16034
-28719
-20500
-19340
28768
-1839
1834
13814
-6461
-8626
4398
32611
24892
4190
31618
-11963
6895
-32263
6556
5177
-349
12007
-2711
-18618
-32081
8992
10381
-6208
-25560
18739
-20256
31857
-17606
16521
12788
-10006
18737
-11246
-17202
7324
-8691
-5137
10759
-24214
1581
23045
14787
-21819
-11998
-21457
23718
-31623
4228
7501
-31725
6213
10828
-8034
4924
32052
-7419
-18946
8987
-18458
-21883
23141
-886
-18750
10074
-18820
17948
-31214
-30538
19103
10560
-763
-30111
-22968
6651
-21304
-26836
23062
18120
-17919
2054
-17603
16902
25976
13434
-30239
12553
8138
17214
23249
5131
-12547
3953
32113
28976
-8979
-17956
14526
6100
12624
-30281
-21550
21532
-6640
16730
12430
18236
30337
172
-20992
22788
17436
43
10016
14312
2842
-20949
-6304
3940
-6099
-4873
-1567
-14901
22071
-5096
-21042
-5900
25972
12365
-25130
29921
11084
30640
7296
-25396
28446
798
-9859
-21552
32716
2449
-15735
-8395
-10613
-5244
32128
-10062
-23336
4424
26790
-1493
-19143
10362
13030
-12677
30956
32327
-29987
-9742
28644
2839
8275
20488
-8970
-5471
21660
-15476
26172
-9055
9195
9828
-31478
7515
-767
-26399
27892
28716
-24130
1901
3141
-30031
11267
2330
2587
-4225
-24312
-28024
13130
15941
-26807
19418
-15053
12898
-19516
30746
16486
14612
-24169
-30740
25210
-3880
23977
-14346
-30878
-2748
-1675
18460
-17503
-12984
6205
27107
-25900
18192
7487
19161
-19230
30458
-11986
-14364
5230
-1556
-22146
-21779
30960
-10013
26107
-20925
-1835
-6268
-25858
8229
-2756
-4250
-23959
-4946
18110
-28865
-4202
-29644
-1234
8577
901
-6405
255
-12237
-9339
7697
-30729
20350
24288
11308
-17909
28111
-17101
5263
21472
-15197
32291
-6628
-22835
22952
-26312
9778
-5361
29321
-17746
1703
-24001
17972
19522
26576
28474
-9474
-16662
18127
-24529
2858
-10780
-113
-11347
-31226
-22959
-13040
-26045
-4957
-21007
-19335
1073
-14720
-30686
-19705
-24948
23895
-21670
-9737
17265
-26961
6143
29374
-4271
-11562
12935
29172
13178
6518
-823
3680
-17867
11218
-7156
-26265
24577
9125
6026
-22368
11615
12094
-1982
30518
17951
-25929
-26448
15359
31844
-11405
-18491
23048
-6353
9574
4814
30117
23384
20554
-5164
-22029
-24045
30684
-15112
-2878
18087
17446
-2285
-1118
-23570
30949
-7955
-10531
27251
30545
-32059
-25074
2094
20221
-18706
-21390
-12295
9180
16235
-11651
11404
427
-11767
-28841
19838
28339
-15780
-25958
14107
-26139
-545
-2073
-26194
-30474
-19648
17836
18501
22729
-30744
-32361
-30879
1350
26752
14347
25490
-12451
-645
-29371
-612
21462
-5615
-22242
25235
12485
18842
20896
17478
5502
-21546
12741
-24342
16625
-8311
-23031
-21718
-10482
-28967
29860
-19190
13991
4560
-17438
13853
-5065
-177
-12851
18589
17965
-15179
27338
-22988
5734
-24956
-15173
6002
-1168
-8792
23692
-29766
1383
3180
-6137
27539
-17765
-16809
-26596
15475
-2657
23607
20905
-28542
-18561
438
-30454
-12318
21546
17346
-5456
-22552
-26857
29410
-26360
-27179
-27024
-24551
-2997
6891
-8435
4650
6149
27504
3890
21076
-733
-15208
19031
-26546
-15456
26989
-17079
-12627
-25677
2821
-14200
-20403
28678
-27572
18478
-12061
-30151
3219
32696
14941
-1968
27069
23575
2177
26180
-16597
18672
-11099
-17130
-26494
-10765
3587
4720
30172
25426
-28547
24558
-9319
-3384
-21002
4986
7974
-14726
17207
-32216
28617
-19432
-26621
-31553
27226
-9766
23599
10641
-21069
-2046
25404
17287
-28023
31835
20540
-28752
-7198
8839
5714
-29685
10918
-19198
28599
22854
-15204
-29636
12568
-18129
16926
23087
14531
-30220
-12567
4126
-20479
-30738
-26260
-9651
-22671
31696
10021
6156
-17127
-440
-30166
-7182
-20239
-4638
-3671
16138
-28152
26230
16076
20795
2711
8795
-30778
-12388
11787
-5868
20872
-16861
8422
27953
-9480
16129
10114
-29786
-10146
-9955
3563
-32384
11253
-32694
17814
6067
28274
7520
-3057
-12670
22000
-25844
20406
-19753
-20492
-22593
23226
-2750
-9028
12310
-32005
17330
-13500
-8025
28141
-17050
-13909
-22289
-22918
26614
-7619
-12617
-19244
13390
-20560
-12590
13502
25364
-15642
25825
-5488
20000
30151
-7228
-29946
-15344
32195
-6681
-18983
2236
10064
20750
-18724
-5172
16925
24831
19479
-22543
30489
-22346
14001
24944
-31359
-16723
-25375
4833
-14670
-23771
32506
-15470
-24664
15960
22933
25378
16693
11584
-31352
30103
-21402
-7289
24510
-25236
25882
-2358
-1923
-16512
-13394
32163
17235
9233
20088
-3522
-31526
-11838
30159
-936
-3255
-13737
7438
7145
30928
-19049
-29299
30678
11607
-11621
15244
26398
-28116
-4520
29263
17124
31865
-29238
-11740
12063
31470
8685
-16408
26689
-15573
26601
-18511
-28347
-16016
-13230
-12826
12205
-28772
-4616
-19015
-4734
-5811
10651
19873
-20296
-16272
-11156
21977
32212
-11795
-12467
1117
-15977
-27350
-16690
-32178
26623
7565
-9068
-9214
7923
18032
23135
6957
-30595
-29884
-4139
-10323
-3378
4247
23472
19691
8342
21388
-14382
14391
21042
-6040
22752
-20048
-3180
-5126
8842
-20676
-3422
-26785
8926
-27624
7418
379
15485
18983
-27929
11202
-1400
-1373
18767
1398
4403
-9389
-11072
-31376
-7784
-21386
-17705
25338
-31988
-31233
-26915
-26844
-32486
3456
11815
-21499
-2936
28369
16628
8455
-10064
24296
26048
26254
19235
8431
32403
23310
2890
-32436
19696
-11464
19828
3737
22880
-28456
17129
23165
-24428
-758
-14176
4318
-4161
21615
28927
23823
-19744
25040
-26983
12985
-9258
-8160
-18017
-29478
27388
12833
28794
-15450
10423
6585
15109
3389
-27775
16368
17050
6171
13309
-4278
-23443
-25054
-9499
4238
-1256
-17490
12526
4834
-11150
19901
28505
4170
-21585
4155
23754
19011
18484
-10306
31898
22202
20906
-27361
1894
-12020
-5405
-2253
25754
11960
19867
7811
25989
2772
30549
12991
-14298
22424
2594
-26674
-17401
27678
-29831
-2288
891
-1169
28346
12903
-28461
-12047
17044
-16419
-24454
5804
10599
11322
-14963
25117
-7321
-8408
3027
-17177
7504
16032
-5973
-7817
-22589
32196
-17350
-22772
29852
9376
-13367
-7196
32762
20090
9975
-22916
15461
10806
9351
-28875
29669
31457
-29102
12018
-17230
4075
-17322
-3195
-4296
-26741
-28342
-7749
-23564
3172
28445
24807
21711
12022
12714
-30848
6446
-45
-3946
-30612
-23983
7217
8587
-23367
-23876
1301
-15665
-1743
-26460
-32496
-30517
-24967
17634
-21674
4402
26875
9934
-13705
-3954
-7441
-10200
-26413
8840
-31176
-11502
-18133
27310
16960
-15164
29733
-32167
18101
5030
-30130
4241
-8513
15779
-26914
-5577
21192
15420
-7746
3485
2670
9681
10601
30735
-22857
-11575
-13583
15462
-4567
29127
-23634
22444
13789
5492
6959
9561
11355
-31492
2012
11297
27775
-17238
23709
-7744
21693
16712
-26169
27582
1818
24837
7143
21435
-1222
-2714
21405
9733
9254
-7637
13092
28324
-24569
-2312
-14470
-32292
11554
18493
-19037
-6511
-7499
-670
1711
28151
23818
28147
14789
-31034
-23194
19377
-1790
27409
-29503
15580
14331
7671
-8536
-18904
17807
-151
-7838
-3652
-27709
23678
29202
16961
1536
-9118
17908
-30108
-15027
3723
-2052
-32646
4082
-17419
-31775
-13815
29019
-21157
12113
6459
24937
7547
19632
19754
6850
-16708
1444
-9726
20049
-4185
-24309
23899
-16173
16809
17739
8056
-15917
-14893
-3764
-28368
-12935
20787
-29855
-27205
2926
-15156
20924
17957
-13561
24018
-10603
-18178
-9390
-13931
28406
-19557
-32390
22539
2435
-18213
-20176
-21184
-20714
14768
14546
29444
-17708
-14992
-22912
14896
19877
-17582
3037
-30699
17297
24851
-22586
-31435
5280
10897
-24908
-26069
-26299
-3099
-3253
-12438
-22053
-29850
12071
-26196
24931
-14265
8858
25020
29054
1988
13511
-20611
-8237
9645
-43
12290
13840
11260
16272
13462
17909
-17422
-21317
-13229
-808
-13696
18000
10166
31700
25885
-806
18547
25460
-31876
-13174
-23594
1950
-10548
-24216
-23462
-662
29291
-26104
-20476
-17693
-2771
-6777
-8739
-6376
-27334
-8258
18550
24624
1857
-7486
-26935
-19505
30618
18426
9290
-6500
21480
1412
-2908
-12964
4284
-22851
-2459
15799
24617
14277
10081
-22639
-3971
-8717
-32453
1695
-8773
-2883
-22689
-28878
19514
-8657
15771
-17824
30575
16144
23126
-5099
15241
27970
-1991
-4755
-12240
26012
1544
-9341
-18215
22694
1108
-14746
-14135
-17756
-24052
23125
16275
6616
27345
-32536
27082
-22833
-6920
3659
-9355
-4475
-10390
27998
5079
4663
-21773
-31843
-3861
9252
2853
-29925
31208
28341
9116
-8115
-6270
13352
21046
14103
-6408
16662
-18766
2397
-3366
3357
-24168
-16659
-25819
348
1192
13195
-12558
20217
22360
16220
30220
-21915
-13414
15073
3588
-6641
26339
-29369
19497
24965
-14405
3093
24185
45
-10881
11162
-3907
4316
11592
16639
20063
-17091
2845
-17147
-29064
-4787
-14522
-15567
29483
-11723
-6946
-9998
-4544
-23764
-30294
14594
-21289
-15975
21526
1887
30372
17392
-21058
1569
-8885
25614
24087
-7685
19368
25981
-8343
-25344
20368
-1827
29245
-9459
-5920
31527
-4043
-28148
6480
-4905
26872
17527
-28984
-11280
29408
32629
-11926
-23688
31977
-16460
-13183
-26436
26709
-28384
-23915
4414
26362
-20729
-20907
21482
-8492
13948
6209
-2282
-3275
16817
-30714
-2244
24793
-28742
-25398
-30096
14047
1155
30867
-32037
26367
-15021
5958
3409
-16572
11879
11315
-16893
-28956
-29903
11047
-4655
25439
-26525
-12381
1689
-9915
22709
11724
14830
-3210
-3388
17104
32616
714
-24233
6467
-32411
15496
29434
32576
30403
29807
-13899
-28205
-5895
-30343
12597
3686
-9036
31614
21186
21023
4732
31076
26780
16302
26267
4944
-13196
18670
28095
-28939
15064
-14464
-20750
18773
-32211
-18592
-23555
-24150
14946
28513
17989
20111
25625
13023
23699
21256
3555
4802
-2980
-17823
-541
-5952
22
-17352
-4842
-13457
26846
21790
28081
-13393
5493
17886
18845
22528
-11350
-29059
-23752
-6494
-10140
-7425
-289
-17532
-16728
-9795
-21973
16916
27935
24513
32047
-23110
10827
3813
19662
-13059
12416
6600
2532
11037
-24755
-16062
-26501
-7735
5299
26119
30007
17317
-13711
-1934
-25891
-20629
-20125
7362
-12118
-781
-15186
14303
-5286
-24179
-17517
19401
22343
-31559
17651
5999
-24931
-11162
12756
32516
-4232
-24610
14902
-19161
-10528
-23278
-32631
-2910
29400
6614
25214
-13442
27667
-21889
-17094
-29334
-31902
-21792
18958
-11852
-3900
22249
-20917
20202
3682
6102
24899
-26063
-6302
7924
-17239
-16691
-26640
-9517
7699
1097
5153
-32377
-15834
-6508
-27787
16388
27207
22026
-19257
-13345
-8184
-15772
-5316
3408
-28654
-22024
-21622
-25606
11225
171
5717
25153
-24231
7309
17114
19202
4118
-11061
-12473
-15249
-24744
-12876
-24729
7016
22048
-29729
-22699
-11361
1058
-7012
-9913
-11624
-13427
-13468
-23879
4396
24917
25998
-1249
5963
20948
-14512
-28431
-15046
31621
20082
-1093
2217
-3189
3502
-30184
11595
-13804
16148
16790
-26040
-25945
-13411
-30158
15540
24961
-22662
29316
-28358
-22074
-48
-27747
-6542
10027
-20965
-2272
-2567
4196
-1949
-14115
-4661
4210
17539
17690
14678
25120
10353
31582
-29733
-7620
119
22106
14824
-17848
5868
28703
-26851
13834
-14666
-15109
-1843
11970
-30962
-11370
-22042
9265
23976
-813
-19581
-10258
-7732
-8551
-17086
9276
-25318
26244
-27726
-3095
-13233
-12967
-119
-31221
-30342
23620
21082
11096
17399
12383
20991
4769
-12027
4785
-14662
25564
12724
22973
-5132
-10790
7351
26954
-11316
19067
2069
-21755
12253
-13185
-19474
-15336
5011
-7977
6956
17256
-6921
-14502
-4141
-14703
21211
5895
9112
9282
-1689
-13158
27374
29676
411
28737
-14295
13904
12575
28594
7935
28254
-6206
-23929
28758
8998
-10475
22308
-18029
2624
-11638
-27101
-392
-28581
5327
25409
29013
-19754
629
-3004
-29330
16013
4361
-31740
-1293
-19664
27508
-6865
-24047
-15924
-3801
20805
-26877
27921
-7938
32558
23965
16359
-22607
-2763
5949
31328
-25401
-18708
20046
-15990
10904
-31910
-25433
-16906
27722
29507
-15151
352
-32686
81
3425
414
-11306
1881
17095
-9041
4006
5768
25594
-1255
-5390
4401
-30006
31444
27209
-12808
30195
-26987
-28393
-20844
-20028
-6605
-8400
-3761
11535
3062
-23504
19814
-10650
-11609
200
-20387
6574
-9062
-29088
20149
-11686
5610
-18345
3636
-12056
22936
32527
17198
27517
12163
-6011
17806
9693
-9190
-14343
-30258
-20227
-32480
-26906
-17404
-30453
7029
24556
-29582
-32155
-21619
2552
24436
25451
4891
17645
2905
-31762
-25975
3224
-8271
-12864
-19644
-13532
-8783
17066
-17632
-692
-25224
17420
-9614
17085
30232
23349
-24597
-9743
22297
-31366
-27752
-30000
-11089
-22249
-4029
20492
-19207
3050
19214
-4212
14217
-17979
-22939
-15515
-8616
-32306
16230
-2455
-55
-16969
26550
-28134
13967
-4510
-21397
-17382
18033
22609
-31836
-11668
-4265
28159
-24814
3589
3571
26281
-17097
8208
-8522
4220
-16207
-32608
-25018
6789
-3793
-31834
24732
-9570
9951
1949
-10429
-4445
9768
-23125
-3484
-9971
-14861
-13808
-19742
-3109
-31123
12960
21001
6903
-28644
-7644
1674
-18418
14031
-26847
13999
6307
-8515
10024
-750
-10777
30168
7416
-25245
-18283
14662
24023
-4144
-2283
31504
-27422
-12038
-1353
-16944
8204
-19590
2955
9152
1895
-1259
-6327
21231
-6081
30565
-783
-28240
-2245
-14855
14897
21366
-7588
27270
4736
-2778
15251
30908
25507
-23127
-4170
-294
14085
-26540
-18567
1619
-27390
-22153
-24769
2560
29011
-18582
24225
6084
-12150
18709
-25244
-5365
6476
18066
612
25630
-3635
5267
-5913
-9347
21058
6042
-12010
5657
20340
-20102
-6326
-8098
19352
-7836
19844
5634
-5059
-23624
-29764
21276
32468
-627
11857
1803
-9627
6621
31497
12093
-15322
-8946
-18769
-3845
-17821
10989
-19776
-6975
6575
8263
27152
-31882
11534
24110
-7455
-18293
25527
-27538
-31932
19900
-28217
-22144
-10326
21339
8584
-5256
773
-7447
-31099
6463
-11086
31933
29480
-23233
-18464
3965
16008
28534
-19975
19876
-21278
-4534
103
27289
-17069
-19066
27955
-7178
-22107
30364
12270
12257
7276
-10848
-27192
-3978
18494
-9840
-2500
4127
12639
-1498
30106
16052
29489
21342
-20352
-5181
24378
1471
9566
30448
15975
26184
-3012
10439
13191
1861
18529
-11726
19077
3213
21412
27475
-30687
-16320
2962
23065
-9975
-12779
-9539
20184
-14368
-23946
-1764
4389
28891
-3429
-27462
31804
-32684
-11477
-8177
-11900
3303
32474
-20112
27669
23405
5434
-22268
32216
-29547
-14475
-4521
8329
-21762
30105
-15026
-4484
-22989
19217
23320
25047
29022
28723
22824
12332
11324
3207
20802
29549
-947
-1381
3675
-15030
23799
2359
21095
-19887
1258
-26086
7198
-22452
-2308
4764
-30054
-13125
-20140
5862
20384
32431
17541
-25737
-13526
27444
15823
1423
32407
-24999
-17844
29499
28857
-6293
-7273
29946
11751
221
-28630
-32273
-26067
22841
3752
-7574
-5826
23325
3814
13005
-32063
-19963
16255
9206
25114
21303
-24184
-9082
-22124
16974
18954
18304
24505
-24023
-25601
23238
6606
-9421
-11676
-10782
-15891
16563
-9234
29840
6376
-32668
3272
29615
-16759
19180
32072
21073
27210
-8844
-30144
6928
-17361
-4969
14028
15859
31528
-32558
27807
-15578
18696
-3543
-14949
15129
23515
18754
-8625
25673
-1181
2232
27797
-7755
-16485
3145
15521
26644
14046
29183
-8481
-21128
2095
26514
-27883
18753
-4738
14980
7325
31685
21252
3631
29967
5232
-15616
11760
29093
-25862
-26154
19819
-11313
26351
11300
-6250
-6090
-22262
-27417
19803
-28492
6091
-29749
-13267
9346
-5159
23293
-15172
4882
-10662
-23613
20164
-9943
19432
-15757
-22847
29457
300
9698
-3427
1330
-1673
-11937
20565
8126
-12260
-31411
-11730
2841
-25005
3345
-4522
27280
-21521
-20723
-25847
-626
15391
22294
-24903
6334
-4686
16980
-24740
10473
-17151
15111
-28495
19010
4341
-4881
-12079
22487
-7254
27149
-24243
-3904
-1368
3824
14966
-313
-31263
32483
-27445
16922
-4105
-2279
-16422
18657
-29641
360
-4997
-16050
25933
-3960
-20432
751
26629
17146
-32006
7838
5665
-5932
-20200
-32538
19671
29900
8090
5673
-15726
5543
-12494
28717
-5451
13484
31251
21067
6439
30567
-23741
-24313
-20396
-25798
18537
-14004
-28753
-27669
-23984
-28209
-17793
-21746
-4889
7040
-30975
22453
1021
1490
-25719
-25084
23737
11547
4823
-888
-23071
31941
-535
14218
31547
-2232
-26949
-2832
24364
-7248
-29872
-16226
23090
-28372
24266
29576
7316
16202
-11757
-6424
5352
-31147
-31628
-7608
-15276
13081
-12096
-13554
30088
-1936
26586
-17682
-3135
-17199
-29528
-25663
145
-28741
-26602
15899
-1020
20901
-27224
-23790
10079
-32372
-22644
21470
-18414
-10433
-4941
-17370
1846
-8592
-29163
17326
-25405
-27913
-21919
-28454
16345
-22849
7730
5604
7323
-1720
-4764
-15051
-23028
-30771
-1347
-27413
25085
-31639
-28679
-3274
19858
28822
-30763
226
-28666
31386
-29559
31510
20181
-5453
15066
-18246
-7661
25552
25457
-17523
-23889
22438
-25564
24386
-10196
29495
27329
4491
-7247
17736
-13203
-5715
-32412
-21918
-14612
32307
6515
-22837
28240
-14860
16507
-8786
-7809
21233
24422
2003
-26639
-661
-5537
29861
-27799
-15254
-18559
-31053
30330
6918
-7757
-14714
-3495
10973
24939
-12418
-12133
13552
1906
19407
-31738
7646
-9949
-6170
-538
21134
9534
-22891
-30499
-3163
-10198
2067
-1753
20007
2443
7971
15063
-25957
-31474
5199
-31699
18331
24587
14215
-26471
-32637
-14186
6116
-31161
15269
24799
2041
854
5873
24591
-10402
-15614
13718
17272
-24960
30158
29755
25530
-30373
19089
-24982
-2449
1304
9895
18789
23857
-2034
11898
-2436
-20366
675
10573
-13387
-7871
1254
3495
-9591
15707
-5912
12242
9382
2303
9403
93
6108
-4300
30452
-23195
-17921
27622
16142
-10593
-12533
30284
-21035
-6057
-11708
22770
-10543
32280
19404
-24879
-11452
-8233
-11196
8971
-4505
28733
-14682
-27606
23261
-22710
-32045
3167
26869
5383
-7995
-10314
-24037
-20208
-15425
7146
-22477
-9629
-27695
4475
6388
12805
11381
-4724
32142
8216
-3887
-31102
6501
22226
11042
-18011
859
13600
-4145
9393
5577
-24959
-25660
-23952
-10221
9079
5147
-30084
-7090
-27960
-11367
8195
1553
-22527
-31947
-14162
-17658
28295
1193
-19986
-23308
4836
12723
24893
11779
-25026
22247
13519
17091
-25002
-6729
14288
18223
20436
7938
-91
-15242
-3101
-5467
6534
22301
-9094
30646
18005
-16104
4420
12737
-19435
16313
9629
-30693
-13376
7789
-21851
13888
-9585
21254
398
18263
-18207
-810
-17926
-13968
-6382
-3234
-22492
-22791
-8155
-29674
20605
-27240
23886
15605
-11342
20862
-27627
21
28385
-15478
10984
28581
14977
29994
3567
-10488
6860
-15131
-18362
-4716
-31007
-4056
29035
-4017
-26963
-32544
27607
-28468
-11929
-16328
30334
29692
-12221
10982
-19510
-4228
-23558
23285
10217
-14461
-20055
30830
-7795
6605
3790
5622
-2554
-11008
26856
29837
-30823
6908
16886
-736
22230
-4272
20836
21696
-166
13167
-29220
23970
19961
11634
14633
15138
-12853
-15956
7149
-3964
-23956
-9964
-27666
-15449
27927
17447
19433
-17379
31651
4514
-7723
-21144
-5989
-18406
-24742
-23988
-19020
31925
-2859
11392
-1457
17147
-19195
31632
26295
23703
28553
11591
-24201
26782
-2247
-8022
-12514
-22230
21476
-14870
5346
16859
-21817
-16315
-10322
16509
-20549
18836
-20074
-16152
3079
29394
-9064
-7855
26304
-22250
20751
-29387
-30974
27755
18570
5573
-31412
8570
1357
18439
13340
1319
-4605
-28369
14584
-22800
12547
10490
-14588
-31870
1896
-12386
25189
22491
29663
-21083
-11783
29610
-21505
-29240
-31453
-4018
5833
12243
-26757
-20861
-24343
-7688
730
-13869
-30450
-24667
20021
-19910
-10407
-30680
-21689
-16029
16908
-5866
21800
7081
9074
-18801
6234
-23759
-1535
29220
-30780
13994
31033
5889
21624
4846
8453
-23533
-3940
-13001
21448
-17257
-134
29421
25800
21498
-17286
-13649
-30386
32423
21171
-20401
-24085
-5502
12671
-2569
5093
21007
-9982
11550
-14329
-27631
2156
8437
9101
-16182
-5028
7002
3008
769
22953
24154
-13335
-4082
-14625
-1737
-12536
13995
26837
27325
9815
-4659
2065
-3438
-25377
31692
740
24774
-19642
-17366
25903
-13527
18386
-22789
-27648
10887
-30852
12239
10842
-23568
30725
11568
-19972
27419
12636
626
-13037
26571
3699
2514
-23873
-1339
-5532
-10902
11835
-25118
-7739
-25730
-7393
-1970
-26788
17952
-18587
-25012
24853
-3428
-18897
21618
-5933
-9865
-4037
25196
29369
-25001
31420
-15522
19557
20177
16936
608
13445
31219
-4735
-3273
-24144
-18691
25179
-28739
8825
19705
11002
-28986
9171
25436
26640
-9638
-13979
10162
24117
5935
-28228
12235
-12868
-15185
29315
14175
23734
-7041
-25058
-1793
29392
257
24763
32454
13899
9303
7367
29511
-8582
-23503
28582
25632
-20993
-23030
4445
-17009
739
-31777
23251
-18271
6005
10468
-6227
-23188
-13733
-16027
-27661
-2235
4580
-2566
713
31779
-19298
22696
6475
-31229
8016
-22363
-11659
-23006
-20254
-2011
-28712
31347
20840
-6448
19408
22344
12491
21542
-24387
-27678
26559
-25667
-18470
-11475
-3786
17371
4160
-14762
-12144
22917
-19100
-15677
27637
30792
-26215
-23267
13380
-9838
-3602
-9402
16950
-32373
-24330
21993
17199
31207
2085
-17661
31512
31983
6141
-18021
15070
-226
31602
7925
-26353
20147
-3110
-1636
3526
-18813
-14799
3669
-18685
7731
20124
-1045
29430
-2891
24302
5215
-84
21320
18480
19993
-11092
-28822
-15796
-26149
-7153
285
17700
-7000
-17288
3392
21378
21806
16605
-6212
-23484
-9963
-28648
25680
-31778
-22621
-29623
7655
15956
-297
-27164
-25201
17400
-12569
-4793
11574
-2715
21193
-13679
27968
2313
27047
31414
-12351
-26968
-4701
22860
-7135
-12649
22865
-12128
14457
8726
-12932
-6204
-30924
-25637
14159
4564
23391
858
-12955
-10079
30237
-32254
5621
24534
-22742
15197
15480
4681
11073
18248
-21997
24470
-20481
-12686
-18397
-11420
26479
-594
26095
-25036
21732
8395
17661
-23145
-29626
14092
-7046
-23276
6311
-30973
-4906
-12192
15018
12115
13864
20029
-4205
-17121
24448
-10901
6278
-27134
-30704
11337
30068
13038
19315
24968
-372
-15332
31440
-2648
-23982
-6230
26162
-16704
-31218
-16254
-4010
29135
16176
-2780
-3498
24339
18942
-17586
-3466
14882
13590
18055
-26118
18581
29652
10149
14782
15548
-10677
21403
1010
8379
-31860
-1473
-7837
31075
28219
-24853
-5274
14742
-18077
16896
-14418
11262
-7225
-25639
-3859
12790
30104
-13759
-25563
16539
15494
5941
-18149
-14378
1259
25669
9145
-26397
19634
20099
-25878
14425
24348
-13648
6544
15406
-13177
-26449
2278
27574
20316
17861
3608
3368
-32363
-18890
-3265
-6567
1563
27105
14783
-17936
25389
-12762
16581
-24648
-29870
-2088
-5942
-17666
18002
7651
690
32164
-7778
28164
22435
8985
-6824
23246
1498
8440
-20174
31718
29556
-18233
-12534
20081
-3290
8407
-29166
-16180
-11013
-19519
-32537
-22431
527
-30731
14435
-10844
-5747
2240
2931
8754
-30043
21633
12696
678
9729
1365
-22028
22594
-21254
4306
-16803
21063
-23360
28671
19193
25965
30255
-7250
-28069
2323
18560
-32483
-16069
-28607
-13889
5815
-9247
-3218
1907
-836
24406
-16049
-13162
20816
-6523
-14136
-32073
-10811
-5199
-8649
26889
28618
26992
14834
21151
6703
25839
24138
121
-18070
12114
-27783
-30203
-31462
17566
-9688
-17194
23529
790
-9290
-27924
9811
9549
-31379
29941
-266
29218
26520
29878
20602
31782
-5474
11711
23715
29788
1923
17887
-4675
-18968
32059
3943
3324
-10767
-17837
-13378
-29219
10131
29110
-16463
22077
-11025
-7738
12433
-24401
-21437
-29951
1928
22029
32561
31814
-14256
2017
24526
-29114
-19144
3713
13493
-2876
-17140
18794
-32014
30704
19783
-14422
-28531
-16907
18150
11648
24455
-5583
-32542
2646
-22290
10214
-19428
24857
8220
19332
21141
-24873
-12847
-2062
-13197
-32591
15479
8477
-28601
-22202
12757
-25300
26101
-9745
-4587
444
15806
12578
-21023
9650
15984
-27825
-9755
-26521
5285
-9958
-21345
30193
-23963
10373
-5266
-3881
-29276
4575
-20057
-17153
-25788
-28447
-13995
-29116
22008
-5705
-14569
-4606
-23531
31659
21357
30717
28211
-6402
1251
25516
-25623
-10882
-7345
150
11887
22711
-16575
9447
24020
2576
25593
31730
-8485
21856
16556
-21510
1120
-11194
-2094
7516
9770
-16814
-7223
7635
-12735
5800
26024
-11864
14467
16427
-26374
11935
-10428
14266
18171
25502
8215
16734
27349
26128
-25124
-8436
-26323
-26267
23458
-24587
-9471
31460
28253
23780
18808
-10153
17588
7840
-16658
18464
26808
18280
6257
27282
-11586
-1488
-28352
-22267
26532
3483
3047
-18081
-12829
-14084
-10906
32605
-30528
19450
20187
5145
-28073
23024
27842
11657
31635
-20944
-19853
14315
17609
31969
5374
13006
-2884
-29319
-23638
-26901
-24739
-12496
-29817
28824
7885
22820
-6444
-3223
5109
9300
-2758
18708
15668
-8127
-6486
2848
-7989
1638
2503
-8305
11114
-28053
2110
-18696
-15428
-20213
26131
15563
10700
-11227
-23074
30051
-16868
7290
2752
-2796
22053
8898
-19828
-27464
17905
4197
-9677
25835
22992
24204
24550
-7958
-19395
24080
-21801
-16190
-32294
-5693
334
20564
-14656
24795
27518
349
-29780
23363
25704
-2022
13963
31686
5209
-18314
32475
14487
5046
-26593
-12962
-11009
5918
-7049
-14947
4502
26273
-31809
4513
-30468
-26248
12223
3765
-569
2597
9289
-26333
-29184
-8449
32074
13222
-27458
27233
-19187
10405
24971
-28909
-23942
16060
14490
3399
30224
-27310
-19084
-6822
-9127
3597
21583
-25436
-17390
-15230
-20707
23860
-1232
11389
22265
-29229
31569
6385
-1136
-18007
-4664
-5665
-9976
-18875
7153
8359
-23641
-25820
17179
7870
-3730
16736
-27254
-30567
202
-13830
-17516
-31788
18922
-4603
-8855
-23677
6546
-5335
6189
-25624
16576
30670
-501
-11788
4962
-20976
-31468
-18751
-18461
-27655
-21129
21331
-24289
16268
4688
-3458
17093
-10989
-27693
-10939
-2475
15013
-3451
15271
-18871
-22338
26773
27640
26487
-14238
31733
6830
-5408
-17651
3299
9430
1836
-18872
10972
17823
16698
2366
4676
13281
17075
6963
-31310
-10470
24282
-25259
20952
-12341
14415
18714
-31436
32241
12748
-12512
-21679
-9261
27396
26600
-12931
15810
-16779
28451
-11727
18806
2892
13512
-6289
-9427
-721
-6752
17759
7122
-32126
11688
14770
27040
-12754
-5999
-17757
-15797
-13329
-16176
17594
22576
-20041
22309
29777
16070
11395
-9599
1691
-11903
-14508
-30019
31820
13679
10713
10279
30824
-3813
27514
-24786
27281
12711
-6246
-13323
2013
-13851
15673
-19530
-7787
15986
-2828
5382
2806
-20306
8508
-15134
-24204
-19488
28523
-5215
-28416
5468
13158
-2431
22141
18175
15439
3936
-19433
-28249
-6550
18902
2167
-30758
-12767
7969
25224
10854
-19790
13288
26747
-29569
24043
6453
-14611
-19240
-17142
657
1989
24056
9361
30421
28410
-19610
28276
-17642
-23442
19263
734
-9317
13111
21179
3630
-19108
-570
-24123
-4366
-67
29892
-20812
-27473
6152
5446
-22116
-9807
-27347
-14124
20520
-5736
-12151
19667
10278
17971
-24135
-29239
-17189
-29100
-19485
-9203
2992
10419
24790
-10699
-12436
-395
-24016
4387
29541
23387
13427
14213
1784
-12464
-27813
-25887
-32234
31226
6996
-30530
8202
26864
-6885
-17957
32411
10221
30406
31558
-13115
-4491
3317
-26490
24797
12879
21628
19201
-18577
22873
10990
29004
-30292
-32168
-24209
30155
-19152
-11362
-26202
-779
-23745
-9822
-26318
30974
12505
11805
-17860
32116
-21441
25904
-29763
-969
-32457
10184
28543
21990
20743
-20211
21707
-2760
-17810
24444
-2130
10459
-8005
-25407
29617
26431
-32716
-14916
9856
-31586
-12447
-29716
-16034
11476
8678
12265
-22037
-12001
31743
-3577
-5014
13621
7191
-2324
-7687
-22377
-24565
-30289
-7434
20328
2530
-11069
-7066
20739
7926
31852
-11424
-4747
13599
3692
-20283
17595
-18794
-21833
26758
-1926
-31691
-19964
-17437
19659
-20725
16280
-3319
19466
-7390
5988
-26145
4975
1503
19569
-8637
-1351
1171
29542
-23289
-20119
23206
-21337
22447
4456
16834
26873
-1752
-9452
-7947
1353
2727
19946
-30339
-11637
31378
-4238
9909
13642
-20947
4838
27065
-28138
-9977
19288
7449
-22376
29490
-15591
19821
-27056
-26782
-190
2633
6217
14285
28086
4070
-15568
3270
12917
11368
29473
-26695
-19317
-7770
18577
6056
-19523
-2424
18075
28118
717
12139
-12903
-5849
25979
-22911
30919
4896
-1187
-18263
-31135
6256
-5852
-23306
19034
-21474
21444
15905
14008
-8821
27258
-9318
-12778
-14824
-12211
-14087
7623
-13893
-29881
25968
16399
-10758
5071
-24802
18122
-13980
16743
-29343
21238
22112
-30229
10480
-7763
-28621
-25223
27737
-5379
15850
27896
-23383
20249
16141
31312
6495
-27824
32030
5292
14954
-8838
23495
-3594
9339
-22264
-13006
32509
-20833
3136
-14219
-18176
-29435
14885
-27015
-6016
12735
-16090
-8476
19694
-30545
2773
-25096
-22934
4588
-1237
10187
-29130
-19006
28959
-19728
30515
-23244
12021
745
-6577
30782
24874
-5052
-4072
28507
11605
12033
-16275
-31437
-20533
11280
-30009
749
20504
-9527
1310
25104
-2737
-23588
16226
18389
-1272
12284
2068
-13828
7527
8669
18531
-1219
-1975
-15092
-17078
22662
-12623
28925
63
32029
1413
-21245
6422
25693
-14137
18104
-19615
1110
1667
30526
-27351
19515
-28444
-26278
15769
-17544
24350
12387
18010
10102
-30891
-26931
-14645
-21481
6280
9556
26017
17271
-12241
-14062
21247
-5223
6404
25910
3971
22383
-1033
27138
-8507
11251
27495
27840
18319
-10889
2042
19272
-5841
-30557
7019
-28694
25726
29403
13526
-1435
20360
21598
11259
-21991
23605
14988
-4687
-15684
-6694
-2818
-13377
-23776
22575
7729
17094
20301
16939
-10154
-28655
-21812
-13574
17203
-12659
-14941
-24805
-28924
603
-2729
29563
28679
-29945
21386
-6603
-21216
-29759
23019
-29033
29063
16831
-9732
1089
25388
31503
-16609
16248
22269
32071
-11722
28218
10677
-12682
7352
-5175
-15887
28786
994
1239
-24164
-10973
-580
9618
11817
30132
25083
15321
21813
-24147
-19710
-1754
3314
-26740
-2676
7861
-4546
32459
-15767
30785
5668
24814
-29395
29515
32501
15183
25221
-29974
-609
28884
15134
27499
-17124
-15768
2444
-13730
24668
14139
-11458
9782
8518
32546
28986
20690
-24626
-10893
-8133
-13246
-17633
27630
-9968
24546
-6491
22482
-2366
-8137
30478
-29
21219
-30641
-7437
-14336
-5556
10720
-23321
-11429
-5084
3988
-14997
-20132
-11326
3904
-23642
3300
-28101
8866
-30537
-6586
-26943
-11115
15873
-21769
-3746
12880
-24540
20984
-15177
-14473
-26838
-1393
-23670
-28244
11283
1187
8650
31088
15959
-21377
16334
19363
-141
17216
17006
-2356
14913
32625
-17445
29589
14626
-11051
17039
-2923
-16514
20277
-28665
-8101
-26644
-6889
30593
-15695
30263
-24738
24423
-17847
-18351
-23619
914
15599
4645
-2479
-8202
-10319
-13986
2895
-27519
-31984
9240
8335
16833
-7730
-18906
24134
-27703
-6687
19384
7298
31758
-1315
-17896
20959
-21275
25645
-8201
21396
24936
-8663
27129
-15800
5904
27675
-606
14052
2875
-8029
17105
3749
-15437
-2148
10413
-22199
-15641
17190
-21367
-23509
31034
6398
24698
-30366
26442
-22127
-10566
15895
-20331
-4652
-18982
-8641
-14551
26819
23798
-9476
-21094
-4892
1205
-19513
-19123
10287
12813
-29068
-30873
-27675
26956
-28588
31313
3655
13253
1571
30884
7744
-29977
-31296
12530
24697
9810
9800
-12453
-13992
-26585
26371
-15308
3656
-4669
30614
24343
-16762
-9435
4983
-26001
-18472
31908
4919
-21419
-3165
-22608
-11469
7569
11469
-1124
23039
-28214
17131
5956
30996
4275
-26941
-22018
-2262
-17842
-12429
28395
-25331
-13314
14618
-15271
32098
-26768
-8246
-13600
-5805
31965
15098
-5294
4209
-23219
-10045
-10896
-21331
-27657
20393
-28624
8610
-3738
20685
-15992
18128
-4709
-27551
-22555
-20978
-18476
2037
-31821
24641
-8181
-18187
-3879
30619
-22411
-9728
20420
28931
