10000
-10919
-388
27984
-23114
-24803
-6361
-4703
3391
1629
13830
-11752
-31662
-7568
16475
15034
6090
21306
-15241
21284
-3944
3294
18987
18298
5761
-1859
-16442
17558
16820
1268
17814
-2644
28865
-3262
-2180
12821
-18703
-14389
-43
-1342
-16424
-4654
-16150
25526
-13880
-1350
21941
-14955
8337
-23130
17628
-2509
17449
-18189
66
-31824
26
3142
-259
3311
-10273
-9391
-26655
-15780
28448
-823
12537
-24049
-24989
24977
-29656
24923
28737
7858
-14442
17897
2649
-11607
-22588
2729
18520
-4732
-28995
-13868
9811
-29670
26710
-27909
-20099
-13979
-31665
-6221
29639
-11621
-25972
7202
-15392
-22354
3618
7715
-15155
11831
-20258
-23542
-31946
-1320
17730
4547
-8019
-30465
-13103
28854
-32351
25825
29694
9601
-27941
1194
32166
28375
253
32642
-29571
-17394
-27621
8277
-18645
-2830
26367
-4688
29503
-24556
-11537
12135
-11593
-27216
1284
24272
18654
-17539
23653
-902
4558
-29138
-29159
-31432
16461
25868
4063
10903
31602
-5896
22215
-8251
-27578
-11549
6075
-16063
23938
12201
-16127
32112
29584
20619
-20087
13922
-27019
16808
-26669
-1259
26238
-7017
26832
13350
24410
-21307
4655
15729
2417
16910
-17857
-22255
23803
15063
-20256
-4615
-10132
-12559
-16010
2531
11964
-28465
21343
-8690
25174
23872
-30374
-21607
7978
22334
17800
4280
355
-5046
-11218
-10783
18193
-6707
-3703
22044
17064
18886
1548
15089
23936
-28549
-10571
-3621
-10835
27910
26513
-17154
-1986
28392
-29535
-18711
21200
13131
-15581
23222
10597
24659
31826
23415
15564
27305
-19629
18099
-13365
3065
22016
11786
-7988
18805
2047
18398
30785
-2640
-25733
-3541
-14134
-15940
23056
27483
29652
-5133
11840
-31773
6206
16364
-30812
-23184
-9084
21029
-11212
-32360
31737
7554
-12960
-11041
-20998
11725
-6152
-28282
-4693
20057
17114
-12020
-26750
-8314
16400
-19031
20861
-16904
-7495
-17454
15922
993
-21313
1094
17888
12388
16483
9523
26799
25078
13111
21195
25131
-27009
1259
14505
-3010
-17648
17361
172
20297
9652
-28126
24949
-10616
-1858
15147
15596
15465
-21907
30838
20155
-29213
9122
-29090
-27346
-12023
-29170
-27698
-19425
5183
1286
-12754
-29153
21152
-19430
10959
-4236
3243
22177
-2202
3552
-18770
23749
-73
4256
-30317
-21481
-5398
-7891
-31545
5667
29406
19523
-23252
-6290
22691
30975
-26306
12758
4874
8153
-363
28819
1758
13545
-28826
-498
-19339
5129
-16384
10272
21924
32599
-13231
-16589
12637
11701
19104
-23469
19729
26956
20781
-24826
-21438
-15877
-919
18417
6020
14351
-16513
-23889
-3114
-12892
-19315
6623
-20889
-13603
8025
2276
20063
25696
-20737
-16045
23085
32335
416
-24330
30809
-27125
24910
-13264
8797
-21911
16773
21335
-8790
25921
14246
-22269
32134
-28993
20341
8609
-28371
21673
-19864
-13865
28997
19408
-539
7676
23179
-25297
-10991
-24457
-1399
29706
26214
-1214
3198
13983
-13752
-12689
-5177
-23797
-3970
-19067
-9703
17207
578
11000
-6632
-11733
26332
27656
-4675
6144
8984
-15025
-1313
-4655
31778
15995
-22352
-12444
-30984
-4082
1729
-2504
21824
-16168
-25867
-17651
799
27185
-25061
-14501
15971
-25508
-26031
-6440
-11946
-26913
-15338
-14091
-6648
27077
-3516
19873
10037
-23736
-27758
-24960
12461
10144
-27629
-12034
9870
5418
19788
-10439
-366
23432
-14655
-1585
-17602
13038
-2722
-25063
-4456
-31764
-10480
-26707
18462
30392
29389
5668
-15368
2073
-14461
1740
29998
4476
18026
21251
-764
22187
-32674
32578
24257
29809
-2134
-31305
-24112
-26399
-93
11162
13794
-8458
19887
-4603
3025
-12555
-30442
-29176
-6622
-30973
-3536
5215
-24653
29763
10694
5314
26692
3647
-29271
-16376
5711
-2268
14767
669
3295
-29445
-10017
26509
7878
-12076
-9837
-20925
2500
10827
16930
-28895
-24519
-5851
-14168
-12075
-21809
-7219
15100
23045
7042
14552
-2242
7094
-18496
3956
16800
19943
15219
341
-23121
23594
5672
-22764
6611
-13937
-16623
-1104
10218
21397
604
-24505
-11163
9610
-4101
-31153
-21316
12435
27958
21307
15474
11033
31986
13324
-27331
29888
-32001
-12602
-19715
11185
32211
26528
14305
8985
3320
-31324
-22640
27048
-28582
-8529
-13993
-24595
18342
-18407
24466
10663
-14917
-4457
-28771
-4122
26205
23251
4165
-19796
-10209
28846
2302
23103
10246
-30435
-22229
5737
19401
19268
-7960
29315
12903
30724
13976
-10980
17379
-13881
-14376
4612
-20355
-97
11042
27393
-14931
-13530
14817
21533
15777
-18537
30792
-16702
13695
-2228
-14906
-1645
-32581
-28360
-31263
29271
-26636
404
-20326
-30927
11060
18539
29950
-27978
-223
19846
-24539
-19810
-15475
12416
-25975
6996
-31516
18648
-29262
-18561
25159
-22642
-20577
12273
28200
19991
-32180
8395
20534
6129
4816
-30942
-23978
1551
-14658
20251
-3587
15591
-12826
11801
2437
-14287
27756
-24208
-18357
23427
-11219
-16862
15838
-6306
16105
15494
7568
7728
17872
-12459
8988
-7190
2220
2201
29721
5534
-24103
20797
-3553
-17399
8684
-25768
-17429
-2231
-15148
9360
20245
-28756
13084
-17614
-27273
17578
23412
-9697
987
12152
-1266
-16234
-30906
27875
-17877
-6830
26009
3569
-20579
-23832
-1070
-19215
-22884
-25268
6643
-26252
3748
26804
-30377
-7963
7540
-18415
-720
12885
18730
16221
-24111
-28469
-4509
20125
3666
-22682
27050
8303
-15623
22473
-32177
1338
1761
-32488
-2584
32135
22965
23428
16839
21635
25376
-22796
-17579
-19073
-3839
13140
9779
20342
-5620
30995
982
19836
-7144
-7781
-11147
848
-24196
8009
21071
28372
29622
-12836
23203
18317
-6195
-2620
-11019
-2342
3567
-10814
-5265
3563
2726
-18105
18751
14671
-13911
-14497
25256
12902
-14788
32717
30816
-11883
-23795
-21880
18048
19260
-13743
-20164
-25635
-31193
-26120
3891
2539
30953
-27343
2860
-26749
24373
-31259
-23164
3840
13867
29127
-6866
24994
-9308
-22001
-25154
-8212
-10238
24445
-16835
-31753
24939
-6800
-22449
16315
-28064
5397
29259
1125
-20671
-7484
-16950
30922
-28813
-4085
7416
-14253
-7925
-14201
-20350
-11862
13443
14786
151
-4884
-15082
-5902
9079
27573
10110
14432
-31285
9232
9659
-3583
-10317
13436
29116
-15861
-21790
-22614
-17092
25234
24173
-21630
-17849
22758
6881
19931
10148
8010
11397
-12243
12339
-17367
-25417
-8915
27703
-25325
12160
-4813
26663
13742
9315
17845
-31386
12417
2701
-515
-7889
12688
-638
17716
24363
-16202
14105
-2633
20398
22241
-8229
8263
-6277
-19149
-21711
-4277
4220
12615
-28198
-5665
-26502
25295
31134
8859
24887
-2214
31630
30264
-8011
-15189
-434
-17809
31773
-12581
-17834
-28737
30001
31908
-24441
18283
-9643
-23334
-2054
25649
-20693
-4930
-27550
3646
31901
-25425
3184
12861
-7188
-32754
-13584
26720
-18928
-8841
31477
-2778
-4875
10171
-20731
20706
15859
-10722
16060
-5143
-9185
10957
-31010
-7920
30454
28099
-3802
28629
4585
-21554
9645
23510
31541
26983
31847
14627
25496
-21783
-29018
6545
13461
-24025
6362
5404
-12019
31657
-25535
-9312
-6461
-31334
-21990
2846
-32320
-11349
-19632
21181
31631
-11421
-21889
-21702
-8194
-12745
-5186
-21863
-23091
-28745
-14816
11762
-30464
3313
2763
-1883
12300
8056
-30072
9405
-19006
17658
14559
15829
17472
17015
-6910
27013
-5377
14162
12116
6227
-31283
-24531
11622
7911
-22222
-26533
-22334
-20625
8588
19544
28647
10689
-25450
-20448
-16882
-2701
17965
-31508
-13812
-302
-13019
-12336
-30982
-9347
62
13123
-32396
12644
-24323
20046
1776
-17442
25253
-19402
-11641
3980
6405
-11231
29843
-12926
26835
25532
-7120
4631
-20771
25615
23142
-26681
27628
12175
10671
-25098
138
371
-8105
-20086
9789
1016
22900
-23722
30376
5854
30167
-27290
-20563
9707
8122
25468
-10537
3943
-10413
-11851
-28922
-6815
-13152
-11334
1018
-32355
-28201
-18286
11584
30600
23937
-4363
14665
-28518
-13959
28712
-6258
12890
-18812
-24594
-4481
-13893
-31813
16093
1053
-28939
-21740
15185
16150
-5151
30259
20494
-22993
24496
-6967
-7078
24109
32019
-21774
-14929
25375
-7139
14623
-7595
8223
12381
26260
-12084
-9131
24036
-17628
-719
-6594
29051
21034
-6468
8810
27726
500
-12990
14378
7722
11124
12621
-9872
-20480
2090
2918
-4269
-32358
-16984
20062
-1940
-9237
-4997
12530
12511
-5228
-29435
-13762
-32042
-26092
-21577
24017
28309
27834
-30145
-27399
-28486
17697
16123
-12975
14309
28173
12112
-32761
17950
23648
-1658
-25379
-10593
-140
25767
-14888
-30040
6525
-13917
32485
-10739
-5788
-14172
-9239
28884
6039
-30151
-8703
17729
15074
-5286
19681
-32419
-31796
7780
15238
27400
-8966
-26450
15803
-31137
16663
-34
25296
-30020
-16619
-14444
20203
1095
12589
10097
30770
-4791
-32578
15794
-19933
22536
24050
-24894
-4689
29390
-29025
28794
30742
4831
-6430
77
-15451
-26582
21142
-21157
20850
-8082
-11166
6479
-29876
-17646
-24234
12301
-19748
25760
1987
-18026
-26764
6325
12092
-3142
-7899
-27024
6548
11048
-11972
-7289
20305
-20665
7229
-1564
891
-18759
7937
-27911
2590
-10819
-8462
-31791
-24268
3267
-19751
17772
-15128
-22529
-11603
21496
-15644
-7130
-22876
-20212
-7668
31568
13649
11235
-30784
-9992
-16388
28973
7847
26572
-29069
2206
591
14603
-10694
-8676
29524
11980
-9492
13723
-1759
15236
-13606
31397
17924
-7700
-17012
9403
16322
-26214
11583
-28442
10809
9385
-30762
27267
23856
-2749
21434
-23696
-11279
996
-31241
-29415
-10597
7277
-13754
23526
29197
6541
28320
-32483
28940
-20316
-12943
14680
22695
-13140
-23520
14690
-20714
-32470
-18414
26691
-13858
24998
-7580
25824
26468
-17514
-9164
3652
9476
6958
-10217
-7707
32542
-18403
-29790
-21304
21520
-3291
-22300
-24318
-3919
14361
-12604
22093
27097
16331
20474
-6696
-20218
3505
-17581
29439
15253
-32459
5465
24579
-14706
-1052
-7208
-30123
-12733
2351
8680
19505
20357
-27280
2186
-32278
29245
31822
1444
13978
-12349
-8320
-27888
-20549
26946
28093
865
-26858
26018
-3767
-9341
-6457
-15184
1498
-29420
17687
-10731
-25980
-30532
-27344
-23324
9613
29151
-7827
-23952
27420
22877
-31987
11127
17121
26912
-11624
16646
-27572
16335
29903
-17141
12564
3540
-22502
13569
21922
21470
19921
-16491
3491
12639
-665
2680
2433
17167
-6895
4170
-4455
24653
21150
-10799
-3879
-8253
29141
23302
-10193
16912
-12009
27849
24107
-4032
23731
18965
31425
-26415
-8463
-26796
-19041
27806
-15197
-17396
-27805
19766
23299
-26486
-12876
-4483
1512
-2399
-3081
-32755
-3835
-13570
2227
-3932
7338
1364
25580
26995
16235
28526
-9370
-32086
6199
7439
-19304
8707
-3850
-22295
4422
-18655
6501
-13
-13797
16432
-4300
7835
-24124
1442
-6472
-30733
-774
10438
6117
-15061
28481
-15758
14645
14601
20145
24275
1996
-13027
-19547
-16592
-4802
12609
-16650
-21412
9268
28707
-29133
-30163
-1987
-22831
-24183
-14022
24851
-3632
8222
-10566
4686
-915
-22429
17925
-12958
10984
-11282
-24085
-5303
11623
-22880
-7535
-23882
13929
-20142
-7534
-10643
-19947
23782
1873
17868
-17166
-30007
18109
29624
9881
-30612
-19512
-16665
21878
4402
24495
-28218
-4913
-11022
-752
-25702
26725
-15470
22957
-13626
-24712
-21799
14655
25811
-5744
-31210
-31309
-24636
-2123
6419
7962
25795
-20186
-2690
32652
-21114
-23494
26141
-21419
2745
-19483
27212
-20007
24217
19144
-29307
-18128
3450
-800
-32156
29980
21373
9052
-17570
-15012
2059
28439
24839
-32167
19533
-25040
-839
-4998
18865
-24940
-14691
-15174
107
177
-17759
10258
9714
20940
-964
-4991
-18636
-25119
4388
-17553
11812
-25984
-30451
-25964
-8493
16636
-31195
-29077
-10914
31787
24378
-25175
24354
-10666
28562
27970
4530
-11674
28937
-21158
5688
5152
12776
15389
5121
30691
-8988
11006
26684
-30865
-696
-30443
-6268
-16730
-5746
-23620
21818
8051
-30241
6833
-3153
-10389
26181
9116
-2944
-29051
-17023
-22708
-13036
-21608
30740
-23148
-14235
-18335
-4206
26234
30202
17384
19356
-18008
-21592
15121
19149
-19910
-13672
-7787
19161
26951
-31427
-30025
28344
15519
5988
901
-6664
-20827
-12843
32763
23436
-21833
-22618
-23308
-26535
-26876
16411
-5403
8933
32329
6903
-9491
-18125
-28384
-22690
12900
-14377
-18930
-32179
3337
6077
25311
-20640
3868
-27195
-16836
27861
24161
14953
18937
-27712
21821
-11973
-5891
3990
19190
29143
-2188
7371
26169
-6309
-23779
-19867
-32661
6461
19973
-5118
-20783
-3936
19146
-18251
7184
-4566
-4083
-30392
-31224
-25783
14152
23396
-17925
-23814
-26330
15572
-31958
-7527
-8058
-13166
-4880
8356
-6975
-31487
-23517
-21546
15364
-21814
-32616
-17037
-2535
-31783
354
19968
-16844
9417
-22400
31453
4472
-4091
18979
-12790
13427
-2063
-9203
-20053
25183
-12924
21011
10728
-28168
-2667
-4837
-15497
27643
2443
-13127
9347
-9889
-15650
3916
-25572
-32392
5111
24771
24399
23861
13711
25244
18820
-31048
7710
-13519
-9671
-28161
27635
22814
-31993
19527
-33
-18995
14334
9507
-23806
-19992
1599
-9283
-5284
-22717
-21545
14968
-18291
-32374
20908
-22584
-12941
-30330
-2236
-14365
-979
14692
32001
-26550
1134
19055
-18676
29778
18828
-25412
-13156
28416
26162
-4107
-4809
4843
10217
-2964
-348
7459
-3390
-27086
-23453
-16155
-19522
21073
20173
8492
26888
-19157
-30581
-29969
-23593
-4537
-4061
6250
18755
2173
-11926
18234
-17781
11848
-5361
24168
11749
-10852
-3462
11841
3642
-26300
-23214
-5922
-14949
-13576
-22805
-9422
9234
23032
23580
21873
-5278
10787
-31971
-12229
-18822
-22516
-21034
22918
-14188
-9755
9494
24052
1173
-13833
13230
1109
4972
-26229
-861
13937
-7422
16858
-17267
30485
23419
31990
16292
26769
-17595
-1356
-25223
25401
21687
8099
18456
-7143
26635
-5765
-24631
-23159
9851
30914
8486
16458
-32107
-26602
-18959
-7876
-10853
-30422
13692
24015
21911
6176
-15325
-29269
15442
-7334
-9734
25801
27533
16907
-12206
-26527
2655
-20790
6642
-32208
-13449
-19665
19919
-12631
25834
-12235
-3755
-22966
-28680
15318
15565
29298
3726
-22506
10208
402
30665
-32448
29044
-3620
3113
-15704
32637
9912
4038
-16756
-32466
30692
-29913
-30747
30127
29374
-13886
-15383
26164
869
-16889
5238
-228
-22392
-29614
-781
26407
13469
-7975
25328
-32200
24316
-10962
22267
20343
-4033
-14913
-18509
32584
-31646
-26792
29896
-19250
26950
4962
-3474
7825
-22515
13420
-26006
13477
13793
19689
12292
-19217
-9937
-24476
25693
23175
31601
12584
-6772
-29516
22004
-294
31852
-30168
-26308
-6311
28857
28018
3397
-20495
20743
9532
19163
6104
19118
13907
-2705
-1123
28171
-21752
-19380
-115
29951
19218
-28760
4015
-6511
-683
7123
-8485
-31682
-8512
-29122
-6502
11824
-509
-32475
-21323
-21861
31789
-2215
1126
-10662
10551
9410
-10288
-817
-11333
-24748
-4388
26984
-28870
-29768
12100
-3409
-30957
-1118
26261
21525
15407
-29977
30111
-29057
-5577
-19594
27630
-4744
17208
-9507
6079
-29375
-12348
-6307
-24544
18577
-3511
8776
3060
-17515
-22905
-26747
-14802
-736
-15768
14796
-7593
-30521
20207
27518
14738
-7713
-28780
-237
31934
-14660
4641
5046
16063
21970
27586
-25147
-16909
-25343
-18218
28197
18052
22661
23255
10973
-11236
-27936
13417
15377
-9296
23825
-13095
-17461
30416
16540
-4730
17152
-20944
-29322
-1135
1003
11678
-1704
-23609
7349
16111
-20550
18606
31714
31066
30905
7877
1847
-8668
-9689
-13342
19008
-29011
-12420
-18810
13514
-18179
27417
1342
-26985
-27412
30717
32245
7155
-24849
12314
21707
3
19050
-6491
24594
-18295
-22772
27953
-26049
12531
20836
-12049
26096
-9820
-7639
-21236
30046
-27485
28749
-29653
-10219
23525
29993
-6711
-2846
15015
-5555
-4764
-12448
3993
-19095
-21519
18622
5750
-30363
-19692
-15676
12
-14909
12974
1386
-6983
-23531
-1235
15799
32020
9685
-20341
29716
-23637
7932
31395
16900
-6059
23558
20975
17850
2491
-30513
12705
7083
-1930
10370
-13512
-25515
4613
26434
26489
873
32097
-29267
-4268
4764
32759
-7132
379
-3269
30663
2023
-20291
15854
6722
211
-20661
-20278
26178
15111
1686
-10375
-27643
-31087
-1069
30830
22377
6361
26056
24223
-28363
-635
-22327
9837
-8483
-11882
-10831
4435
9399
-13860
32104
-12654
-9619
-30471
-29152
21503
1028
-17623
29334
-31726
-8990
11324
-2672
27714
-18232
19157
17067
-1131
5591
-16947
8696
-15638
635
27809
-12381
23013
14240
-3902
6309
21808
-19996
-23310
23065
-19634
10602
-28785
16681
-24911
27277
-14702
-20741
-18056
-29743
8742
-30808
-27876
-19839
20678
22273
32301
2899
31587
-24634
-4725
-18238
-20801
-20060
-20431
-14587
-12517
-9505
-4309
-4327
-22170
21546
6947
-25220
6895
27002
-26074
-7927
16695
-21498
-28702
-8075
22023
-13811
10136
16428
-7612
-18327
-24309
2541
4851
18808
-21605
-28035
-29967
1807
-18461
-3527
26295
26934
8917
-6712
7253
-6318
11339
-14710
-6808
12443
20926
-968
-31859
3479
-31771
-24914
30771
-497
3212
-4825
-27083
-19720
11525
13130
21900
-22192
16190
-13769
19684
29531
-9392
-8539
-32321
-27786
-25983
544
-17545
-2403
18927
32546
-28024
-9000
-8390
-7572
-7606
-7157
14863
32374
-9223
-25584
-17379
13017
-20721
-25385
-14853
-19051
29225
-28179
30097
-20498
6861
-27048
-1090
18553
17883
484
-4860
28816
-2232
-28743
-26691
3080
-21930
-21079
-28353
-17368
-20061
-4124
20420
5307
-9826
-21155
-7614
5548
-2684
-3779
-7800
-23313
-1595
-18190
-13851
-20175
6394
-13180
29027
20694
29711
-6495
-53
-15725
22125
12770
29640
-18023
24671
22530
5769
-4586
27218
-12442
-1321
-31524
18905
26312
13499
6341
-3113
14959
30005
-21378
16539
-7862
1013
3219
21294
-26759
11833
21558
-30467
-3345
-934
-12330
-8415
28742
-6338
-29236
4524
17246
22906
7838
28920
29523
-27548
25267
30581
10083
-8542
6981
-10615
20369
31702
-27431
8569
17187
15743
25010
27288
28453
-3259
12612
27415
5349
9803
30141
-24281
-6261
8152
2816
-25066
24365
14958
29560
2807
15910
-17660
-20113
-5585
30912
-3797
-24378
-7662
20252
27186
-8810
-26855
7331
-16046
30104
16635
1661
-11208
-19777
-24459
-14875
15205
31590
26524
-15278
-9291
1547
28760
-7335
3513
-8077
12884
-15496
17404
21549
-1055
-28769
29158
24780
31627
3723
-22053
-25717
-2753
25987
-23958
-28624
22178
-19820
9119
17907
-22067
28261
-21095
11057
346
6291
7223
-19744
-9060
-10912
22012
12571
15744
-2103
-8649
12993
31041
8329
10579
4723
11040
1227
-26740
5081
-25848
3765
-1961
-11357
-6280
-5893
-18067
-16814
18933
15354
-30783
-21061
-14298
-1221
4550
12773
18285
-5507
-23485
29476
-8319
11750
-11748
7350
30817
-28354
30909
-13361
-6761
24338
20627
3693
18036
-32100
15547
-20300
6056
-30347
4454
27413
-29719
29261
-6431
2372
27613
-27499
8544
1379
-4986
18612
-21013
-26563
24266
-3582
18096
26714
3698
-4607
9381
14657
-20056
4307
16876
-24887
-25638
20089
-23426
9757
-28106
18774
-23528
1913
12281
31920
12706
18675
29863
-13108
13753
3290
31120
26993
-8762
32416
28339
3417
1233
-32713
14527
-13889
-3059
10487
-18032
24371
-8673
6404
-24806
-16691
28844
-15221
18624
25316
32037
-13988
-8978
-1379
11394
16825
21290
-28481
16538
-22061
-25021
-18141
26380
-15281
-19739
30927
-11256
21840
-5664
23615
31035
-1959
-14295
10139
-17592
-30760
-2159
21384
-17711
-21656
27867
-32141
-7523
-14050
-14161
14996
-17055
-16274
-5580
31087
29487
-16475
4234
-30033
-15586
30354
-6286
14417
-5007
21936
9759
11755
-30604
25043
-26439
17791
-11320
-6718
-32341
-9423
32371
-20572
-27269
6945
25506
-25522
171
31059
20081
32561
-15998
-2489
13561
-27018
26954
22636
-14736
-17604
-13984
13617
24892
7844
-13560
-12658
32238
31911
14004
-23454
-651
25038
6105
-14567
11994
9502
-18578
9156
25094
22558
26539
14961
32031
15708
-27927
-23914
-21913
-20200
-25707
-15860
-14283
21719
-14176
-31893
31089
3010
2133
22422
7210
23364
7370
-27016
7295
30652
9675
-28824
-17650
20681
485
-10039
12764
15115
-24185
-22965
-29470
19995
-14908
-14951
-11842
6409
-22320
30091
14794
7205
9002
23285
11122
11599
23489
12629
-28767
7111
-2875
-7708
-27288
29393
30723
-1025
17288
-24630
16165
-29055
-20095
-10946
32468
-8020
31537
-14535
4325
32515
22581
9880
21841
22867
-9607
27920
-3255
31950
30471
6153
17111
31812
26360
3301
18712
32069
22657
24840
-16644
-5802
18991
-14023
-16141
14450
-25547
19379
-19276
4123
-6088
-28862
-32010
21191
12546
-8494
-32745
23488
3132
-15970
-2599
176
-21397
-14084
26814
9849
2759
12413
-16181
-8710
31003
-17638
0
17653
-18320
-25954
8262
-25727
-13824
-26043
13011
-10627
1627
19503
10490
-24815
12308
3206
-1638
136
29637
14755
364
27383
-23721
5744
20950
32596
-29579
-11032
16914
-25720
-26395
-29895
-22961
-1923
32365
27692
6122
10838
-7032
-7166
15893
-538
-19865
-10800
26039
-29709
8394
16733
3166
-28794
4035
27234
-23552
2082
6184
18388
7359
28720
-25660
-16085
16979
5946
-14673
-10818
-32340
15376
31772
-25565
9094
11766
19883
-1895
-16119
-5918
3578
8531
25277
-24949
-16470
16484
3258
-15072
19155
-3138
-15058
-29033
21703
-6136
20846
-3519
13644
-17526
32177
-29123
13072
8554
20150
-19532
18429
7854
-30824
25167
15578
18752
14085
23286
17188
-14238
30189
9648
14017
-7623
18983
18608
24696
-9152
31964
-16235
18548
-19475
9689
-26910
-6342
27211
-22033
1862
-4064
-10618
-21017
19494
-794
8883
-23723
31045
-28976
912
-3565
-17580
-19973
-1452
-26323
28714
-12149
9943
16715
-30765
6590
-24834
20853
7518
21452
15242
10882
-25961
12721
-21515
18436
-8576
20260
27882
-4211
-1238
-23037
3021
26540
-19237
-27835
10269
20844
-28458
30974
27019
9177
-28963
16909
30344
18938
11608
-26448
21196
-5691
17039
32471
-19920
9450
-2198
-16338
339
20156
5821
-15639
-24537
11081
23128
12192
21287
-9099
15682
20746
-27337
5219
-17943
6796
276
-19955
-6444
2308
21958
30849
17619
28167
14852
-30950
-20026
-304
-29503
-6416
28595
-30813
22345
22127
21299
5682
20186
-30840
23763
-18580
26638
14116
-1361
22318
-30949
-29039
-17552
8687
-20931
29657
3091
-28554
32749
20870
19445
8210
15780
-10550
16575
-7193
-28820
-25194
21737
28120
2230
-16693
13928
-29815
-8406
9555
-14454
-22029
-4305
11918
18996
21431
17321
-18677
-10533
4117
-12803
31578
9137
26061
-27818
-27556
-19975
14090
-4159
30892
-22256
12726
10424
31454
-10808
-5346
21026
23858
9107
31465
-25252
-30524
15049
-29224
-26733
21154
-6364
23165
4072
25147
-15797
23634
-12913
-13693
29927
-32762
10065
-24310
-28270
-17990
20181
25175
-29833
-15464
6349
-28406
-31290
32376
6926
10829
14791
18931
-14321
2681
25404
8247
-21713
16572
23270
-8336
13308
2009
1294
27155
2881
-12908
-85
1730
-18490
-29368
5323
-18697
29113
-12060
19653
-1753
-20019
10940
5499
12327
-11841
9213
-20871
-30060
18210
778
31594
32292
-7478
6226
-22536
-12111
32388
-14631
-499
-3381
6050
20467
27032
23063
-15963
3965
19147
3867
433
-7991
411
10711
-5352
23930
-30751
23173
-29184
19694
30722
-4819
28778
2469
-14160
6753
2748
26981
22805
14466
-21468
12114
-6810
32203
4630
-3349
-15308
-12953
-8603
10686
21897
26365
22100
14628
-10750
20917
-18484
-28890
22175
-28317
-7094
25691
-5078
2678
-23700
-7755
-27218
-25700
-15376
6894
389
28781
-26478
21166
-32295
-10749
-28280
21657
28849
-30309
-14841
-28896
21475
5975
-4674
29530
6975
-11628
-13736
28158
20875
19103
32516
4973
18259
5327
7217
-8550
-20837
-21650
-23375
5971
-27162
-5299
29172
15081
19201
-19390
23011
31004
-29157
-21443
-26111
25478
679
4023
23017
-27616
-5562
15539
-17546
18756
-21528
19574
-11914
-6835
11709
-20449
-22746
8234
29049
-2859
-23588
-3299
-32744
-29300
-10265
8177
-2172
-3952
-21758
-18016
-422
-13597
16073
-13506
1405
5951
-18511
-32171
-7225
26843
28110
14387
5816
-2748
-13943
30972
-18929
23446
19480
-29867
11853
8650
-9402
29581
-5325
10886
-12818
29335
-30029
-31913
27082
10878
30163
3051
-17534
15868
17081
3022
-14270
31612
-2196
-23848
-1569
7071
-11755
-4495
17820
15397
-4601
22092
-7248
3811
-25669
-26626
-12224
9368
1353
6657
15213
-28513
-12171
-21275
6721
-4839
2084
-31270
19124
27251
30095
25211
-15332
-26382
16939
630
14355
19975
-14839
24359
1904
21739
10468
-12585
31905
14785
-5541
-10438
-1715
-28720
-25510
-26065
27531
6617
26559
-29627
-8712
31025
-22570
31291
-8005
-25935
-10670
9920
-20538
-11407
-13189
26206
-5736
-13554
-14565
16310
31135
-11369
-30850
-12461
24900
24282
6197
-926
-22349
-27558
6201
18153
-21787
-29552
31712
-26588
15601
26185
-10797
22700
10149
27572
2095
21700
-11452
-23932
5639
18309
-10020
-17351
-30300
-27100
-8248
-17348
-20700
-16858
30614
11014
-22711
-23861
29090
-29190
25378
-7110
22017
20127
-3542
2572
22160
30094
-19368
-13224
12798
-31885
5599
16146
-24047
-8469
-14876
1554
-32464
-25585
16491
23074
17136
-16108
4606
-5890
-21763
11096
-13228
-12596
24224
-14472
4205
21631
-6850
-12886
-21472
4717
30795
-22430
21701
8397
19580
-8384
-3971
10289
-5503
-5666
12451
-8817
-19678
13996
-12114
18726
-18953
28235
-30691
5168
13523
-7279
-9803
-18481
-2037
10892
20644
-5392
-9098
-12956
25003
-28561
-13723
834
-30804
-3695
25098
-6382
-31067
-8043
27246
19034
5507
-4399
-27598
7634
-3717
1101
-25656
8904
6241
-15800
-14652
-11347
-26584
10567
20078
-7083
20723
27702
11241
-15023
-30074
-1956
13511
-9823
894
-2838
28074
-18786
-976
22258
-21303
-26241
-14471
28421
-16534
-13098
2942
23806
-26099
-494
3283
8945
20223
32003
362
-15829
28867
-360
-14342
9771
-19395
-14945
-19805
19337
-5553
12513
30750
-22734
-22359
17855
-9305
18848
12868
22170
24913
-32604
30908
-17556
6856
22462
27385
-3995
17957
-16590
3882
-2618
16021
-11103
6512
1839
-27562
-18298
-6583
-16769
-22766
15458
18839
31703
-30533
-13158
17470
32280
-12130
-28990
22181
-23033
11135
3936
-23144
-7004
10059
28070
-31179
-30242
25865
9747
-21108
4492
20195
17703
11745
9208
-30535
-25028
-21265
-28015
26474
-24500
23817
-16921
32192
-16929
-8530
-9411
23686
-3611
-29024
-26680
15638
10894
22043
-16233
14758
-25835
19125
-3792
-21594
-24560
-2127
9797
12823
-11642
-2492
8836
-903
-24109
-11339
-8321
23821
-26248
22835
-24060
-1127
4349
-3053
-31238
-14900
-5152
10411
15189
17365
-29032
21920
-23235
2547
1969
8582
-24013
18166
13755
-14873
277
17807
-3240
13025
12078
-4738
23116
7577
-27277
5299
8954
-16973
2595
-2699
-6000
9005
-19122
-1982
25085
-32270
8634
16099
-25336
5868
23555
-5110
-22328
4706
-19479
16087
3738
24628
2245
-32201
-12927
-13766
15264
22515
7243
32638
-28643
-15335
30966
20218
26118
3648
23572
754
19249
9158
5872
24841
8987
14062
-14886
-30432
-21168
6387
-30592
2314
24243
95
14715
-628
18881
-26504
-12507
-13602
-23382
8507
26936
29738
-20140
-30111
21499
3124
-20919
31557
32058
13058
22863
26306
-7982
23963
-13230
12591
-31926
28360
-10996
-20136
-19410
30106
-29901
-12329
-31714
-17195
28996
17797
25784
31310
-4149
-14930
-12223
-4812
-31266
-20409
-20114
-13755
-26667
-2277
23743
10695
-16290
3488
20468
244
-20184
-25718
17588
14034
29112
26339
20918
5671
-4659
-24433
11966
30174
-10112
12298
1557
21380
9370
13439
27399
-32202
30399
13570
-24678
20230
-5107
-26795
28422
30641
6523
2038
19519
22762
31330
28483
4206
28402
-15864
-20821
-32116
19374
-31188
-8488
22203
8139
-16411
23566
12889
18474
17297
20018
27273
14405
-18568
-26888
-17771
30803
-12789
-2091
25703
-26097
-848
-19416
29351
22173
-5911
882
25498
-19003
-25929
-10236
16755
11666
-23020
26274
-2983
-11472
15239
-15153
9587
5634
8617
-21588
19357
-31584
11635
-20109
18168
9666
-6773
22949
-10960
-4712
24831
-26050
-32238
-17298
11230
25812
-13940
21997
-29216
-8070
-31321
-13722
-6188
-2374
-19087
21058
-7521
-8777
-17966
-21382
-8345
20441
8110
-11728
29301
-6611
22214
24478
-3678
10229
10803
16018
-8197
29795
-24118
20955
-4883
-32039
11160
27558
-11155
-23103
-181
-19766
-17283
9323
-28401
-12169
-13875
21121
27856
-20023
13560
378
26647
13882
-28074
20213
26739
-16678
-17331
-2382
3109
-2510
19994
20895
12664
29188
19634
-2331
-9207
23218
10410
-19731
20933
84
-12867
9886
-24996
-9329
15696
5301
-13260
17222
13396
30277
-11263
-10248
-25140
28921
-11785
-19821
23336
-1075
13165
-20817
1677
16440
27310
16479
13339
-31382
-5437
-4248
-31431
-31455
-30768
-30908
-22630
18086
-9921
3795
18437
23757
-30375
-20820
1048
26965
-8263
-24903
10497
-26228
-32481
23929
-13991
6500
-18314
-24828
28048
-821
21094
-29486
-24388
10758
19812
23281
6840
11659
14044
29292
31818
1532
-18893
-21896
-20536
-14998
26711
-8310
-1318
-10266
-5697
-15912
-28316
-22348
-884
18131
6021
-25462
9854
-28275
-9394
28899
26384
18261
13156
22656
31825
16262
1230
1096
6103
28354
-2937
-17541
-2533
31335
-28867
11897
15048
32313
-10123
-3337
-5524
-20192
17078
27456
-26272
-19560
-23470
11978
18949
-17599
2270
17018
-10786
26170
25656
20676
-19994
-16913
8623
-3652
-30805
-24287
13756
-5173
-5371
23331
3037
-19195
-30844
8129
19730
-25754
11787
8833
-13919
-26428
22046
14478
-32589
-18351
5360
-30969
20584
5092
4351
12084
-18882
-11633
399
23960
-6510
-5136
19748
20447
8710
-16414
14348
-15786
12582
-3357
8915
-31997
-17903
-13363
-22732
17598
26501
-22184
28303
32569
-2961
6252
12406
11423
-3264
19086
-8479
-21890
-12610
-9670
2029
3419
-16716
-5356
-3975
11670
-3967
29783
-17885
-1056
-17163
-26925
32610
-21268
-10008
20695
-19306
22725
-18739
937
-32188
-2113
-15830
2801
-17190
-5561
961
-19557
10233
-12547
-4726
-3226
11912
20505
30907
398
30124
-2456
2844
29983
-8806
-30609
9900
22653
-27182
8716
-5965
-19666
16200
26908
-4878
15982
-7760
32560
14555
-25764
-8741
18203
31525
-1641
4712
-22166
-13922
17622
514
-2235
22409
-30122
-32155
-8332
4758
-3525
-18980
-10508
-7086
13134
21406
16494
-21007
27152
4820
-18629
8756
29477
-13467
-26255
-9611
-14566
14344
-14597
-28186
-12899
25754
7629
-28779
-23284
-31428
-21784
32489
-899
2039
-13250
13288
-21432
-16588
-31758
18364
-8906
-9232
-23587
23250
-7571
5746
-14127
2746
30516
-21765
-11234
-11436
30605
-30658
10993
6145
6598
-1027
7572
182
7177
-25068
-22469
28792
-13327
-30826
23724
1238
19738
-694
-16
19047
20360
-16093
20469
2638
102
-16478
3768
-11274
-32574
-1394
-550
13550
23235
-16030
-31811
28208
18423
10395
-3239
-1552
-4137
-18477
22321
-117
31485
16327
-16743
25365
-18964
20689
10134
14400
19556
12732
-14034
-27211
6464
-11639
-21137
16730
-19167
18681
-2156
-8403
4316
27065
27298
13791
21177
-31380
-13807
2666
9031
-11572
15999
29282
17382
-23845
25949
-27810
-19005
-11005
14080
12983
23870
7739
26588
5555
6016
-28448
-5290
-20923
9524
32255
820
-32077
-17858
-22691
-16367
-4695
21045
-31482
-30754
-22343
-10910
3194
13268
-18984
29994
23320
24251
30805
-31496
-21121
-25322
-11724
27110
12822
-31185
-10732
-14970
-4121
-24873
18758
-9718
-28016
30943
17817
3352
11938
5663
-22085
-12005
23194
849
-12402
17245
-23739
6517
-19539
-16775
-17340
-5722
-30487
2336
-24144
-14158
6550
4779
31246
-20391
712
-3567
-30194
28478
16971
-4214
25819
-6383
4834
21519
16398
2331
21744
-10673
3110
6401
-8709
16209
-25849
14914
-26579
-31837
17280
-2308
11432
19245
1341
-10992
28395
-10612
10503
9416
-18241
15437
-17183
3527
-16810
-18613
24935
-3038
-9352
-16685
19300
27582
-13093
7225
3264
-32607
43
-4042
-3194
-20522
-24373
-3093
-12994
27725
29663
17349
-23838
-16918
24306
-16501
-10849
30506
12819
-10053
16809
-3212
8016
11191
-27541
20704
-13179
26826
-27376
13483
-17033
29737
-4283
-10851
-11960
-8991
23497
-12246
15181
-1541
-24249
-29659
-16359
19765
13744
-9421
-5820
-9646
-32409
-8428
-26891
-9105
6051
-10458
-30099
-15524
28097
8737
26394
-21199
23337
-27051
15080
-20130
-5590
-13896
14153
-18892
11782
-29199
18853
-7356
-14958
-26381
-25151
-30602
-7837
21995
13465
-31199
25627
-30135
-15897
12082
3176
-9712
-27602
32297
-19481
-6353
-8068
-18034
32011
-24345
15913
-11066
11013
9287
28269
-7978
4796
-10194
-30373
-24033
-31722
8005
-20255
21843
15711
-6170
4669
7153
4605
7507
25605
-16109
-398
-3572
-31903
8380
-13116
903
17115
-26523
-20503
18583
-30376
-31750
30099
5954
-14343
6006
-21365
25044
-13615
13810
6284
-13995
10823
18531
-31340
-25725
-21908
-3617
-14418
-1935
-24831
-15632
12881
23595
-9263
27419
-14020
29825
-7123
-6999
2634
-11045
-28697
-30839
30276
9614
2871
-8022
-26459
-26264
-16358
-7159
28931
-32738
10090
25288
31217
8812
-31622
-26945
11116
1072
-6680
-30430
-32446
9844
-3016
30615
-15645
18565
-32528
-25931
25652
3128
-28017
-5777
-6231
6534
-10163
4965
23136
-30990
1120
-14247
15915
32401
7751
-26010
12569
17268
-8955
-18534
20623
-12609
12626
-9878
20596
-7206
18407
17562
29110
28020
17304
-22342
-2245
-24097
1617
5141
16711
7198
25249
24228
-23684
5592
19043
23832
13865
31415
-28381
15657
-31163
-6036
-25474
4414
5775
-13167
-3167
1737
-16092
14691
290
-29780
-27404
-25971
-10569
-12301
5042
-21977
32218
-11309
-30183
12657
-26017
-18889
-4671
-29612
-19591
-2296
32743
13773
6829
31283
-4892
4625
3665
5009
14962
10596
-27089
-7059
-8431
-28600
22601
22893
4212
3845
-27756
22138
17962
24231
-29044
-14519
-8441
1502
8605
11591
-27816
29030
-18043
5269
-20524
-21590
-13561
-9163
29535
-22443
30677
-17218
19517
15535
23997
-12623
21706
24185
620
6533
-29319
-31670
-20427
-28211
-30496
32110
-13126
18223
-32123
22630
-26777
-4583
-8622
14494
-18375
-2910
-6246
31966
11814
8114
-3706
-18598
9306
26506
-6570
-15932
-12159
-8200
-22113
16812
-29528
-6933
12176
4598
10884
-11956
1484
9938
-25397
-27565
-2327
4457
-8419
-8747
-17404
12680
-19144
4614
-24610
-10850
22618
9798
-10700
-31220
8658
-6464
772
30063
-14912
-4571
19678
-22467
-28719
-14879
23312
13270
21951
-30257
31725
-23439
25876
29275
-9994
-13372
-26327
15755
-27588
-6410
-26804
29651
-28599
-19854
17373
30951
32072
64
13189
-17058
-8733
-23802
-31590
-13186
23967
-12157
7740
1319
-24447
-5612
9288
17112
-22062
-17231
-29134
-21502
-19811
21009
-11672
5798
7322
-9858
-14192
2563
-25999
-24918
-11945
-2282
8903
-25125
2199
5205
-17927
-14098
-11745
26330
-24312
-16976
-272
-26678
7848
9223
-17210
-32298
-25735
5521
-27951
-7914
-21887
-25626
16010
22503
17275
4596
-18163
13292
4374
23472
-7366
30279
3480
26628
-19077
-18489
-27088
7446
-6050
-217
-18691
-12830
28927
21584
-10082
-8109
-32264
-23500
-3365
-29396
-22648
-4628
-15077
18373
-29092
24805
2218
22851
-27492
4566
-28075
16722
24821
21245
-10175
-2421
28025
4098
-152
27240
3050
-16639
23216
-6710
-4340
-30087
15901
4778
-32192
6841
-4981
29719
-18084
-5289
-725
-9958
-18750
-12418
13263
19252
-11708
14800
8681
15840
-17856
32524
-12560
-207
-6477
27463
26522
-29158
-29992
-4715
25023
14490
-20229
22392
13342
19440
6917
9026
-9978
-25354
-10088
8002
-16103
-9361
30721
24465
6542
-1431
17844
7477
9130
21610
1925
1815
-19535
-2482
5210
3134
25555
10619
18842
-30298
-2641
-9651
436
5178
-11816
-20656
-6806
-29782
-6777
-24487
3126
-12102
-5549
32054
-3853
16969
4076
-27611
-21143
-31167
-24998
14458
17364
27567
-6670
31963
25546
-579
23962
-12842
-11777
5702
21637
6573
10573
4145
-27368
21003
-5941
-20150
13246
-8987
2244
-4127
26938
-17989
-15339
4520
-25578
13381
-16446
31609
12368
8727
9888
6329
-21431
10323
-32093
8974
-22027
-5971
26787
-14629
27743
-30133
-5383
-25904
13160
-3804
-14849
-13155
-31231
-4463
11372
22646
-7075
-15832
-263
-26663
-27380
-9413
16118
7093
11321
-8769
-10341
8155
28244
9729
7400
29691
20605
-1364
-15250
-21106
-5807
4013
-12972
23752
8295
29492
-26859
-18813
-1365
24772
-14309
-1647
31572
-24095
31848
18402
20935
-30379
-26121
19199
-18448
-17904
21916
-10319
-29722
-4638
19389
-13892
14544
-30340
-26443
-31664
-19620
-7706
-29671
12876
-20489
3577
2170
-22835
-29689
32733
13740
22372
12400
-19626
-17518
-11843
-2799
26340
1137
15384
27897
-25909
10924
-3727
2713
-7403
16346
17719
-22747
-19576
-7929
-5199
22000
-972
30156
-22409
-2446
10586
16804
47
-16165
-11450
1493
17941
-1368
29805
-5158
8739
-20686
-19553
23787
-13742
17491
9919
-25745
26774
-10932
11435
-19690
-7850
15088
28270
21404
-8840
3112
25907
17614
-7563
19348
-10489
-362
18674
-21874
-6369
2719
-8289
-31617
20575
23431
19536
-4066
11483
17867
-20559
16929
-19361
13211
18015
-6748
-16101
19912
24276
-29632
805
24617
-5139
-6317
12044
-379
4576
-16395
-20440
-21773
-23371
-4767
19820
17090
-4623
-20395
-4774
27496
-9470
-1894
-21197
22936
14545
-2259
-28817
-6133
6678
24163
-14329
25781
4544
-31151
-4203
-4979
-18761
-20726
-11024
-12209
301
-18841
-16729
-12112
-22381
-12957
-25463
13594
7693
20268
-22241
25400
16790
28948
1234
-15804
16277
30921
-7449
-11546
-25689
28423
-12454
-19769
-28933
29460
-4382
-14221
7849
-3643
3760
17861
-1545
-2486
18116
15488
10962
26817
-31725
24867
14221
-22741
14706
25420
-3367
-1275
7234
-401
-21524
-10232
11008
21203
-2769
-17772
-13648
-21741
22295
12756
-15520
23969
-22737
12956
-29968
-2225
14251
-18360
18500
24204
-26569
-18857
19367
-26618
-14650
4588
-30088
-9927
-23856
1086
14493
7237
-7458
1660
13858
-4191
25121
-17703
-4535
30591
-619
-4929
20990
4177
-1183
19061
-15198
2919
12003
31529
16992
-27289
17092
11333
-9778
-28544
24497
-6949
-6652
-30078
21227
-1327
13999
18145
17001
32127
31736
-24317
1426
-16408
17602
-5326
16523
10344
2977
31055
-7898
1825
14303
18180
4135
-12859
38
8951
25281
29551
-19718
-4914
28186
-1724
1352
-19782
10470
-25805
-10625
-9652
-22444
-30693
1930
-29624
17441
7512
17023
-31069
-15991
30558
-12382
31183
-9996
2382
-5673
-32504
-12413
-17743
13247
3515
-156
12294
-25863
32606
27304
13047
8852
19197
1586
16250
10004
20660
-31430
27837
3331
4934
8745
-11188
24043
374
-16966
23189
6838
-23692
10153
-13147
7732
11991
-20485
-19012
-3993
-21029
-7251
25852
-1613
17696
-11727
30169
6054
-24950
-14530
-7567
5517
-9460
-27515
28131
-6370
12414
14093
-6796
-32356
-23025
16002
29144
-6285
21374
-13195
-25674
-18213
-25215
16393
10450
-8120
-25281
1301
28083
-26263
-15187
386
18843
4919
-16533
-31642
16240
5224
-14304
-30758
3256
13655
-32443
23471
17171
9140
-31985
6356
24760
-361
8613
-28229
-768
16884
27790
-12427
-12840
9409
19819
-26440
20574
4158
14239
6847
5661
-8689
-3762
-6814
20629
25294
2092
-22843
21025
-2309
-25784
-15783
25440
4906
4232
22169
-20915
14799
-9448
-3522
-22143
30535
-30229
-23883
-32427
20159
-2306
14395
-27454
25900
19540
13654
5187
11207
4772
-27145
29571
5539
-7114
28382
15470
5080
-15202
25128
-24383
-18103
23841
-15459
9173
30345
16570
9641
-24951
9917
7661
-15561
7787
-29217
13142
-10712
32210
-2784
11302
28233
-32256
8278
-10708
-21550
3627
32725
3390
-13403
18115
18003
-23175
27197
10986
18197
6094
2961
-22871
2325
25904
17597
23676
29938
-5648
32064
-6367
-23650
-6837
-16543
-22313
13914
21197
-9444
3476
28645
-16666
8140
32528
26610
-13266
28333
18576
-30667
14753
-19843
-21408
-18221
-17786
13237
-32234
-22956
-31422
-12905
30242
-28837
6328
25391
4587
28642
-2688
-9581
-19921
-751
21512
31191
-15875
31524
25053
21463
-27567
-16643
12875
-2596
17453
5553
-16558
11253
20859
23578
22598
-14215
-22380
-18102
24730
20659
-31129
7814
-26356
29772
-16856
-2465
31965
21779
-11044
-11223
15778
-2491
10939
-5468
-13331
16033
17735
20006
-3099
-15380
-12752
32641
3636
-7715
-5841
3307
21564
26167
-27113
20553
20547
10232
29948
-17317
-13730
-25201
26740
7085
26483
25235
20924
29235
30484
8645
-171
-12969
-11264
-17284
-27312
-17302
27423
17009
-6272
-4237
266
-8571
-31342
25645
-32590
-18088
11768
-6855
-12611
32047
32543
10374
25968
-2272
22813
-9082
15203
-9899
-2416
-13847
18214
20059
-8629
5857
-22795
30052
20750
31513
9142
-2519
31427
7025
-12715
4930
-21463
19977
19214
25592
-21042
42
30606
12563
-17387
24928
22990
16345
-5731
19213
18899
-6795
-16201
759
-8614
16477
-6852
12577
14599
-5600
-26629
19270
19644
-10233
-2165
-17243
-13502
897
27001
-18826
-27604
-14383
18588
-13326
-8574
12495
-25694
28828
-25901
25636
32
24660
-446
26387
-21815
26672
-27895
-3736
28109
-16995
-9107
-16877
-466
-5447
-3202
-6901
24021
-15324
-20491
8047
-6723
10974
-26955
137
-31415
5051
9365
16655
-14408
-10283
-24968
-15342
-27965
10927
18299
25915
-11444
31157
31532
4257
14510
-16443
-8318
-10765
19854
5824
-21748
-25756
22986
14906
-14089
-1667
4193
4253
-3657
-11732
-25233
-24974
2035
14721
-8172
-14883
-25290
28514
22021
-30102
15570
-3764
-30454
6084
16856
29333
4059
14255
-27114
17545
3925
31228
18395
16120
-7176
-7030
26561
32685
31517
2953
-15734
-27225
1728
5832
-8986
13475
8551
26511
-26820
-11386
29121
27899
-30680
-28285
-2772
-22346
23688
2537
-19114
19832
25471
-24908
-14861
-26160
-3075
-25185
17835
-31132
-9919
22669
-10621
29834
24573
29569
15299
-20527
29585
3731
31614
-5283
17228
31549
-27488
-32138
-23452
4662
-16839
21413
3314
-5516
-31643
-16512
11274
13701
24317
28221
10759
6030
-20615
7913
13214
14248
13193
26363
15150
-3109
-10740
14568
4056
-28606
-4425
-31748
11405
349
-20829
-29661
-11667
-21072
-10628
-21456
-8755
-5015
-5061
12049
-18485
2613
-24137
-11798
-15557
30133
-17886
-32026
24305
1699
8309
-19099
-16943
25870
-6052
-21980
-12500
18189
-29477
3428
5943
29525
15742
27435
-11049
-15286
-20151
-2564
-19822
-5218
-31106
17132
-4549
-11031
-3200
-21386
29867
26416
-21927
7819
3888
29215
-25097
-16075
-22439
7803
-8210
-23638
-25811
-7255
2246
-1487
-17264
-21193
3967
-26047
-4359
27966
-25771
32353
10226
14922
-27135
-26437
-4752
-4896
-18186
-129
-32380
10623
-24165
-3927
31715
7671
2886
22350
-8731
11773
-6384
19886
-18623
16486
-15868
24426
26932
-21985
13784
2787
-25841
-29140
-15
13552
28198
18125
25130
-7768
29126
-2405
-13681
-325
30498
22220
32358
32514
-25265
6171
22513
15018
10601
-27409
-22205
16188
1865
-3215
-18359
-12828
17873
-21274
-32403
-5522
4741
-14684
13384
-6986
-25966
30883
-30095
1747
-30616
8224
18837
12202
30611
13834
14841
-8633
-14106
-12492
-11228
-1643
-19655
13445
-15707
3522
4519
21433
-3607
5476
-6542
5556
13081
-4498
30102
2652
11917
27578
22329
20380
-11167
-8959
-20784
-22699
15950
26207
29542
14549
18450
-4757
12555
13274
-18395
18041
-8522
7156
-21494
-27922
-13547
28834
3207
-26126
27302
-23088
11878
-30797
-5609
3415
-32090
-16403
-4254
-21228
21262
32036
956
-31444
30151
-17609
-2171
-19466
-9481
-12140
11792
-9744
19041
-6689
-22670
-9445
-2812
7611
-4650
18485
-22106
-6093
30950
-23507
-32727
-26538
-2868
-22424
28555
21383
-11250
-18690
-9995
16857
6218
-2369
-15785
12070
6557
21955
19785
-32111
-25330
17082
7348
17080
7027
-29204
-12170
-30956
-18343
27215
23639
-9046
-7552
21043
-6126
20228
-32457
-20816
-2548
13629
1253
-8452
16308
7843
5745
-699
-4663
-27534
-8669
-10077
6115
-25697
20337
27440
-2800
28561
27515
-25487
31888
204
10252
-31768
9814
-5954
16090
-1326
27833
-21544
-15294
-21112
-8503
26977
26411
16278
20506
-21572
-14864
2442
-9966
13000
-24608
-6389
19346
20350
1826
19281
22613
28724
-17480
2140
25578
-23099
18537
-20633
-1002
26854
10877
-23503
24400
13327
16931
18312
18066
4635
21907
-6704
-25808
17100
14978
9493
25389
11455
-31789
-3217
29473
24621
29701
6379
-11845
-27234
3923
-13226
9760
-27502
-4056
7372
7991
16816
-6829
-10502
23401
30938
6632
8368
19954
17339
2674
4943
-19332
11673
21646
-11799
-4385
-9227
-5817
-17252
31458
48
5442
7120
-12495
20288
-1773
-19393
-25981
-20971
-22002
29266
4898
31109
1644
-23525
-29171
-24569
-29290
-7097
32497
-14029
7311
-21291
6441
22069
22571
27459
-26752
15521
7914
31496
5206
13032
14293
18715
31039
-12635
-6205
-18358
26971
24124
29022
-21243
-19159
16941
2552
-10415
-4775
-2741
5329
-29373
-8961
23745
5937
-25009
14816
14112
-24420
-28546
-25862
2876
8376
17642
-7820
16794
-16991
1320
10670
19970
-29247
32766
-21808
8669
-32148
-32349
-23563
11080
-21966
-25007
29944
11613
-6033
-20389
770
8660
-20667
-17681
18495
17156
30609
2536
-12264
28385
-15018
-10896
23192
-997
-27974
-16591
-6029
69
-25968
15576
13360
26867
6210
-23243
-13484
-16820
18546
4848
8714
-14532
26383
-14289
-1082
16034
-22925
-30417
5264
31811
-15893
13549
-17443
11459
-4218
5419
3328
-29353
-18525
-7400
11603
-13670
-14637
-14297
-31345
10331
-22142
-20105
26270
-24824
17782
-2550
-21946
22050
-24794
-24934
22374
21432
-249
-31379
-13941
30483
-14396
-18308
3344
-28626
22631
12352
-26302
5213
21552
28213
327
4548
18962
-25776
13176
5687
715
29601
2955
-32735
6382
-28182
25020
-6675
-17732
-11185
-26981
-12274
15431
-18510
15946
-25675
-10300
-14670
16847
27825
-9598
-28666
18172
17549
-1413
-5314
25504
4917
-24548
25200
24001
-20357
774
-8125
-14692
21901
15117
-16837
-19842
13579
7845
25992
-30742
23777
15548
617
-25762
5525
-27397
11440
-25259
-3023
9334
26632
19512
-27359
-2561
31831
1845
-1534
11407
21912
-6374
4311
12425
-22673
-1582
-6490
20523
19032
15849
3667
16789
-8728
-2768
-15436
610
-9379
-7346
-22462
9873
-19172
-29848
21898
26897
-12204
17116
-24948
24154
9474
-10342
7920
-6802
-18065
-8411
29407
-13237
-32629
-19263
-59
23470
-1648
7472
-12319
-11661
-24440
-10956
26512
-30864
5378
31876
20460
-24002
19433
-15471
-20788
-4665
-16137
-25449
-22755
-20856
-7445
-10116
23265
-13035
-28580
2584
-25677
13725
32531
7528
27869
27176
26019
-17431
-20158
-26762
31328
-13924
-4758
-7492
-8736
-3325
-8064
-31047
11857
2778
-21475
32253
9927
12118
-16843
-15731
-8366
18230
-18306
-12218
-14085
2947
-12800
-21336
20944
1917
8635
15073
21102
10742
9819
16353
8165
16696
20594
-13238
-7617
-28212
-29054
-25812
1811
-1408
-19394
-14483
1264
-22997
-12484
-15789
-21745
-5778
12240
20163
32690
21620
-17624
-16620
-29954
14804
13819
20216
4370
23298
11083
-16381
20479
-14836
12131
5912
19002
9899
-12710
-13324
17972
-12104
-23660
5704
4007
-32329
-14113
20877
12623
5456
-31091
19454
18339
22996
163
-6725
20967
-31904
12918
3939
27675
19019
-28107
14321
-10902
-22718
2484
23809
-6870
32010
-23783
-21575
-5347
-3768
1772
2723
17819
2964
4952
21341
13026
-8560
-27278
-13454
27214
4183
18385
5656
-32249
-8164
-143
20966
14390
5621
31389
30057
21241
-17709
11955
22550
16989
11123
15083
-16870
-3872
-8306
-16674
-28199
-21603
23018
23830
4822
31253
24353
-5989
8190
-24053
-29973
4798
27662
-2359
20769
21086
-14322
3229
25697
4916
-16001
-338
-19827
13294
-1728
-17649
3253
27452
24667
23612
-28586
-27583
21498
-24070
21690
-8219
-612
23141
-32176
4473
24070
2192
29299
16241
-15593
-27486
31051
-8561
28852
22467
20255
18493
30123
-11312
1810
12149
27972
27425
-1713
30802
13696
19322
-7135
-29335
-17447
-11747
-17173
-25730
-26102
-11531
31546
25985
-6439
-23325
30869
-10417
-6156
6200
-26631
17199
7186
14504
-29663
12023
6807
32175
-29645
21114
24114
-13509
21079
8865
4412
14651
-5793
28787
-10361
17899
31388
7774
15036
20788
6298
4691
-7801
-11831
28115
-19525
-13388
-11100
-3246
16752
8267
-2825
-23113
-23788
15449
23771
-27924
-1167
10657
-31568
-18322
22624
-22122
22134
3759
23405
-14144
10302
-29929
-17708
32318
15747
1010
21340
-1072
-23300
-20349
-14159
-24177
7606
19307
-32170
-5251
-29225
-14784
-29070
2956
-12205
-15716
-26143
-4308
-30427
11427
7430
-29771
8205
-29611
15600
13056
-14817
-22541
12715
6074
26189
658
-1828
-28734
-11834
31031
-22250
3033
15255
-22458
-15262
825
-23944
-3537
6166
19804
24662
-30378
16778
-6981
-28310
13487
-2627
-18778
-20876
32540
12288
-20517
28454
31849
3163
-28581
12827
15375
-7896
19308
-23429
13051
-5638
5271
-31534
-23876
22966
-307
-23677
-24983
14188
25531
-7494
3222
22491
-31393
-12414
-15544
28248
25406
28777
11553
30682
14149
24782
-22548
-5923
21505
1781
-22963
24655
8630
-24589
12560
1763
14597
-22850
-13659
20310
-6985
11477
-3389
-22492
-5210
5480
-31459
-3546
5067
12052
28071
2592
23269
-1789
5807
29466
-194
-14241
17363
19016
-1784
-6928
-5258
-8158
15551
29580
-4949
9460
25613
21745
1721
19220
-14743
17049
30173
921
-7297
18859
-20418
-29509
-2506
2898
-5478
29499
12997
13941
32446
3518
-14705
1940
-29919
-939
22009
-12598
26968
4672
11381
10087
-14915
28708
-25011
32715
19219
24754
491
-315
-30214
-3214
6785
17633
10846
-23900
4915
-23154
-30755
-19568
-24846
6230
-27141
17127
-1793
29180
-12244
6173
2143
-32338
22790
-27489
3663
-19098
19362
21354
-16541
5664
29485
15427
31858
-19197
-30030
-24676
10425
9561
-4591
13951
29564
-24116
12888
-18661
31379
26342
-24845
-27093
24162
10584
-29339
-27092
27229
27453
-23085
2851
22323
14046
2157
27577
-26969
10299
-19688
-14341
-17876
32448
-28500
8014
-858
30380
18133
11634
19484
-25838
-7195
13169
-30395
-2141
30623
-5760
-29457
-14496
7996
1111
-32546
14513
10676
-27131
-21904
31779
30934
23926
-29789
-30360
-6518
20483
-13834
-28086
27681
29346
-11361
-5498
-28977
-4435
11536
-29272
27398
24536
-28735
-28031
15351
-21390
-145
13027
21303
-9173
193
22570
-27449
-4765
-3143
17456
22557
22209
-31914
-8465
-14810
-14681
6432
-16998
-17352
31272
28008
-26642
18733
-18894
-31786
14383
2543
-6247
28510
11642
24506
-24050
22529
469
31868
-19668
-29844
-10437
14567
-5203
-1947
23028
29426
-13084
15903
-31833
22974
9773
15723
-6424
-23853
13653
-29242
3572
14656
-24364
-15190
-16114
9011
-15306
-29341
24030
11301
15949
-17682
-29595
-11609
14459
27131
32645
-32316
-24342
8978
13831
-32040
-5745
14479
24328
-3249
-15494
-5689
-26378
-27813
26957
26765
2183
32381
27193
-31804
-18020
19207
-11311
-12785
-18518
-22955
20533
8858
-10367
-8492
-25651
-13421
-12236
-27349
31929
-10596
-268
-18674
-24438
-7616
2931
-7506
-15810
-5761
-3352
12236
32533
-8175
-9591
-21687
-7054
31764
30704
9072
24895
24133
15575
10393
-18562
-11040
19509
31883
-6601
20897
7798
10537
-9468
-24471
32053
-6114
-11682
-31943
-10239
2025
-32301
32360
25456
19930
-24230
19463
-11462
25355
16367
2217
4634
-3526
-3356
-30391
-12851
-16304
-27789
16420
-25377
-32473
-15372
-1263
28016
1290
-4904
20663
-18401
-1764
-9493
-23860
-3660
28860
-2143
-3147
4425
5953
-23233
1715
5882
19635
10677
21785
-6331
-26653
-8980
-22650
17371
17678
8579
-1353
-12428
-22068
-23652
30172
913
-26624
-510
-29454
13714
26958
-12551
-4700
-4346
18651
10046
8296
-28790
-10189
2019
7031
-3450
-7211
-12858
15860
24252
864
-10252
-6379
-1719
-25788
1061
16015
21033
-25587
-215
-31925
-18070
17308
-3702
10070
-16579
-30643
31194
29457
9019
-8928
24487
17129
-12925
-20236
16316
-17241
-285
-31950
-12463
9241
19381
1622
29206
24965
-19904
31158
-2821
22003
-396
16687
-30725
31932
10354
-29119
-5856
-25711
24134
-9477
-13130
8872
-32182
-374
-23441
-3651
-19198
-21789
28821
28573
-16940
-20575
25632
-542
23111
-28800
-32729
-5274
-31658
-23057
-5540
-16428
4397
-27525
-9186
28971
-13600
22926
-18228
7743
21575
16219
7846
-25936
20201
-15440
17634
-1509
19088
-29490
7457
-19415
14268
-27637
9730
3420
-4118
-3673
5796
-24863
27272
-21375
3902
1278
-8602
-811
30393
10039
-22438
23202
-21934
26415
-29757
-6572
-695
14774
27584
7724
3407
-26084
-22275
10396
-8891
13363
-31585
10777
-17926
4356
-308
12004
-3711
-16154
14942
22756
-30265
-6684
30915
-27171
-14474
26904
29901
24397
-16525
-16635
6708
-10144
30490
24322
-7247
9132
14611
18118
-13389
26002
26919
-27498
3709
20221
-13634
-16927
32083
-26963
19451
27801
5783
-26684
-29529
-23183
-12486
29939
-14622
-14012
25227
25746
-15610
25817
29224
-16497
-27648
-7072
-13604
-15180
18378
7411
-9157
-7846
1753
18846
22474
12045
4726
5102
24263
29590
-18405
4236
-29610
-1946
-28247
6436
-24197
7353
-13662
-21224
-12044
2389
14194
17676
-1818
26388
-3183
-32584
29997
16738
27669
-20569
24293
21485
24711
-3199
31625
-22823
-2253
-25601
-24194
-26823
27474
-4573
26184
26937
16589
32617
-23742
11789
29223
15019
-17391
-22901
21221
-5591
10999
10572
4260
13429
8884
3692
-17446
7766
25194
29495
-27600
-3595
2625
-4626
30253
20331
-30148
-23524
23657
11793
-7779
28315
19670
29659
3570
7079
-25963
30572
24873
32320
-15019
8982
1044
6467
-734
-25287
-1825
-24512
27397
-32736
24313
12816
4961
17672
16576
19066
14988
-51
27532
11916
12767
-9039
-15419
10488
-23
28887
-19039
18788
-18539
-3794
7474
12554
-22485
-32670
2568
22414
-27595
8489
-20215
7473
-23420
-7470
-5640
3252
-16597
15856
11041
24361
30470
-6872
-9024
31082
-6189
31441
12455
-2955
14182
-15102
-20443
32012
-11480
15676
6366
-22986
740
-12376
23027
8644
9402
-26755
3740
-2146
-13080
6207
7434
-6077
-18599
-7852
11711
-26059
30258
27159
11263
-21403
-30387
16008
19752
6792
28523
-5200
15614
-15732
-15168
-26240
-24617
30010
4463
-9908
10592
4873
-16696
-28304
-16948
3964
28730
30223
-21425
9483
-24170
-8652
-6222
-15931
-12542
-4740
17411
-31939
-3085
26789
-15899
-18160
-21527
12778
16908
-22870
-10766
1275
20510
-18445
-2372
-8414
12551
-10295
-1496
-20010
18448
-22075
29020
-28776
10893
-26351
-2348
-28240
-7834
-28673
12825
-27305
29688
29254
-595
-20707
-2975
24006
-32643
21738
-16873
17072
22481
10614
5884
-8781
-6569
26100
24489
-12087
19750
2209
-28440
1550
-4186
8799
9475
-9586
32755
9810
-1708
-22372
5464
31519
20322
13518
3178
8668
-7480
-19097
-30930
-29098
2385
-29523
-19461
25220
28539
-1866
-19022
-11335
-13375
24672
-7894
-26902
5940
20377
27605
12378
-14156
-20120
21293
18948
384
-3760
-12838
27836
32624
22303
11055
-3684
28513
-20961
-12440
-24394
21471
-8684
-24572
-3928
26955
11471
18070
28121
7047
-18588
-9385
-8831
26560
26135
21266
7160
-7435
24595
-1074
16707
-19291
-16162
17949
-23073
-2438
27096
-5390
1994
19277
-13794
12408
-12869
2462
-8347
-17355
-25468
19564
31455
867
9941
4955
8823
9305
-2844
7316
18384
25479
-1282
6269
-1035
-24986
32283
-31155
24008
-18650
-1486
-31717
-20512
-27542
26564
-7338
-22446
-17343
-22828
26584
-13185
8568
10495
1497
28006
-19960
6310
16880
25765
-1412
7753
24150
13677
-8523
-15665
19098
23587
26585
30211
-3290
23909
-350
26010
11356
-28525
-18435
29360
-22514
-17947
6487
-21845
-3170
22244
-13665
-14211
-6259
-9233
-1237
-31252
30193
-18391
-22583
-21367
5426
313
-32250
18929
-163
13849
15527
-21620
-9886
31808
-16104
-30479
30464
17098
22131
11163
2129
30705
-15405
31585
-15986
8912
-2381
4326
25788
-24256
19688
-21733
-4788
-12412
-27286
-18620
23974
-10403
20724
28907
5919
5690
16419
-20377
-18727
-8264
28430
12344
25783
-26634
31802
-29385
4887
-22212
-25312
-10399
20381
13452
-29573
20951
26568
24035
-120
-17663
-32226
-9533
-29711
-29834
-31020
-30313
2096
14146
17982
-5069
4749
-27015
17905
-12525
11791
-11160
-11652
24872
31548
-12935
20934
26149
22066
-23776
17914
284
5460
-31511
14418
-9348
13479
5048
-25722
7731
17532
31317
13086
6186
-12289
31879
-21078
-22407
9774
-13821
-39
19204
29892
-24337
5265
-30
-23822
-4845
-19723
-29706
20250
25593
13318
-9965
14262
24379
-20298
-27661
8283
206
-28980
-8616
7758
27034
1323
-26260
28614
-4828
13875
-15867
6078
20956
-28914
-15218
7747
-4037
-12078
-12094
-26775
22588
23871
14550
10557
-31000
-1706
-32570
-14997
-12772
16936
-16302
-12769
-29089
-3435
26247
29707
28148
5060
18688
-24783
490
32190
30749
-24460
23985
-1636
-8715
-8063
605
-6330
-23437
-9864
-3801
-5079
22394
-30912
489
-31736
-27519
-26799
21758
736
2153
31691
-4376
-2726
14859
32144
18047
6335
18969
-15165
11936
32737
-14506
4086
-21586
-5671
3773
29042
12186
-2281
-5406
7990
-27825
17983
-27370
-27006
-31293
-797
-810
1204
4373
6640
-688
6976
-32071
-19590
-3950
2111
-31488
-2201
31970
-16477
2139
14072
-29431
-2978
-28858
-1624
1337
11758
-2828
-5579
9534
391
11214
-13790
-1152
-18611
-6048
-6228
-30892
-13908
17659
8940
-14251
-29773
11158
2099
29630
-1688
9598
-5912
28108
-14666
-24929
23736
18977
6712
27794
-10905
-9377
-12601
2003
-14078
-23040
24615
-7061
-15264
14074
-3125
12800
2555
18467
20744
19133
-12720
22806
-23477
-30997
-30389
10379
-12872
-10635
26576
275
-11356
5576
3539
26600
10887
3807
13901
10197
11761
12403
15138
-23997
32644
1256
515
20047
11999
-9603
17450
23143
-29742
-21154
11106
-7333
-29412
-17818
10474
-14731
15607
-8239
-12698
5822
-17640
15363
32041
-17075
28114
-32253
-7266
3954
1223
-31032
-2505
24746
-19995
15975
29184
-843
-9124
4545
-17790
26081
-9806
1843
20793
-11994
-10441
9253
-20570
7269
-29957
-367
-14979
14377
713
20064
23301
-28757
28751
17908
-18956
-21409
14201
25270
-20069
22254
6942
-195
17040
-21094
31220
-11093
-16326
-7756
-23683
-18608
16925
14666
4933
-14921
19652
29046
-25030
893
4377
29561
21106
-24580
-2097
-1735
19676
27275
-12010
-18547
-25866
-25381
-31797
-19734
-1142
-29221
14166
23435
2498
1449
-20708
16239
-21492
19429
16737
-14625
-26648
18100
15534
28711
-24289
24697
28597
-19814
-4431
-17184
-23456
-2565
-9720
13790
-12901
7330
-25339
5877
-19318
-22025
-8235
-469
27689
1089
-19989
32709
18051
20435
-8599
24525
21735
31259
-3452
-69
23705
13647
-19424
-25907
16783
-19471
-644
18923
-21410
-8009
-14018
-2499
29493
-7761
-29144
6618
-4007
-4632
23576
27361
12182
-17864
-9672
14391
-16923
6986
-1045
4879
-13462
22638
2564
11224
-15587
-8173
5014
2024
-19728
-13475
14237
-10338
10618
14183
-17936
-13970
-20590
-503
9916
-14680
11923
-5566
-12201
21061
-9773
-30131
16678
10854
6663
-21131
-2691
-11409
-5282
-7133
-4373
27072
6087
4774
22196
-29584
4157
-18114
14871
-27666
17854
9125
6899
26773
17163
22399
-13495
15024
-7128
-27959
-17489
25207
-29256
-6886
6365
-21163
-7653
31523
-4835
-2649
7494
-23047
31507
-12662
4103
-1388
811
8793
23208
-2523
16970
9644
-1525
17438
-24836
22184
-21480
10761
-32381
-30488
-29439
-30046
-8541
-30867
-4950
-25938
32241
-30943
-1975
1571
-21493
-19711
13493
23520
14572
-12180
27381
-1372
-21310
-6828
11447
2354
-18696
-7085
-5381
14224
1242
28284
-5181
24590
-22252
28156
27991
-30304
12697
-2131
18110
17375
-28013
24192
11365
25566
6516
2397
-10086
-26895
9877
-22597
-10095
3133
-1836
-15140
-29222
3499
-21500
-15607
28500
22320
9165
-11403
5421
13607
-9678
-9251
5567
29233
-7256
-21370
-8498
22319
-14669
16699
-24315
-5351
6713
-12963
18375
-31564
-24216
9605
-4996
-7945
25917
-6208
28176
-19613
26101
-15697
8338
28239
17560
-5552
10108
-16082
24654
17759
-6366
20998
25626
20548
-21368
-21898
-17046
-25299
6821
-27865
-26470
-17275
15055
25733
-15910
-27010
11889
2001
-32047
-26949
-20804
9275
17024
-22440
6440
-7915
-19885
-18716
21516
30531
-19363
27335
-24899
6185
-6022
-20977
-26979
-8169
-5770
19654
17076
32162
17559
13761
-6218
29454
29704
32248
-5681
-32219
-14887
11084
-4167
-1453
1790
23248
18934
-20970
22099
17974
-1902
-16658
14727
-26254
20654
18441
-23796
31254
5286
21588
19848
1921
-8677
939
-4922
15862
1907
1288
-13744
-25490
-15984
13095
-14689
28532
22727
17694
-13419
-2284
-20252
29260
-10972
-7025
-29350
-18439
21986
-18145
5091
-2853
28839
15491
-17679
24507
29356
-12272
7364
-25045
-21053
1941
-9128
-3192
23995
-25340
18433
-15312
-1819
-10108
-3051
-20938
-3245
29095
10705
24241
23160
32616
-727
18664
14151
-28729
-3273
-133
24350
-16337
-15013
17727
-11144
-10845
-9437
-28950
-24349
-30158
-31447
18351
15269
23357
28512
-19249
-7044
6950
13002
32193
28479
-28970
16245
-24023
-14240
-19206
9214
-19181
-11687
-32150
-5128
13805
6802
-29976
-32435
-12294
-2566
-4939
5319
-14635
3209
1524
21291
7826
7534
-26933
-9298
-4817
26689
23636
-10650
-28449
-1009
-5881
-16675
5908
21331
-10985
-29741
6314
-21379
-1996
5790
-6911
25042
-26211
5625
32338
-22616
-18744
-24993
10840
6836
28591
-20644
-22272
30825
-23253
25513
-15562
-18063
22441
-11381
13837
-28382
-18618
10442
-18384
16779
-13381
-6612
-3473
-3859
4011
1398
14835
22147
31106
-1723
1607
-6097
1189
-22131
-1574
17069
-11530
17769
-15616
-7181
1203
-25024
-2211
-20510
26999
-1172
750
28183
18974
-30499
950
11256
11985
-4539
-28654
6134
-4862
19273
29627
8285
-16444
-27418
-22042
-28253
5950
20890
30414
-18815
-24683
1583
-9398
24560
-11658
-5528
3426
-20417
-22983
-32548
-7300
-18229
19707
1857
17667
26860
-1402
-20260
15577
12627
7179
-14041
28032
-9913
8829
-32658
-19126
19410
-10782
24830
8757
23108
3469
29726
15581
-11683
-25260
13958
22641
-23384
-16611
18911
-7957
15827
11692
-28983
29147
26345
31377
-17271
8176
10292
22274
-17547
-28071
4500
-17106
27621
-20213
-32683
4282
15097
12788
-14943
30933
25535
22881
32564
18206
-29840
-21465
-14000
-3757
-11314
10178
22442
10770
15688
30880
-10562
-10870
7464
-4284
20340
21223
-6957
-20779
-27634
-25777
-6587
21653
2064
-9317
-22800
-6763
-12649
3549
-6185
-25940
-2257
-22911
-27563
-20505
-26718
-25368
-18112
-26664
20971
-3159
29075
-22546
-28055
4053
-8717
6211
8442
-14140
-535
17329
-5630
-21057
23805
-24985
18344
-1039
576
-15744
14100
-9443
-2593
2275
23838
21960
17262
10213
-18188
5435
-19277
-19583
31028
15690
15626
13838
6421
-22949
25446
-5712
-5458
-27622
-31491
-4776
17612
9396
-32248
10436
3353
13592
-3741
-16049
-15778
26816
-24332
-25300
-20605
12194
-23071
19615
-31942
-23940
9464
-18482
280
-10270
5719
12801
7304
-30071
569
18580
-23107
18335
-9201
18897
-28736
5800
25997
-2129
-17923
30980
-18986
-26124
-7541
17413
12830
899
-19243
-7284
5356
-25238
-18853
-5454
18147
-549
26947
-14792
5942
-10056
32640
-6873
10075
-23482
-22933
-17686
16974
-8631
-3137
6431
22895
18765
-11820
-17715
-16412
-20168
-27644
-30827
13265
30225
31722
23391
2184
29344
18175
21537
-20180
24758
15105
30676
20608
4673
-3045
30733
9796
-20227
-27640
14900
30092
26914
3985
24874
10600
-17613
-771
9568
4305
11184
24861
-30424
-3778
-6560
-27872
-31578
-29045
14101
11826
31508
19335
-31871
-21167
-14525
12570
-5472
-31962
23413
-19701
-10579
-3622
21848
3216
-26658
-18970
-11636
-12489
-20918
3310
-2206
7885
-12227
-9417
21894
-11368
32341
1039
17263
20680
24678
20716
23955
24491
-2911
-13870
-26138
-17537
-26652
24286
-4405
2160
350
28934
-29677
-9420
-15972
28472
-32568
20637
16911
-2017
31711
-208
16098
26776
29676
-20934
21617
-32437
7487
1271
-11729
-29387
-4086
32394
-25246
3046
-18732
3214
-21082
20937
13412
26798
866
32038
25223
-5743
25650
9271
-3800
-11678
-8721
1901
3008
-32764
19072
8450
1809
23898
-28753
10481
22704
-8664
-18404
20375
21726
-27843
23548
28371
25984
-16431
20545
24714
-5280
24434
-13246
-25893
9964
25443
-6673
-31788
-31876
-62
15346
31012
-24408
4769
-15291
28150
16764
-27827
15822
-7628
-20589
-239
-27022
25617
24408
-4094
-29444
-16687
3056
13898
-25922
-12351
11376
-19150
-22284
13254
-1677
-14838
-9503
-25141
6372
-30842
13605
-630
-19978
-10547
26757
-5818
16740
-5022
21676
-21509
-20948
18143
-10918
-4709
25832
28485
-8912
-13235
-4414
-11706
-31168
11198
-10632
-4324
-13349
-14699
29966
9184
-31898
14756
18004
-21807
-20777
-11950
-29613
20242
-17407
5375
15781
6488
-16377
2043
6041
25804
-2901
-7452
14203
19079
-26068
19215
24281
-29580
15852
-16555
-25152
14360
20714
10386
15432
27916
-21254
31000
-19111
-10141
-27982
-6421
-13900
-13339
-19345
-12407
4347
-17892
4367
7329
-10512
2101
13811
-9034
-11979
23998
-17285
12536
21461
28280
21104
-23730
26748
-27972
24199
1585
758
5637
-18954
-8387
-8001
-28592
215
6579
-17468
-21344
24673
-26930
-22286
5886
-10227
-5767
15361
597
-15664
-26704
-23994
8072
-12265
14806
11146
24227
-30173
21870
-27850
-20701
22103
-15093
-27518
-6371
18126
-21647
-32659
-2834
10781
-1609
-867
7641
-8537
8561
-11324
-12122
22864
18604
24635
-27187
6244
-8170
-1722
26074
-2779
-27722
29992
18742
-12445
3500
-7304
21989
-16992
7785
22619
-17654
-17291
-56
-7383
26168
2856
29394
-27000
-13535
15358
-18757
-9209
-24942
5422
-32596
14299
-9044
28516
-5097
-17567
-7584
-7796
2870
30328
-29464
19616
-32284
-7453
-24478
-24035
-22628
18950
-4401
-3719
-20029
14702
30434
17816
10707
-13347
-18344
-30731
27256
-9037
-20043
-15696
31204
-26650
-11673
26052
13409
4651
19247
-9449
4734
20356
15917
-3044
-30606
-12043
-9658
-5120
-29452
14633
16547
28192
9330
4513
-8152
-26256
6278
-14400
1240
-16988
-28783
9688
1877
21596
27286
-31772
-5223
24657
-22774
-25993
-22612
4174
-21069
-2170
-684
26199
-10675
-2874
-1997
24564
12212
-30527
-22525
-15039
3247
-28868
24794
12329
-19103
-17310
-16081
-15360
-17778
6264
24651
31887
-14415
14009
21217
3135
-25423
-20568
25484
-21982
-10409
24296
-18440
-16794
-6940
915
-16994
7131
26446
19110
-28625
27270
-31019
-25056
29953
18589
-7343
-27521
-11099
-19952
287
-25979
-25267
-5111
-30775
19135
12674
26210
11406
-22787
-1310
14997
-6319
24720
-24751
8451
32182
-3171
18458
-8904
20158
-14197
-6638
14142
28353
25690
4409
-16345
29954
5588
23329
25763
17487
-15489
25162
25950
119
19940
15672
-9782
1766
5991
-2365
13873
-25333
