10000
-4632
-3551
2040
-83
17754
-32586
21382
18271
-1562
-3144
-2722
9482
5736
18541
-9870
28078
-1625
-9589
4048
-32518
-23174
-19899
19636
25266
-17034
3779
-16327
-181
-24456
21425
30301
-25078
-6818
-12239
1805
-706
2947
30987
48
-13641
28374
29302
-26213
-5148
-11469
1734
-17168
1205
-28571
4821
17110
18928
-18938
16416
25635
-9866
-28070
-28489
13732
-4009
-29151
12950
-9421
28500
-10731
22640
-23636
30454
2962
-1508
-12980
479
9632
24869
-10411
-1987
9831
19464
30652
-7993
-29243
-11910
12462
-4157
-18932
-20798
27148
-30383
-367
18416
32419
-29905
-17933
-27651
23559
-30157
-30002
26368
-24845
-45
-711
19733
-19538
-6241
28601
18324
15027
13117
20600
-20337
-13779
-14456
-25465
-30663
-21145
-5422
-14260
-18515
-24495
24159
-25383
10231
-9220
878
-18769
22329
11595
-4259
-29111
31426
-11897
-425
28259
13791
-28235
9232
21088
-21763
17854
-2508
14399
2115
-11924
-2996
-22677
-11736
25046
-23556
12411
-11425
-1613
10460
-14349
-24222
28424
20159
-10475
-2935
27097
6933
-21691
-29427
7639
7849
2981
26497
-31197
4139
30898
-13066
-16047
-11004
11709
21312
5164
9936
-20474
-22437
10238
4488
17767
24357
24933
-25953
-31526
26861
10756
-21019
24573
8945
12387
-4989
-28372
-18535
14957
-22477
18747
-4170
-2034
-13912
25058
11225
17702
-13808
14111
21781
3361
-25449
-7531
27974
31837
30747
6629
-11127
-21307
-4195
-19662
-23285
-10366
-29218
27659
10708
11213
25404
-19878
1898
30774
-4123
589
4818
-30374
554
32722
-6506
20594
-9818
23465
-9557
-29137
-25504
5485
7162
-7263
-16756
29020
27779
-2460
7764
25302
20063
30271
-1762
4033
-10388
14651
11944
-29727
-15170
12751
-31224
-8883
-1926
-31626
450
9469
21458
2426
-4764
30015
-32126
15541
-30527
7424
-2886
-2772
-21258
-25482
20426
13427
3198
-3180
7181
-2994
18368
9720
-503
19127
28955
-26566
-9939
-31274
22395
8495
9682
26552
22258
-14291
-646
11408
-4919
13844
-11111
17385
16930
27032
-3153
12666
-1585
4555
-12548
14336
22791
7770
30627
8124
1511
32186
21302
-3314
-13373
31647
7720
-26219
534
-12165
31946
19444
-11939
31531
-20430
-7389
-21690
-6418
14028
-3707
-13653
15106
8897
-21158
4625
-14470
-30859
20027
6063
-19819
17262
24475
-22679
26693
-30610
-13611
-22352
-2282
-17538
13266
8457
-12021
30638
28030
-30740
-22597
28394
10144
-3685
3963
-6894
29099
-20504
-2687
4564
-19352
-15848
22779
12701
23653
22456
8927
-21164
-14481
-5902
-30427
-2633
14498
-31123
10472
32032
-24480
-7061
-16576
-16831
20887
-25221
-30817
-21275
-23065
-14201
-19086
4876
697
-20907
4430
23756
14737
4344
13419
10108
1981
-26722
-26612
-14495
-22494
-22670
31420
26269
-19608
31303
-13528
-27458
10004
6393
17957
-17980
15742
23862
-17600
-12192
392
1845
15243
-6758
-5862
-14670
-18607
18152
31184
-21120
-19477
25959
13699
22763
-9708
-18566
-10944
29782
-1318
-10189
26187
30890
17914
29224
-1902
-117
-24676
12389
-13940
5992
-26272
30650
-11054
-29913
-5043
-27708
-17265
-17986
27106
21353
10645
2496
24889
-13983
2808
30869
9734
5538
24185
422
26459
10522
15101
21502
-13711
-13586
-15854
-31049
-28861
27515
439
-90
-18243
24231
9289
-14246
17477
975
-23962
30662
28200
-17805
-9760
-32249
29975
-9826
-27994
22175
29058
29489
24648
-22463
12954
-1475
16366
-11138
7382
5953
-18388
27318
-6256
8893
-9353
18252
4073
22441
-31260
18138
-32385
-7262
31393
-3354
3776
8342
-3250
13929
-18672
32754
-491
-16969
20896
-29813
-23917
3552
14371
-6408
-10844
-24182
21775
15348
25185
31739
-14526
-16747
25641
-23422
10704
-5631
-31204
22967
-13223
-12585
28615
1407
17642
10179
14986
31314
-24067
-20110
-11754
19156
-20385
-27822
17192
31561
2358
-32297
28553
3099
-30586
1643
2772
5208
29414
-29381
17879
-27697
15930
-3305
12514
-26492
5368
32112
21066
-8243
18918
24148
-19688
-20723
-30096
-23927
-5784
-16255
-13508
-28442
16058
-14138
30484
-4198
17588
5040
23895
6631
-32365
-23309
10281
-8715
3796
-26788
-13926
28584
-27735
10090
31859
30573
-23672
-5877
-1930
8460
397
-4312
14315
-8499
-12170
20219
-15714
-6388
-4860
-27392
7965
5237
-8167
22950
-14957
-14171
-31173
31358
17503
23
-15252
-12667
14722
4287
24856
-26995
29805
-31117
25942
9892
-21559
4959
-28953
10540
29437
27189
-6512
-8080
-27744
-14261
11822
26934
13316
-28074
6249
-26858
-31763
20609
18684
26461
11192
-8651
14085
-1442
26020
-23229
-28263
16303
-7820
-30387
-11849
-32482
17320
-19881
-6037
15481
-28981
32448
-27514
13337
-14581
27327
-23019
-9800
-16016
-24605
-10995
16543
-3519
14093
-5096
-18975
-31998
-20984
24413
32251
31908
-27873
14952
2824
-4905
11022
-4996
-3231
-14251
-17803
-15635
-16668
15468
18854
-8150
20575
18770
26481
-32118
-8782
-26214
20548
-17151
17745
-5717
-9528
-27488
25812
-242
30125
29164
-20425
-11698
-19909
21724
-3876
20015
21734
10187
3164
6309
-31804
-13880
18417
-12920
-15668
-13832
8160
-10924
26626
-2561
-9776
1132
-541
5200
20868
-13502
-6404
-280
-23782
19300
12432
26701
25897
16979
19021
16413
-26373
25872
16118
24608
-30680
31974
29482
10995
-12324
-3941
2542
-21688
9743
-11486
10024
-14737
30690
-20200
16933
17448
26251
-18141
2068
25642
-27
15454
-20104
5319
-23112
15307
5626
-29492
23787
21708
7237
25898
-7299
18635
-32552
-20325
-17585
18807
-28360
23589
-4794
18243
-28715
20912
-24585
20453
-12222
30925
15530
31960
25552
4939
6607
-29146
-16149
-25208
1103
-27502
-29475
15786
-28450
23898
-17144
14522
-3558
8490
-9587
23172
-16222
13484
30678
25449
-2029
2163
16459
9165
-7199
-24148
92
25241
-31521
14316
6008
21433
6468
21784
13685
7839
-6782
-17018
-23817
-29886
-7401
-30715
-30288
14353
-4930
-1860
29001
12690
-12139
-23107
-30809
-22467
-23785
-429
12998
-9512
-19302
4982
5949
32458
-2353
6490
20045
10934
11705
3928
-9450
22140
-5142
-29234
-3819
-11697
-9600
24046
-14732
-109
-13270
-15447
11756
-31182
25624
893
912
26227
10477
-1073
-8926
2817
19742
-18570
-6051
2722
3609
611
29582
23937
-18031
2522
-16563
-22351
10326
27603
1033
15809
-2088
-2163
-20460
28432
14050
16805
26267
6264
-27813
14745
-27835
-31929
-17209
-8511
-11219
-19097
16517
5840
-25805
-864
5190
12923
-29018
-4772
28127
31760
-11865
20094
24734
14896
-1055
12490
-15536
-8505
9126
-22637
26263
13008
-6227
-17879
18202
18390
-17165
10776
-10467
6447
1245
-22409
-8700
-9796
-22897
-12355
30293
11138
410
9382
-2626
10457
15822
16852
-25850
30781
6311
20532
-17177
29737
16738
496
-14622
-11799
-30305
-12663
26094
13577
-32682
12283
13648
-14693
9204
-12911
28815
11874
30619
27227
-4408
-17040
-22384
24199
-21519
-28039
16564
1869
-3369
-1279
8176
1310
-5975
-32621
10610
-12172
22032
-17849
-23670
29074
-4175
-1064
11353
30806
-15710
21841
14694
-8063
-5931
-19341
-31181
26556
17607
-28539
-11298
-32059
-5352
20095
-23004
-20018
18536
6462
-27095
-12634
-27844
21027
-17106
7279
-18078
3038
32242
27314
-19516
14304
-10558
-13158
12294
-1248
-6689
-12374
31500
19801
-20459
13390
14205
-5641
-26192
-12702
-11057
7283
6119
20634
-8737
30046
20652
5660
18665
-15189
20607
-6656
5965
19749
23971
19879
19121
7266
1855
-21109
28831
3041
-30688
24660
-325
24127
-22517
-15406
2548
13401
-16466
-15990
26531
7122
-15535
-27040
-4458
-11665
24102
4261
29447
15424
23991
-3456
22364
4814
-20167
-1971
-25326
-17133
24989
19139
7784
917
-13796
-11447
-4375
8064
-15660
1181
-27499
29611
-11625
-12550
16764
32219
882
-11909
-21891
31510
-5507
-15923
29277
5670
13756
7214
-22027
9753
-25760
17941
11316
-31940
-5015
-20878
-6305
-17723
30572
21185
-20928
29274
-27343
21210
19235
-15680
-24788
22155
-28670
-13263
-26482
29831
-28076
22317
14854
-31752
-3627
-19014
25549
-11082
-8859
4167
29293
-30222
-32194
-23332
14445
-23576
-32395
-27155
-8120
-20401
-10883
30735
-3103
-11302
22619
14935
19923
15430
-27240
-28396
-9199
-20712
-6438
20204
-26467
-19889
6624
13099
-24597
-3146
6807
-2927
17629
-28377
12111
-11103
8096
-12133
19294
21001
24775
-17053
4575
-3162
-21951
594
21552
-10151
12152
-26619
-8308
13351
6375
22320
-24594
-6007
23941
-30767
1588
12052
8141
8794
20041
-740
8130
-22199
2692
1966
4454
19055
-603
-29085
-836
336
24840
-5826
-21735
30795
-13323
24975
15712
24566
-31142
-21340
-25029
-26378
16224
5861
31660
5350
-20611
8906
4020
13323
29854
27662
13309
-19614
-15875
10393
26283
12009
-26698
-8630
29798
-3546
18124
5782
28381
10627
-17193
-11979
13119
2456
-27586
-31949
-192
18421
-4672
-4216
-7962
27413
-31244
6540
-5385
20635
-5844
-6700
28366
23309
10592
-5293
-31764
5739
-17812
12655
-20350
-25706
14102
10465
-17724
-10953
-667
7763
23588
10249
27579
-2842
-14639
4594
1904
25870
-508
17423
24219
21773
-32301
-8319
32118
32644
13024
-25924
-20654
-4399
-26110
-30623
-28025
-6946
-25475
-18484
-15028
-21547
-4160
19422
3799
-8122
7012
22034
-14842
14263
-16139
8412
-12236
-32053
13566
10077
13288
21062
19764
11012
-22206
30595
4078
-3450
-28740
-13723
-17460
20237
3125
18203
21013
-14638
-26767
-19192
18719
6387
-1045
18186
30441
-2453
15566
14987
-3465
-20211
-32388
16540
-23070
-16398
-326
17088
2888
16780
-6118
15199
1963
20533
3708
2117
-21616
-7032
-6370
19744
3012
12263
-20789
-26117
-25430
-12727
18010
27116
-17117
-10049
6775
-15663
-27280
21379
-12662
-13327
10668
8352
-28550
-17712
9458
-6748
-1945
19480
11559
30881
23014
23475
9618
14845
-25193
-8402
-31361
20001
-14174
21671
-10180
20579
6090
16202
-20272
-21053
2546
-19000
-24349
-13772
-2530
8911
6226
18408
27859
18291
-19636
-30486
1260
-13729
26109
-11203
21286
29914
20953
18954
11631
-25484
-795
-1097
-18972
-25512
11319
-27044
16997
-28961
2505
-1152
9444
-18545
15628
-2312
6170
-7444
-13924
-5036
3307
-24586
12245
30621
-285
5721
-14217
7506
-20956
16265
-19021
28933
7737
-19494
32277
24887
14758
9282
-15476
27944
11900
15856
-3365
17248
20597
-17354
-28805
28713
24370
-19309
-18966
7186
-14519
7159
-23293
-23150
-7146
-1167
-19589
2003
-31511
17118
-19098
14491
-24175
31118
11855
-14182
-22148
14034
-14425
5014
32463
2782
23441
-16338
4138
-11882
-6006
16516
854
14644
25256
-27227
17271
-26747
-9582
12489
28819
30084
17458
-1158
12822
31769
-14847
-16907
-6481
-17162
12312
-5110
-10393
5926
-3631
-28318
-27946
-13390
13078
-26436
-9616
14623
15193
20423
-2985
-20315
-18374
16491
-29396
9832
-19439
-23128
7799
32206
27819
-6682
10362
16317
-28309
14880
-30665
-11141
-13452
-9533
-18134
20018
-31018
14868
-5787
5741
-6401
-1661
-7361
-25064
-20419
-10253
-8046
-15763
-724
10308
13609
-15647
-29818
-29864
6299
22915
-5730
17729
17170
24442
-27674
4892
5888
-28162
32152
-7881
-6777
1247
-22961
1756
-16824
8982
-10403
28271
-18842
-30066
20108
13215
8737
5378
-7665
13835
26867
-21913
6712
11608
-29657
-9293
18990
4015
-27456
-30201
-6785
2109
-29883
17851
-20551
32178
28031
-9078
2933
-10435
-13542
21073
-22889
-15016
1772
30518
-22369
-5023
26293
22356
-25858
2407
-6405
9886
26322
15814
-11974
-26185
6334
-1283
8070
-21330
28821
-23660
-29687
-25846
-4234
-28882
-23352
18870
13576
-12131
-23902
2151
23543
10356
-27981
15465
-19912
-27463
-20378
-23711
-364
13705
-23346
-10404
30904
9554
-25213
1829
22725
-22932
-21738
-1011
-13555
-29090
7524
-4018
-235
12401
-15742
-27490
-13549
4089
2669
29744
9706
-12925
-414
-1025
-30179
2818
-30533
-8603
-31452
178
21291
9566
-2395
-10131
-30454
-21487
24306
-26317
-2228
-770
-6970
6315
8620
-30543
11248
-4885
-23929
10804
-24159
24234
25269
-6193
-15383
-17007
10626
-15213
-22888
-1610
-20996
5681
-13292
17800
-2789
-19818
8442
-20824
2000
-21291
19508
-9037
-2038
8489
-17914
24544
27788
830
-8692
-26860
24394
29159
9612
-2286
-31942
1649
-31185
-22455
17696
-14614
-32469
-21995
-2143
20273
24489
-4178
-14993
-26172
30364
3256
12520
9719
6754
20590
-23608
20197
-8338
30410
-22730
28711
-22435
28242
9219
15829
-12154
10734
-15719
-11715
16219
-26510
-26237
-15312
-13950
-8168
17615
29413
30737
-22681
-23501
-19182
-21886
-12125
27504
-10041
-22015
5542
-10060
18867
27655
-9153
26294
21141
-21857
-16271
-12237
24690
6373
351
30224
-22657
-30963
-16333
-16210
22584
-12254
-6479
11305
18355
1250
-1030
17735
12802
17936
56
15209
24160
-32235
11758
-24523
24806
25169
31472
24460
-10415
31813
24911
30257
18013
-8810
-13788
12320
-17045
908
1710
-15654
1150
16664
-2464
21234
18502
-6559
6864
8088
-9630
-9047
-19234
-19471
9785
-5786
32443
3763
27728
-10341
-7046
-19907
26913
-29914
20964
9068
31167
14386
-2205
-3572
8444
3900
22233
-28164
23328
-19147
-31592
-20968
-18909
-17181
-381
5999
-31368
14645
-17201
624
-12442
-30042
31743
25410
-16434
30102
27463
-19778
-30864
-11320
1740
-23888
7835
-20051
15669
4178
30556
12861
-18575
10673
25217
-15888
4297
-10711
1243
26156
-7735
-21687
-736
-15283
-7184
18501
19242
-2828
-27376
-8953
-28918
2657
17238
14928
5798
6177
26663
-24907
26687
-2430
-26922
-16111
2288
30090
-13507
-15993
-1200
-15959
-21845
-31193
-11582
-26885
27317
13217
987
-4587
-3320
-9610
30992
24261
-18615
16883
-6949
-8498
-21901
7772
-21675
2359
23709
28140
-15091
26555
20233
-3052
27797
265
19580
5706
-32746
28497
6561
-6167
401
5415
9897
17418
750
-8194
-9674
16123
-14502
-6846
12731
31336
-10532
4122
1080
-7923
27416
15675
-15492
1761
-29683
-21544
-13794
18589
30316
-20044
28187
-20787
20734
-20215
3798
-3175
5597
-5588
11099
-27178
405
10234
-22203
-782
8731
-31557
-8597
30110
23375
-27538
26538
-9383
6004
-11842
-19039
-1468
2481
-10425
15166
32693
147
-22240
5749
22828
18570
-16804
19797
14079
-7784
1397
-8404
-10961
12773
-26824
-27660
20873
14365
-661
-32442
-465
-3599
-28889
1985
2712
-27424
7958
4004
400
9111
7374
783
8625
31519
-1036
19790
-14772
-1864
28635
10905
8710
716
-7094
-30242
27697
-32116
-15917
23894
24579
25836
-6424
-3839
-29596
14671
-20088
-26155
-19329
-15424
-28146
14511
-32025
-18274
-32592
-13727
-24879
-13021
21463
-30323
19424
7828
20598
21497
-23321
15710
-11193
15167
-19551
8117
-23821
32649
14318
-7782
-5942
-10804
-19215
-16545
-3030
29440
15496
15447
-7603
-20290
-21695
-5635
24725
27850
18644
16715
-23283
20435
20949
-10113
-7069
16050
12739
-11197
14184
-21985
-20966
-12923
28588
25212
-29001
17435
26822
-19655
25401
-28823
4774
-24010
-7154
21763
-21028
-22610
-15580
19060
25581
-31212
-21262
-25173
1491
6134
-20444
4503
5453
17555
26493
18223
23027
9102
4757
-2277
1421
-23111
25311
22323
14686
-8772
18317
-11847
22472
25234
10038
-22935
14585
28088
27047
-2141
22270
28627
-19481
-16460
-19015
-20047
-9997
6714
-32724
-6101
10944
13189
-1413
-14274
9852
-9930
9206
23703
26064
-3343
-13639
29308
32526
16443
31646
11704
-12750
11674
-1955
9530
-21865
-14426
12034
32020
-22399
11280
-4845
-8442
-19057
16179
-13976
3783
-1000
9659
-12537
19277
13077
-11027
18736
-6222
-3510
-5857
27315
-24927
-28810
5481
-1259
-31287
-32255
5492
32229
591
-8802
16079
-23764
-25446
1640
-30922
-1165
24576
-4521
-185
-32266
-12770
-32031
4215
21224
14488
30123
5342
30697
-14319
-20112
-29776
-18290
-9851
17398
25906
-3085
-3090
19816
21611
6889
28751
-87
-23529
-32341
22800
-18716
-12361
22777
3290
-13178
-25821
11759
-32067
8953
-25807
-28573
18072
30722
-19954
15062
-24570
24481
21950
24633
-25184
-160
-32534
16841
-25476
-16554
32119
-4310
25021
5078
-4390
-7020
26268
-27656
-25624
-640
12622
-10570
-31362
28143
-12701
-2748
-25984
-6331
-9112
7650
-6066
-19337
24081
-290
15294
26404
12576
-13896
6860
32504
21662
1284
4873
920
-26283
28011
7717
-32056
-31273
10866
26581
-22068
13631
-17527
29777
-13703
32727
-13240
22230
26964
-16927
4825
30757
24929
13068
24930
27906
14743
-22078
-23734
-21636
19821
-16958
-30606
1497
4380
-660
32090
-19692
-17633
856
-7991
-29442
-20999
-11686
17111
7051
16383
-16346
14606
29385
-5380
-2414
14530
-12240
-20926
-10564
14587
27383
569
-17607
-2921
-3159
-8291
-32354
-1755
-19023
-1681
31750
-16841
-14339
-29179
-32168
23755
-25560
5435
961
-23840
1529
15059
1485
-5928
-16086
-30628
-14541
-10474
-26015
28023
-26052
26317
-7543
-20541
2789
-19125
-11460
13789
-15237
-27811
10088
21262
-1231
12698
31296
-20015
16640
-4436
5091
2977
-98
-28530
-19950
-21219
-28548
19960
-13186
18715
9657
4044
-31636
918
-19258
-15450
31290
-8568
11379
18420
544
-19964
26633
19649
14331
-7301
15733
7925
29348
-954
-2449
15179
5530
3077
26911
32125
31613
-3605
28820
-348
21501
29824
15688
23186
-28354
-1629
16551
31280
28893
21810
-6882
10998
27652
31055
-26576
-12390
-20684
-265
-2409
-25926
307
5945
-587
-27170
29463
-14778
-24632
25544
25276
-32751
-13973
-18890
5450
28987
17663
-11085
27526
-1388
7682
820
-6591
-28517
-15282
-11218
31316
6605
-12721
-26336
30139
-4542
24293
15224
1261
6388
7161
-6300
-26598
-4179
-1965
27687
-29279
4162
28404
-17204
24002
23583
-25629
-26902
-12234
11823
-3766
6873
12008
-10608
6837
23823
17715
-20902
-15088
4684
-19171
10710
-15266
-8616
24790
25291
-9452
11584
23310
6548
27986
-22709
-15153
9732
15418
8107
-15111
-31025
15473
-15436
3062
-32421
7618
-18604
-23921
27628
-28352
-8513
389
-18492
-11258
-13336
16217
17648
-19113
-8496
-16343
-9034
-28424
20394
19502
-26347
-13017
26699
7249
6236
-31713
-24573
-13685
6025
25192
-4686
22679
32321
-10170
-27631
-244
-4791
-15528
9527
29327
-18948
-22535
-3230
-22702
23203
-7472
-24898
29789
24307
21119
15717
-23274
1976
-10196
4333
-17511
-3349
-11235
-27180
6314
-22772
30034
30920
-2035
-32057
-16983
-5126
-2133
-5634
-15241
-27570
21428
-28438
-16377
30333
-26701
413
25385
-15587
-13185
-20232
8954
9445
-3160
-12168
-10805
-18567
15865
-12436
-8966
-23634
8755
872
6524
-9683
-19448
31616
-28171
538
16860
7457
-22537
31804
-18586
15312
30772
29649
-15759
-10456
-31530
21366
-318
-29129
-19440
-22348
29130
12019
-22124
25464
30079
-25071
27297
25623
-19356
25717
-10044
25866
18707
21540
-2315
31017
-6854
24291
27281
-14364
-18067
-29291
-10314
-27469
12857
-31607
-13786
19563
21978
11338
-6277
-21481
32384
-21286
-29110
-6013
8340
16598
6521
14497
-14952
16165
18689
25365
18095
-5989
21794
-23387
16128
10473
-30935
-7482
11863
3979
2620
21395
23079
-8343
10288
-21497
20765
-6089
-28585
-32175
-19667
-4573
-10876
-6722
-7217
-22016
-25158
-20769
-31524
8325
-24291
6687
-6428
-23906
13560
16373
12173
-29358
25707
29374
10353
-6953
-1766
-27258
21701
-20660
3671
6539
-13063
-18132
4979
-28475
-17855
-30004
-13358
31219
-12832
580
-15110
7601
23819
-436
13988
-26249
-6409
14143
22759
2064
-5973
18158
5898
-23134
-29133
-8841
-16940
-4240
5489
18465
-14802
-32584
-15592
4231
11875
-29480
31483
3538
29610
-5979
-21784
-25431
27660
-28112
13510
20349
19692
-21361
-1301
-1968
-26125
15875
-24186
-657
31465
-24167
-26092
-29387
-32271
24268
2061
-8990
-20804
22119
-19024
17011
20648
23012
29097
-9768
-27216
-30036
-27509
-534
-8539
-22506
-22918
-18321
-15052
-32704
17327
-7701
-746
-19534
-15946
15805
-31679
8439
-8371
-22989
7066
19403
7054
17031
118
10971
22001
34
17949
-19600
13533
-23613
-24877
2332
-12466
812
22933
26866
24210
17446
-4428
16045
-3812
9159
27337
394
-31698
32399
32650
1995
-15200
26254
-29141
-3073
-3588
2778
-21363
-14059
-18853
4599
12177
31429
-17235
-21106
-12834
3083
-23132
-6842
-28674
1480
-1813
6960
26660
9551
-19854
8158
-18931
13455
26537
27805
1784
-8359
-27786
6846
-5149
7869
-7035
-19672
-22956
-4728
-30314
7495
5589
1158
-27752
7335
20268
-10520
-5163
-24669
22312
30349
-8462
23717
-19227
-26891
26917
3683
9474
-30791
-19844
26454
-25223
22790
-28690
-12637
8756
12536
4983
-17631
2139
-15779
32515
31913
26415
3013
5738
21258
24801
-23619
30809
-19542
-22974
-1162
31085
23361
6374
-5919
-30243
14598
-1321
-8773
26588
27404
6167
-32036
-30716
18140
15497
-6727
26220
-3236
-15641
27166
-25
4534
17061
19837
31494
-25296
6171
-24815
-1967
16001
-8980
-3461
27502
-12386
-28520
-3379
14629
2914
22650
-3960
-23898
-26931
-22161
26586
10421
2253
20826
29792
-27270
15593
613
5144
-6973
27271
11666
5872
5993
-17903
-17763
-26584
2198
15234
9380
8404
-28887
3953
-18404
-12093
866
-2922
20656
7577
22427
-13877
-9983
-28419
-23538
11258
-18752
-7764
13080
29444
27820
6174
-14504
-22402
-28652
24831
31478
-27666
12605
-4372
-7177
-17074
23431
-31646
25117
-29828
-31227
-30272
-18675
-7246
-18058
-7041
22607
-24824
-2155
7503
-2682
-4114
-665
10103
-17088
18508
29267
-21038
21491
-13308
7578
9355
5863
-21403
-9994
4340
22600
12722
-1547
10871
-3652
13531
17489
30033
-22388
13637
32132
-871
-11846
-14511
-19744
19192
19138
-10218
2644
25788
18705
-19637
-25502
-4530
-3028
28278
7605
-17218
16549
-24741
-10455
29846
3333
-19904
9316
-26909
16599
32198
-22882
31498
11453
17660
31186
4436
-28973
-13055
-6322
18490
-12962
26716
-27943
-28681
12333
23977
32116
21016
-5859
-2463
24352
-24868
-10333
15261
-25973
-23499
-28983
1572
24577
-32529
-3986
-14681
26905
-18653
28039
19069
-13279
-7578
19718
-2846
10280
20900
29909
31317
19355
22876
21024
29337
-25967
5786
-19399
-17755
22492
32157
17093
-8904
21055
6131
-20120
4274
-10421
3876
-20161
-9987
18282
-3405
-2356
-16046
3516
-30061
-9476
23349
-11328
19959
-16631
-10391
28505
-997
-6866
-974
-21727
-1236
-5665
-15803
3504
10629
-31409
19873
17451
12384
17174
5032
29365
-18412
19000
10584
-11900
-20011
-10399
-17142
26358
17898
8027
29370
15160
-28496
-2529
-20672
27943
19578
-13354
2499
6254
10086
4401
-28924
-17528
-377
13807
-4484
9464
-10628
-23036
22929
-22621
22780
-24095
-25812
32271
-27007
25579
11699
12844
16102
-29219
-518
-15467
-28366
-10506
122
-28139
19894
-1501
-10721
29288
20202
-18947
-32029
30343
19772
-14308
26834
16146
7364
-30027
-17272
-31067
-28137
-21326
-1313
17872
-12787
27066
22264
-23544
1484
-17958
6407
23742
5905
30859
-14136
25696
-15615
13065
-7609
-12674
-9303
-18791
-1919
-26540
9694
15246
-25033
11483
20492
-8562
5290
-11676
16018
29658
-385
-11249
27254
6904
14439
-20911
-11570
-9490
27350
5422
-12515
5684
-28620
23243
-9899
-3637
9320
-17871
4491
-3984
-5608
19706
29483
-16972
14244
-17495
-21047
-2972
6485
5127
28005
30811
12130
-4753
816
28878
-3120
-5779
-22546
24115
27626
-3723
10118
-30957
-29439
-13149
27279
17152
31906
19153
-11824
-4758
31251
-31218
-11389
-23855
-10289
-18017
28326
-7890
28832
-911
-2727
-17782
-9656
-12175
-20538
-1952
-25395
-31995
-1980
-31131
-12467
2415
-23727
-19446
-13369
9228
-22585
6660
29870
-9206
-27554
-18522
11358
20182
-2778
-29525
11127
-20313
22256
-28050
19086
-15279
-22684
-20084
-27931
-11277
-4258
-5113
24875
-29885
-16518
-32743
31430
5458
15055
-25609
15904
-23738
31471
-10343
27771
30559
31134
-15469
10657
-10319
-6997
31081
29279
-29627
-11988
-5393
22905
31645
9210
-3561
-8067
-24694
11298
-8673
11382
491
-18279
-8396
-29204
2250
-22029
26121
26563
28837
16701
15614
5388
26195
19840
-18323
11292
13935
-32072
-29876
-13382
19416
871
-1746
-17535
15919
-17814
10851
-19936
28765
28400
-30248
-16138
4724
-24768
-568
-16167
23942
-2313
20629
-3173
23150
-2751
25577
10171
17112
32130
-26084
25171
23447
-18385
28126
-2258
-29782
-4332
18285
3374
5819
-5389
-31126
28128
-22802
-14628
-11341
24545
5371
10022
3507
21599
11886
-8047
-20284
-2815
-17206
-5909
-16308
-488
-17344
2803
5066
-27720
-7581
-32295
22673
14543
30210
-2196
-30210
-10290
-29771
30049
16759
29609
7284
-29048
8242
14750
18952
14804
-13644
-22672
-15107
-15078
-13052
-21044
-19873
-10068
22732
26134
-15597
-11271
-25832
9714
26084
24958
-27393
-13029
-15186
-29703
-10969
-7422
6066
18318
-10566
-14691
28848
16226
-28940
29994
22799
-26171
12386
-30893
14328
-28706
-9376
-7417
-26582
-31455
-3316
-20095
25612
15268
-10023
-14241
22623
-20346
14327
-27054
9616
-20750
8608
-25038
-801
-3293
-13702
9586
4851
11496
11949
4299
9168
-3891
-993
11335
-7179
25400
-3504
-17664
8462
17992
21632
-18439
-2152
20427
-23269
-5296
28243
-9001
12779
23633
-18603
-27466
-12410
9841
24087
-18728
-11646
6031
28139
5582
22771
32590
-25438
-15914
-4148
-30432
-31258
-31821
-1759
-16344
31059
4589
-21848
-18093
19003
4835
-5956
13626
7819
16302
6670
-5441
-9985
-28655
7013
739
23004
-3307
6076
28458
-18786
-7181
-10441
-29312
-2651
-22881
29702
-12084
10899
25113
10547
-17404
14171
-28428
-4306
20078
-21513
-7986
-10922
-32134
-24691
21033
23621
-13347
-4788
-12146
15242
19832
4406
8387
1505
-22231
-11835
32272
24190
5360
21747
30581
-25689
26022
1525
23514
28755
-27575
6891
17013
18467
-2677
17954
12445
9271
12434
31710
-25305
30177
-9124
-9770
11594
-22997
30453
2954
-27546
-29194
-3375
23815
22552
-21561
-31458
11438
13875
-2146
-30977
29711
3331
-5958
-26469
10943
-29120
-10478
24393
27862
25161
-13090
-21965
-12658
-12190
-14323
-20083
4402
30822
-5170
-7589
-7356
13162
24054
15149
17207
18968
21274
-9403
-18641
-17153
-22460
-20578
-19770
-31835
1216
12059
-25128
-30336
17995
-16193
12753
-11885
2632
-13684
-2115
-32486
-3894
31696
18890
-24856
5425
-32683
9449
-23316
-28143
-3661
21040
29397
8256
15874
-15182
-2201
32600
-29852
13723
25955
11598
32238
-19599
-22906
-11678
-12882
-7241
27368
-1959
-11556
-15369
5116
31022
4933
14518
4553
14553
27033
8025
18613
-31625
6048
-5290
-22705
-20866
3676
-1080
14625
-14196
-28675
10865
23868
-21332
29487
-23484
28062
19354
-29469
22083
-27335
32195
23087
116
24474
-17616
7275
14212
9182
20421
-16889
-11751
-11968
-2092
23002
2192
-27498
29657
28927
8962
8916
1321
31271
30615
-10655
-1616
-643
6887
14890
-3479
-9139
19600
12790
3471
-21945
15793
3112
-9097
-12671
26480
-27658
-30236
-17231
-29045
14218
-9123
-27993
-10348
-16825
16573
-23089
1357
26315
16377
28448
-21110
12172
32123
-4646
-15787
32459
-21148
-17548
-11982
-27433
24365
26393
31996
9689
15562
13444
27042
-13476
-8323
4935
24591
-13910
16519
5155
-26615
-26945
3758
152
-10225
16824
-753
-31086
-30714
4245
-30188
-9519
-1007
14773
2915
-28331
-32278
-31350
-11450
21362
-24982
-16448
4987
-16989
-17658
-3833
25556
2566
-15538
-30607
22294
-22347
19858
-7794
-30264
17359
-28497
21015
-25682
29817
7947
12662
-14626
18419
448
25228
27530
-5420
5843
22746
19471
-31190
-31371
11237
3932
14569
-14486
-32180
26814
10526
11905
-29013
13477
-13173
-32321
-12633
-13097
25008
-4269
1619
-21123
-31958
-10241
-32092
-2447
15280
605
7826
-16977
-335
3140
13205
-21613
-11140
8989
7688
-4013
-29031
26549
-15894
22143
20945
8380
18549
4578
-11588
28470
31939
-19323
1861
13229
-19652
22043
11893
-424
4358
21254
-7929
-15445
12713
30693
7443
-31165
30348
3050
-13231
1303
13722
19806
-5210
-16035
25486
16836
-7120
19931
-25930
19013
-12913
3673
28518
-4694
11417
-19261
-12052
23322
-30971
9513
3965
-21260
15682
13760
20502
-10954
-23201
17794
26828
18828
-1285
29558
-9855
4052
14978
4934
24787
21232
2001
-8490
3773
8824
-25178
-28348
18358
21162
-18759
-17789
-31289
26344
-1031
-6480
-12873
3128
28877
-19197
28648
9155
25358
-31407
-3489
4615
-27254
25061
5941
28870
-28436
-3586
-31963
31479
-9971
-15466
-23680
-8131
25654
-8313
-3437
16843
-30584
12465
16914
17116
8503
-31780
-17024
-4229
28245
8149
-30816
31004
30457
11683
3810
-23117
10037
6954
-6554
-23882
-12989
-719
-5888
-3398
24429
-16952
-750
-32251
-24512
-10446
-31013
-550
15705
-13890
26568
-29189
21374
26885
20959
480
-22936
-7375
8661
10365
32181
31001
-3066
-5545
-3846
-28578
-259
-14433
19182
12421
-19135
-19650
7037
12872
6079
23722
-14027
-16257
23586
18035
7602
-27909
-14925
-2225
-21594
31033
-17611
13114
-6735
-22788
-6344
-21929
19711
-11860
-2198
32220
23103
-20121
-22060
-18039
-17095
-22856
-32162
30047
11441
24154
-4023
-10815
1534
-5323
7243
-7430
-14097
8475
-11493
-27751
-25906
-27600
-20270
-31832
-17676
2033
-12148
25748
-32048
-10637
-17192
28441
-6288
11314
-9898
2308
-10615
-14165
-30030
14793
-8051
20198
-21199
12797
-10051
19732
828
18212
15239
-17029
-25959
24486
3813
22529
20840
17742
-29317
26871
-1816
-1997
-19604
11769
11415
-28469
-7874
-30524
23751
-32382
7363
-30489
17871
1541
-21201
7310
22425
17928
-23593
32190
595
-8491
10634
21101
1266
-24310
22457
32389
-19370
32340
5631
-11411
-24183
6166
7337
24472
20846
13191
-10496
6671
-24181
18542
-31789
-8226
5285
-5559
32751
-3423
-22717
32136
-25485
22630
-6242
29661
-7238
15970
-31627
8697
-4959
-8584
19441
6476
-24333
-4445
29019
-14275
-20417
9255
17873
-32136
10474
17762
-16455
-15067
-4931
576
-23474
-12329
16406
-30033
-15525
-6443
-24989
-21701
26542
15526
28868
13997
6398
10351
-2848
17822
14517
25409
12061
-2774
-24031
-4933
-5952
17939
32532
25816
23508
8947
32241
-12648
28055
2134
-14158
-19088
-7345
-22046
7809
-31315
31865
11826
-23419
-4031
11457
-5672
-32276
925
6718
10595
-3521
-12836
25545
-26250
12128
-8204
13537
24071
-18351
12560
12326
28809
11730
-28274
27103
-7554
-28113
-23926
25002
6936
-26086
28918
-9594
-13046
-18573
-19860
-3870
-9660
-27683
-28628
26665
-5064
-30366
-9382
-26641
17802
-14242
692
-19639
16605
-1265
14027
-6751
-9508
-14833
-16512
24111
-449
16938
-20647
179
15519
-13260
-14300
-10332
-2217
-31271
25854
11260
27729
4144
29614
5452
-22538
-19203
19157
-13159
19662
13404
19227
15692
4761
-29980
3441
1119
32492
-20426
12680
-14056
-19275
11023
12947
31679
-11321
1689
26351
-21844
-25018
15180
-18415
25756
32166
-26163
20588
-8248
5281
-21273
12877
30845
25773
19331
20455
15800
-32532
10506
-17068
-16858
-21310
-28498
32249
-21495
24708
383
-29424
23022
-29645
-29581
-10205
-5686
-23517
-27588
14499
5320
-7529
-30078
29801
-20223
-13738
-30903
3097
19994
20699
9363
20706
23997
4286
27094
694
-20081
-25368
-1386
11981
18463
-26672
-6877
-7713
-11417
-24289
21487
2578
-24405
20938
-7228
7584
-2310
-2579
-10830
-26049
-4545
-3802
-17619
18401
16991
4142
-13211
-25417
23688
-17757
-959
23516
-30048
-10260
-12876
-20483
-8084
26988
-18993
-4853
10437
-22209
15427
26361
26165
-11329
23865
11590
7208
-17566
-15348
11007
-21529
-5590
-14475
1244
-21484
-3562
-29187
-6926
3690
20190
31622
780
30140
-5435
30434
30225
-24052
11918
-16137
-20380
28549
-8847
-7150
10694
7259
-11823
-13967
-27522
-1863
18219
-24569
-22103
30764
20978
-15841
16774
-21769
18865
29023
30493
6391
13745
-29978
18441
9553
21284
-18624
-21085
-12725
-1949
-30593
-15310
-23175
25491
11922
31798
16236
13538
-25516
-14354
-12751
-10569
-2954
-11012
-29535
-236
-24687
8785
-20692
-14493
-1891
-789
-21867
-27871
31304
-6251
21761
-20224
31794
-30801
-4681
-12370
10741
28489
-20188
-30760
-1677
-282
-23989
-19036
-21909
-5966
-17843
-15818
-1488
29723
-8914
-11172
-31454
32531
-23002
-2970
6820
30760
-14794
-13536
-12447
20169
-1679
11207
-3247
-17098
-30616
-9285
19318
-26338
20060
-19572
-29915
-13100
-31954
-10001
10887
10154
-23543
-30205
26219
32446
29260
-13504
18744
28591
19029
-8961
30950
298
-22812
-24335
-3886
-27582
-29868
4188
-6160
-3166
-23190
-8701
8269
-26339
18030
-3371
-21485
-14472
6223
-13252
11451
6765
-2899
-12485
13332
-31772
-21731
-16605
-32231
-16207
11480
-30490
-5040
-2067
-8215
-5463
-24215
-6449
-946
-8776
9865
23132
18978
-18418
-6035
12552
-31250
17136
-7977
10556
-12573
-4984
-10240
-26464
11651
-25424
29451
-17659
-11783
18528
-11904
-4858
17393
-24375
-25690
31788
18832
-30087
30661
26802
-17573
-14586
19420
-12590
-15370
-30986
8173
17169
-8023
-29334
-8006
5470
11231
-13248
30532
-8236
19389
21720
-8777
18934
-17328
23927
1574
-31447
5277
-24766
-16406
6165
-8016
-26450
-3675
29076
-18549
-17770
17841
-6580
-2047
13565
-542
21715
-26624
-3079
10936
3505
-29056
-28131
9435
-5984
13504
-8687
24651
30637
-9651
25767
28284
17576
-19438
17232
22469
25190
-3370
-14959
-11746
-10624
-1990
25680
11891
7569
32066
14209
-30075
-13244
-19653
21844
16353
-10531
-32152
-26720
15858
26993
-22953
4864
-30173
-1361
-6153
-28115
-13878
14581
-5999
5690
-6260
656
10419
19678
-4979
18652
-26963
-9255
-7667
4501
-11761
-16069
24855
-18427
-7723
31462
4948
6241
272
-20685
15720
6570
-20972
-29212
-10500
6880
9601
-2692
22647
-29144
-18767
1048
-25118
31849
-16574
29080
6776
-8639
13894
24255
-24876
10983
-26129
3944
-14285
14088
387
8474
-4401
173
-20613
-7172
16371
-16454
-10244
7543
-29937
-7847
28784
4713
-19918
-14215
15422
-500
-29553
11266
-28262
-18564
17688
28902
7918
-10230
-9772
31549
-23493
13177
3974
26864
14083
-12805
-12497
8201
-18421
-32339
-2973
-1939
20238
-1379
-26078
3615
28771
-21751
16450
-14869
9600
28437
21323
-28553
21309
26292
-15806
23649
-26149
-13503
31019
25199
-24479
32476
-14684
15563
1145
26931
-17599
28238
-16224
-3312
7909
16408
-4969
-32452
-17157
20490
-7819
-25957
-28279
-12109
8202
-31545
22382
31984
-19053
15890
-32727
-16089
22000
17046
14470
-18278
-24293
10563
31137
12579
-1743
15707
15421
-20046
6792
-20384
-399
28744
-26919
16614
-4625
3158
17193
7813
26335
-28035
7403
-5181
-29471
-16691
-2502
-17423
-24378
-5032
-19246
-16480
-13613
25429
-7545
-3548
-10258
-19755
-24085
5717
-6471
-25409
9968
-10112
10245
26683
19058
-11731
-23934
-1784
-24499
10861
-17097
16331
-24590
-3983
28183
-11284
17290
-29962
17173
-26798
-29788
-15794
23661
19011
17027
1786
24412
9538
-5333
12290
-12341
-8927
28514
-14606
26197
7782
22731
-14010
23613
22035
-20262
-10773
14383
-11554
12324
17497
-14147
-22360
-30528
17318
-17779
19072
-2527
18424
11551
23678
-11366
-11806
26943
3808
19221
20380
18596
13583
-9645
17199
14574
21180
-20049
9496
-31076
-27224
27657
28059
-9583
-23450
-3392
-22401
-20252
20990
2631
-22167
-10654
17216
-30672
-7725
17354
10611
14232
-21146
18354
-17452
-10416
-2987
3122
24795
-10834
4031
6965
-16067
-28383
25915
-30540
-1548
30908
-681
208
26936
26070
31955
-27913
20279
-7618
-16276
-22232
23198
31414
1853
-8624
-27525
-18071
-7656
-8586
30378
9488
5526
-20836
28656
-21008
31402
-6589
-17626
28746
-5740
-10011
-26388
26548
-16775
-20614
26347
-21512
18060
-3594
-7632
-839
21613
-32569
26841
1073
259
-422
-29504
-17613
23432
22379
4322
16616
3869
23972
10433
16526
5445
-21234
12162
9874
30824
12784
-20236
9809
994
-28535
32213
21169
-32473
1194
23821
-27034
25744
9661
-2966
-4613
-26892
-15255
10130
-8594
24825
22704
-13394
18802
28653
25044
-31858
11108
18240
635
-918
11232
-6180
27163
1148
19586
17591
13059
21590
-29275
5150
2185
-16934
-30083
14382
-3111
25650
-20340
12095
-12282
18054
15759
8516
-10607
29592
25949
-17131
-20481
24117
23086
30066
-19084
32280
-18749
8000
-9442
-6173
21089
-8689
23329
18558
-6431
9917
31039
23507
19521
19378
859
29388
18683
5625
-16246
30291
7631
22804
23083
-9640
-22661
-10759
-29091
-31041
-6234
-4780
30249
9372
25399
-110
-27547
-18140
-23771
-16836
24820
-1326
-5967
-28639
14834
-8948
17971
11122
-29513
-8154
29627
-4129
-22900
32153
-4466
-3776
-11490
-8612
-20249
-21007
-15487
-2340
914
18366
-9356
-31967
-11602
8039
-12604
15836
1394
23495
30700
-22021
-25736
16503
-8281
19451
12098
18587
30660
-6149
-26901
9275
11916
-4789
2755
15146
-6814
6303
-22458
-20880
370
3338
-7511
4776
-3769
12758
-13568
562
9166
-27773
775
6639
-6350
-28109
12208
15678
11550
-14683
-27681
-16261
-1019
-17639
-19115
7291
8777
1136
-21919
-16647
1828
-9618
-10959
-31970
-21037
22018
-32434
-2342
-28237
-2270
5694
-21391
16428
-6436
32114
-26881
25787
-31800
28672
32683
-1123
1238
13110
-6643
-13134
-27283
15345
4174
-7307
-2066
-31906
4538
22540
11746
-2912
-11770
-1194
-2714
-27747
-29717
-23200
-20817
-27785
8406
19981
-28708
3028
-16757
-22196
30698
3397
18497
-19622
11741
31034
-22561
-8255
17388
-20754
-13395
-19070
-23187
-22508
646
4530
9358
-14256
-15473
28038
4266
13819
-4026
-11522
22340
-4232
-24764
-17713
-7196
29545
-21243
-3123
31210
12453
24165
19781
24482
-23001
2797
-32575
13867
11923
28910
-5893
158
-29065
14117
19992
323
22547
18011
14416
-17164
18051
-29654
32721
30911
-15263
22687
20783
5219
-16633
-31845
20287
-6645
3082
-6774
-5601
-18378
-30175
-25867
521
17276
14814
-9151
14152
-23856
22033
-22480
-15503
18412
22105
-27140
1929
31693
6600
30872
5936
-12986
3302
-2480
2155
-14866
-1834
-27074
1101
17513
6357
15396
-25066
-8559
-3474
19674
15778
32323
30379
-31674
-16996
18654
-30380
-23267
9620
-27859
28114
6507
8699
-32021
8150
13033
-9070
24680
-20581
-10606
-25995
8290
20143
1712
2230
29049
12436
-17801
16844
4469
-12944
28241
10516
-26392
-21593
-20470
16385
-22710
-9086
-8409
-13242
9824
18774
26723
-31792
9680
-11374
5963
-20591
12694
-584
-1503
-30400
-16458
-5447
-12007
8330
20196
19780
14849
15191
-1307
-31213
-22774
-32172
20781
26386
-26949
-21982
10745
155
13775
-30028
-22301
25028
-29415
12565
-20639
27735
31031
21557
-9176
21315
-23254
27876
19587
32388
-6616
-20418
-29969
-2594
-24565
10967
23861
-24987
545
-7016
18626
1573
28208
18183
13091
3482
-30121
27525
12477
28860
6684
22518
-21076
-22370
23326
-27029
-18413
-8903
-23751
26176
-3924
4109
7733
-26359
-12950
-16391
5767
-20265
23266
26439
-22846
-32051
26096
22295
-16532
14979
-11612
-28770
17709
-22743
-22878
25181
-22056
-23141
-12763
13264
-23378
-14452
7434
-21604
-26055
-8109
-23066
4233
-14389
7637
-11774
-26053
21858
-11479
-19180
18693
19775
16095
-2328
3613
-12480
29205
-16690
-13769
-13713
-23402
-27781
24986
9020
-25955
-31840
-1082
26631
-28935
-899
8128
-12176
11578
-22225
-30846
-9952
19287
-30476
-3292
-12642
20671
3908
25754
23853
7134
-17988
-6155
32305
-24871
15663
-16994
7989
-13389
22587
-31045
-17956
22071
9526
8633
-3272
-6924
3157
21654
2442
8850
17564
-25095
-30431
11254
16277
-18648
21251
30792
8139
-24828
-15609
5639
-10871
-9827
17974
-14223
27201
20760
13921
9225
27187
10131
18831
-27251
26172
710
12319
16195
-25559
-20519
18837
-31341
23753
27485
-12130
-6967
-28506
-9193
25403
-18019
-28329
-8858
15911
9029
4166
-2138
-11580
7976
12091
-2629
-16895
32318
-27089
18681
-24364
-29650
-31121
-13608
-21681
30265
16351
32274
8366
30209
15110
4686
-16247
-13094
5070
4568
2534
-20036
30913
27607
13084
23726
10424
10923
17704
32122
15303
-28600
-10501
19808
11026
13619
-24288
4473
-7063
-16572
-7022
-20379
-205
28861
8037
-24727
-15208
-18937
17495
30601
12821
-14704
21331
-1669
-30367
3195
-5660
5504
-7932
8105
-29729
14860
-23389
2093
-6585
-22224
27255
-24657
7803
-17382
-20125
28990
29490
-27352
-16469
13311
-32263
3170
21789
-26581
-14890
16499
-4358
3817
-16105
16986
-3362
22703
-9227
-12860
11599
5119
-29643
-3844
-27125
30294
-30541
26451
10823
-32153
-9937
-4124
-20778
-7124
10493
2282
-20182
24537
23561
-24778
415
-23331
-32672
24097
7196
22895
-6448
-7719
-16361
-9704
32763
20521
14262
4854
23001
-22303
-13558
2917
-21195
1830
-27320
-2765
26860
29148
17804
-22714
-24513
14628
6529
27613
12725
-18490
-25745
-26398
26145
-4648
-27429
13343
-22495
20138
7638
-269
-6833
5136
5267
-28431
7894
-14924
28413
31625
32234
24791
11689
18797
-32300
28402
-21723
9806
21731
22354
561
-24895
9296
4230
101
-4490
21766
16305
16879
27322
1617
-25921
30688
-20918
30377
-8115
12818
-25855
-12863
20481
9958
-3376
-6239
-8395
-12027
-1175
-15124
13425
21490
7482
2244
-2412
13043
12765
20117
19641
10716
-10603
-27032
21846
726
19237
2983
-18561
13004
13330
9351
9276
-14908
-4743
-10832
821
15672
1498
12586
16457
5291
30515
-21078
-12869
25446
-2475
388
-5091
14739
-20612
-17719
16285
23715
-28724
-4961
4407
-7029
2978
-32220
14360
24726
15340
-20004
17499
30967
-12501
18874
3815
10431
28991
32354
11061
-16797
-6823
-24323
-23975
25791
5848
-18088
-30185
14358
-15
-22516
15539
-25367
-6760
-24782
-8223
-32187
-16030
2273
-22062
-18173
17556
3907
32208
-7469
14502
-23399
-16379
7184
20227
-12826
-32611
-11144
-31097
24906
11071
-28499
-2744
-27137
21206
-23885
-3655
10339
-13278
6144
-7485
19717
1390
1759
-13414
17244
-15744
-4285
-554
-17932
-5552
-6229
-11838
22263
-23954
-27167
23642
5763
13567
-862
-30015
25445
5771
13746
-7166
-31326
-2963
-5458
1942
-21338
-7256
-17788
5671
26247
29565
-16110
18296
-9840
-1154
-27243
13128
-2211
-4993
-12782
9668
28348
-21012
-25673
-19892
-2323
4924
32145
8429
-23842
28994
-6980
25031
16646
31790
7872
21920
17921
30801
-24521
2903
13048
11452
-28423
12754
3830
-16838
-26757
32376
-15271
12170
22068
9144
-8158
-15463
-8806
-22400
-25104
2942
-6740
27078
-13014
15159
-152
-27395
-10094
-5053
12211
-25267
-9275
17789
-19592
-22337
14251
2271
-23922
-17066
26301
-30180
3343
-21230
-26278
26937
7936
32444
-25240
11778
30580
-32106
10258
-9597
-23642
-4479
-16081
16911
23366
-6771
4596
-21
5964
19708
2987
19346
-27876
18772
24208
-16846
19622
-13767
7244
24300
20100
23394
596
22558
7802
129
23105
8718
-10579
-22767
27993
-6446
-26828
22568
27199
-18595
26832
-30460
-13413
-23063
26411
23976
19366
-10861
11171
-3265
-2926
10607
9542
-29892
-1093
28782
30264
-13865
-29814
21313
-17285
2695
-26579
2054
4847
-22490
-28921
16198
27224
11264
-11690
-11727
5633
11864
-16716
-27411
-30280
-24424
-79
29112
-30134
4484
23444
-2280
12874
-16974
2708
22956
-1976
-7769
2120
-23236
28501
-30895
21443
-7741
-9724
8524
-24037
17668
-17682
30128
-12598
-30413
17117
14177
-16527
-17673
29287
-11433
-771
-807
-29647
-6283
28968
14633
-20521
14873
7873
-10728
-31241
-7893
-12703
26762
1989
-12847
-26733
-19910
18625
-1500
21718
23903
-20007
-432
11843
-25026
9921
12157
26813
8191
32233
-31030
-8814
5704
1153
11514
-14919
-5057
-9556
29400
15075
-19832
7437
-21567
31835
-15594
5806
-32124
21155
28513
-3356
18565
-11855
11992
19493
-15542
-20985
-10093
-1962
7921
3823
-21970
19179
-17772
26114
606
-27114
13629
7685
-2953
8174
13535
27218
-16497
-15873
28340
-8516
19288
26994
9085
-702
11300
27219
27875
3747
-17118
2555
4082
-27483
-27187
-390
24473
23637
-8694
30800
12075
18559
18844
-4734
-21729
20688
-27327
3957
-15446
-30399
-5019
2313
21193
-16788
-24240
18655
-23279
-23470
10900
-13982
15636
-31108
-3187
12836
20370
-3259
26221
6985
-13850
-18360
-13567
-25012
-1859
-16060
-16258
-6085
-21839
14001
-18227
-21758
27836
-22315
-20604
-12144
8848
-7157
2166
5441
-7967
-245
25413
31930
-29695
-21880
-25491
-32457
-2699
-7853
-4363
-383
8801
2599
-32478
-29330
-24548
-28767
-25153
-4571
27323
-26416
14572
-19417
25689
32669
-9261
-15955
28671
-30867
12316
22836
26408
532
-8465
4780
20033
-31976
24344
7221
-13209
-17115
13155
-12685
8675
11582
713
-10039
8888
-6210
2298
20755
-26925
-32620
31700
-28426
-31544
22589
-22663
-17279
10772
19169
2391
11980
-6670
15203
-6079
-4209
30202
-15112
24187
12148
-28456
-1524
-20942
-20779
10809
-14235
-13619
-14072
29225
-10458
-18218
-8007
-25215
-10224
5521
-8958
13036
-21710
24990
-7200
-7237
-4095
-16408
24694
-12198
18349
21099
12962
-12016
-11611
14560
-26829
-1792
-1261
7687
14912
-31164
23277
-13997
27158
-1060
-29271
23793
-28895
-5426
4459
28534
25270
-1122
30646
-28439
21713
-13601
-18579
14610
-25638
31072
3756
-21294
-18318
11736
-5410
-18327
21906
3832
1003
-12428
-21360
-11489
-5428
2738
7144
-4593
30607
30142
-21069
-12376
4112
-31290
-7239
612
-18180
-27896
29779
-23455
23519
-17848
23336
-685
-24063
4906
-14219
9324
32236
25016
10361
-26815
-1089
-32692
22367
27258
16848
-31491
725
-16064
2159
-16079
-10769
-29710
30850
9246
13514
16641
-26383
19256
-1038
-28522
-5815
30787
12580
-1035
3544
23445
21871
-20079
18173
-8306
-30103
-25132
12301
-2925
-29832
-5005
18651
-17426
-201
-27928
-16708
232
-7492
-24899
4853
-289
15006
-26114
8965
-5951
32175
14241
-4529
-17917
-22259
27284
5851
-9829
10237
10961
12544
-13290
-6026
-25526
10216
-26169
9322
-16616
6630
-27164
-18347
-25343
24896
11473
7858
28696
-7617
29375
-24280
7341
3650
10909
-28058
-809
29059
-25127
-26522
20025
-14505
-3232
-6942
1873
-18875
22859
4750
-29991
21028
6641
12026
2614
10548
-14686
21137
-25404
17055
-16868
-6955
-21949
12540
-29655
-11457
3710
-14407
-27663
3055
-16394
28768
23145
2169
24880
-30601
-18502
14275
-31619
-13548
28426
-32599
-2521
-7838
26316
13295
11576
19261
13265
8045
11725
6899
31629
58
-19552
-30961
13127
-26685
1189
-24264
2232
-26761
14302
19202
-24112
-3194
-19975
18768
-32573
21575
-12210
10597
25533
22741
-24334
17471
10264
21164
19926
13957
-5863
7969
-6275
3989
-21374
7558
2498
4667
-2045
-14231
11653
3303
16916
9638
-19269
11172
11139
-20409
-2667
-17470
25160
4008
-32763
20167
-14211
21171
-10465
-12936
8215
-13268
29916
-20828
-2865
2059
-14272
-27147
-30526
31683
9303
14691
-18916
6844
-25956
-2390
31932
12755
12571
25723
11275
26417
941
10791
7158
13358
-20042
-9954
-21282
-26358
29124
-20197
-21638
19190
-9031
-4118
31095
30668
-27453
-7734
-21858
-571
-13483
-11568
-28108
-30452
-20189
24597
-20988
20946
14715
-10540
5011
30784
9814
-29139
22502
13103
-26341
24622
1836
-14016
30113
24321
4839
-5669
-15706
5349
21926
13430
2757
2235
-26064
-27321
-18453
-1867
-3947
17943
-21698
7360
30974
-8798
30507
6679
21630
19295
22782
-16839
25871
-28944
7057
11553
-23242
2719
-16800
11711
31576
-6603
-24637
13911
-8905
28949
-29371
-7888
-11076
21862
31583
30401
-26721
24273
-18712
-17785
-16431
-18109
11751
23914
-10325
-2780
10802
23245
-16357
815
-3683
15837
15723
-2193
4541
28738
13079
9904
-5693
-10287
-26622
-29533
-12306
-28
13362
5911
138
-5356
16071
-6623
-882
-25040
1404
-22634
29722
15774
24275
-28239
25558
-9551
6290
18571
24705
-5762
9796
-18428
-10997
-24505
29670
-32148
7702
-20354
-25283
16743
-4470
19752
7017
11543
16688
24440
-30862
32063
-29268
18049
-24115
-25385
7551
2634
-17414
13142
29419
26514
-21938
6713
22308
-29916
5634
-22470
29456
-2226
-23010
6508
11439
30938
28146
-27716
-517
-22050
-18082
-12358
5837
14910
-17407
7429
-11797
16077
-20998
-4700
14297
-22553
-23645
30055
25370
-22065
-9351
-3270
27774
-9192
-31980
10445
-7000
29082
-8054
-9807
-31609
-3684
13579
20836
31533
26049
-25652
3089
-14250
4081
7187
11963
-4352
-4005
25564
-26145
-22055
20257
-13182
29514
-27349
-17227
-19817
14838
-26476
2090
2950
16337
11125
-22738
24650
3411
30367
684
-28445
18258
30739
-11600
-13074
-6871
-12528
27025
27582
20531
-7418
-2642
-12919
629
9973
-28154
-27800
-19301
23095
32471
-15912
23437
-12141
29659
11486
7329
-9949
-32490
21326
-19161
1935
9043
11394
-7598
18283
-26732
-2560
7591
-19522
-11161
30039
10810
2525
7481
5759
6851
8579
-2082
26327
23497
1546
10901
-13070
25105
24625
-25189
31775
21680
7005
-16939
30846
-12661
-3554
6078
-30525
-24630
-24239
-1327
29239
3780
-13789
13674
23274
-4808
-5976
21705
-9967
13363
-32419
29033
-9507
12336
-5556
-6762
-13569
7745
-26517
-29357
-15180
11401
17671
-10732
1700
-18358
-28974
-5481
-31547
-25616
-1641
-20429
-7449
-4333
-14825
1434
-8469
-24862
6219
-25413
17375
-27168
-17016
23219
31590
-494
-7973
31503
-680
30482
-17287
-30417
-19794
-30835
30330
-9744
23301
-9740
-20358
17827
77
12740
4315
-12835
20377
6794
-20937
-26223
3004
-14661
-2603
-10863
-14080
18539
-4156
29727
-13559
25934
32293
-21450
-11854
24299
30355
4971
29271
25325
1667
-12331
26565
-4924
32352
24247
-6284
-22934
19311
-2515
16422
-25209
6558
-6338
-1024
11400
-13261
-25703
1709
-14190
14648
-15625
17765
-7963
-1349
-29260
-28145
26789
-30401
4698
-190
-8422
21082
-31583
23294
-13606
-23304
16080
-5914
21263
32534
-23956
-4523
21378
20987
32210
-3863
-27505
-7023
12153
14613
-25511
20431
12047
18794
9486
-2129
-4225
-11358
32564
-6639
-8606
30525
21195
-5097
23705
-28376
-19495
-27275
7684
2110
-13806
-31770
10941
5866
-3364
20821
9107
-21742
-6136
-1393
-31310
-19190
-7558
-2844
26735
7816
8451
11027
29645
8810
-10999
28054
5345
-21534
-27758
22557
13751
6295
-21249
11789
26093
13647
20719
31890
-27905
1730
-18329
-22810
-31960
18161
516
-12247
29752
25568
16218
-8768
-26136
30096
26406
-13091
4422
20796
27420
-3491
-13280
-11791
21039
28880
23179
19802
-17461
-26795
24125
-7549
-1346
14966
-28831
16810
1559
-20921
-3843
16091
16463
11176
23208
-3569
-2736
-23183
26679
-17644
2060
32627
-24595
-24645
-12696
-15918
28131
6615
-18701
-26429
-28434
-2913
3878
-25154
-12621
2598
-10370
23631
-20327
-25644
10860
-8959
-31642
-27749
-4680
20604
-7083
-25393
-12597
-8370
174
30247
14982
14954
-25666
7701
9688
-15977
-8292
-16062
25894
9850
974
-14561
16621
-32559
14564
10678
-9824
17538
-25007
23215
-14758
-1065
1562
24755
-18450
15004
-12546
-4946
14051
20587
13178
13042
-21060
-13675
-28169
-30217
-27827
4385
3425
32733
-23736
-20277
17273
-17179
-25433
13837
-8868
9430
32025
-11382
-9257
9962
12642
2910
-28541
-25963
-10822
-12472
28215
28407
-8785
20794
-21212
12380
15581
17581
32009
7972
-30853
825
-27817
26646
-21005
-5195
-30183
-8643
15764
-32247
18548
-14945
-25595
16692
16970
-16746
-27742
-26835
-18043
-21452
15796
31258
-15126
22862
-21979
-22682
-30176
7908
31322
3865
-14532
24260
-26652
31455
19534
-12008
13809
16952
-10801
32657
18188
23286
14274
-10687
19846
-8428
-4218
3514
-23770
-31860
-24695
-16780
-3176
6378
-20220
-20356
10739
11055
-1204
31778
-18471
31572
19259
3551
11742
-13442
19672
11615
11344
15094
-22090
-29677
11157
-20282
26907
-18651
-876
-23046
-1447
-12457
27970
-15644
6782
14298
4289
-32655
-25927
-7539
-1556
25559
-27949
23293
-5127
-28717
-15168
6917
-23181
-27921
19700
-16284
3387
-29637
5792
-30933
3279
-5632
27465
13977
-29875
-26262
25896
-27479
-15038
-11227
-21662
24757
-4360
-14404
29996
-5084
-26470
1544
29185
-8443
-11029
-27712
-5076
-6791
2535
8278
-23403
-9513
-16637
16702
-20522
-25803
-8177
25459
-24050
29810
7107
-14692
6821
12742
12581
-7347
-27727
28085
-19233
-987
20032
-22284
12266
-3994
-22572
15386
24917
-6516
-8502
-26459
21038
-28598
-26423
-10907
506
24277
28338
16096
-32112
-23262
6989
-6598
11051
2707
-22457
-28931
3940
30361
30694
-31851
-11518
-25035
-13866
20660
24796
-9816
14568
-15159
14832
-16438
13600
29170
16156
5715
14903
-30820
20710
22114
-29812
-30227
13303
-21336
-32642
7430
-11164
-29682
18673
-8267
9288
12589
-693
14962
-28176
-9420
-9637
17425
-1837
10197
-1022
23102
-30334
-276
-27613
-5400
-13828
-22984
-20030
-11620
32048
15142
-30550
-15464
-21750
16578
136
21886
-14789
16716
20224
10295
-11224
-17264
23498
21431
2654
-20619
22927
-20452
5176
-8587
10116
13356
20646
-20652
18765
-11695
27178
24712
-5208
2186
-20935
16582
-21232
-28536
-19058
-1364
-12711
7112
26256
9379
28012
8082
-2916
-5953
22470
11870
-21570
-11964
-18926
-25779
21508
-7175
17397
7800
600
-30620
8969
-20862
-1849
71
23253
12247
27545
26139
23094
31308
-24706
-18907
-16259
14521
-20761
-24056
17401
-13834
26143
18863
-9524
32338
8591
-25048
-32101
-13974
10462
-25086
-31091
20661
-4443
-23911
20999
-6508
7611
-6505
5238
8496
-4501
11263
-17471
-19863
-32232
18257
-17355
19070
25827
18939
30742
-2566
2734
25167
-4872
26194
31632
-26597
-23021
-2061
9848
2035
23779
1912
-3714
-16559
7683
-25156
24459
-4760
26276
-3255
-10967
-2443
-23165
20434
-20805
23627
12716
-24106
-26605
21583
-25681
-24711
-1741
-3827
19966
13698
-31374
2387
-11051
-28511
-32616
-29722
-16951
-25744
-3273
-14910
-12150
-28714
28290
9274
-8681
11630
-4301
-1292
-16583
-12437
-20347
2039
2671
-11268
-14621
-16675
-19782
16965
-28042
3638
-8327
3165
12880
32554
10521
-13172
21908
1427
11763
3442
-31391
28734
22414
-284
-29061
27230
28894
10030
-11126
-6565
21179
29171
-20507
12029
-13512
-24519
-16451
-6247
-18592
-4482
-13258
-30160
-28165
3660
-24390
4805
3837
24628
-11520
26957
9925
5460
-7381
306
19581
22216
16839
-11907
26025
-12081
-15483
24595
26798
-24883
17852
32247
12123
-19959
18678
-22877
27561
3772
-9327
-16074
-19451
-30530
-3587
-29335
-12961
17636
21230
21793
15315
30365
29468
13992
12944
-28347
-2512
-14419
16515
5309
-9759
-22823
-5215
24922
6785
13457
-26802
27787
4039
4831
26925
-26768
15139
-19425
-27942
-12394
-24749
23916
-16919
26210
26082
1565
8832
-29728
13955
4730
25164
30228
24882
25515
19481
32755
-25390
428
12625
-22982
-14116
-22300
19554
-12895
-11123
-5712
23357
-30771
27452
-13781
-9179
-7399
7238
-29860
4255
-4131
-10021
-28868
-32465
7419
6747
-13420
-22193
-15508
12105
-10167
7349
18458
-16760
883
-22808
-7540
6545
5720
17298
-1871
-2383
20764
12223
31631
-373
9030
-32439
22003
-2550
-7342
-29311
-3520
4813
18042
-27372
26414
-4365
8772
3320
-13222
-1420
19284
3588
-4736
27332
-12063
-31322
1154
-6185
18172
5517
32623
-28170
-20687
-17462
9593
-8560
32503
10684
26742
-28026
23396
-23513
16325
20727
23957
26638
806
23362
-16118
18729
-8530
10902
202
25313
25926
3942
-462
11857
-8151
31523
-23140
-18643
-21923
7053
-19623
6635
15351
-20175
-165
21495
30592
-2769
-7306
22416
-16045
4735
-7081
-9109
-31818
2295
-25514
15909
-18600
18830
3764
-28483
-2192
30506
5471
21165
-19119
-8344
-18884
-20597
-5793
4817
20906
7040
19728
-12568
-9068
25439
30282
-19204
-28260
-8118
31373
31567
18277
17384
-22243
20309
4765
25082
24892
4064
-13321
17818
29184
-28313
30131
-23971
25989
-19783
15008
-15135
-29576
-20228
17022
11491
19427
-21840
10420
25111
-3275
-4830
-31201
1096
19080
-12059
-13254
-4252
28603
-16513
-23142
-17993
5986
-30856
30957
-15234
-1689
-3453
30028
-14332
5428
-21834
-6282
20675
-26087
17606
20654
14065
23448
-4313
5892
-4350
-14734
-18430
9954
-30216
-22739
-23700
-24231
22609
-26293
-22367
1587
32703
13129
-6664
-9577
-5211
4067
27316
-14546
-15775
-14593
8576
-27612
-19350
14524
12351
-18108
1933
22879
-31812
-5541
8324
-3296
-27075
-506
29628
-23684
3060
-18778
24090
8914
1932
673
-5116
26409
13069
11329
-12587
25555
15993
10112
-28662
1418
-2200
-1370
6159
-15343
-1763
9909
1198
9471
-3210
-28916
10743
14091
27900
3381
31801
-14636
1623
-29447
14654
-13836
-14728
-5061
11829
15702
-13472
-20657
27195
-11605
2370
16683
-31216
-11137
-14859
23934
29229
25504
-10962
-25450
22448
-8534
11591
-8977
29880
16871
20954
-16764
12171
17988
-2839
-28913
18407
17407
22065
6838
28309
3785
3627
24476
-805
-14997
17062
-11767
-13530
-2162
-27645
7538
-30196
12559
23619
23228
-96
29244
-24411
32074
19932
8168
2837
-26356
32757
-32414
14675
5658
18788
-20041
-21575
-24606
24722
-15883
25714
186
-14330
3070
442
9
20884
-19167
-24011
28171
5725
-659
5410
-7382
-7318
-8388
15512
-32643
-2716
-28245
31511
17261
-17646
20129
767
-12487
-979
28335
-16355
-24169
-28460
-1237
23021
-18309
-16432
-17331
-11551
5869
11481
-16765
28172
29849
8646
-4314
3464
-26864
7315
13737
-8124
5509
-16918
14410
-31732
3466
-1474
7267
25162
8250
15741
6077
14002
8741
5395
24319
3245
31709
22979
-19019
-29188
4966
-21719
28196
8564
-24635
22064
-20775
-5251
-23894
17517
21981
-12741
-26730
5071
889
-13068
12308
-14380
-1013
-20810
4905
-28028
-15797
-26648
16987
-13881
-29926
8356
12201
15226
18415
-10100
-3658
13522
-10536
-12949
-32167
6827
9718
23085
14239
11478
-1515
-17356
604
3276
-31147
13433
-18621
-8947
-24018
9900
23040
-16759
-19426
5255
25286
21276
-24663
30738
12321
-16223
-14747
18387
10056
19231
23618
-28195
-6358
-479
3697
17730
-14932
-21996
14398
-18340
25839
-1375
24033
-2100
17267
13429
-14664
-7807
1509
6460
13952
25450
-27121
-19923
2928
-17251
-11304
27252
13031
-31564
31786
-20555
-28150
26381
-18158
-6397
-4221
-19728
-30177
1579
-2324
-5818
-9539
429
21563
-13637
-15721
5239
23695
-834
4283
3391
-6010
-23162
-18505
-26240
-9292
3651
-17656
-16057
-3921
-18558
-16728
-18325
-25334
-24286
14373
-768
-25228
13874
-1332
2092
3707
-25630
30416
-16529
-24980
9857
6522
20663
-18114
-12710
-14487
9178
16634
-3324
-12906
19760
4041
-16992
-7900
639
2527
23592
-27812
25799
-25675
30337
19741
-3472
32454
-25756
-13317
19822
-5918
24477
28788
15293
-9050
27149
17073
10011
11858
12106
15379
9572
-25088
-14040
2325
-12279
17466
22765
189
-16697
-13680
-8873
-30633
13161
22050
-22555
-15272
-15401
-27159
-17498
-8581
-4004
-18366
-31298
9201
22278
680
-21231
-22013
14078
-9739
-31814
-26020
-26179
32578
5996
11839
-21515
-30792
26445
23311
-24213
-3862
-6583
-4080
-24763
-9459
-15219
-11793
4820
22720
-4480
-24209
-12320
29254
29434
-10422
-419
-15968
-16611
-6907
-11670
-26023
4110
20775
-5804
-24992
-11312
23462
7974
3057
1723
-24922
-12029
-1186
26906
20038
-7675
30314
14936
28255
-17744
31852
-28296
-15723
-18210
-2373
-17617
16904
-21196
6075
12184
17024
4504
-4782
-28629
9371
-25727
22209
19620
-14394
-2167
-4839
-24589
-29859
-9170
20624
-28794
-13176
-24724
28355
24797
-26189
3648
-2399
5727
22495
1648
18371
7883
28095
5232
31277
31312
-6027
-16986
-16810
19014
16735
-12393
-23760
19018
-25816
14259
183
11272
25096
-29940
-27826
24742
23866
-27646
-6794
-7039
5554
-4125
-19
341
12608
-7844
-4726
-27489
-23290
2468
-22153
-24265
-12490
-25837
3475
-24251
-20369
5197
-7681
-27576
32004
11782
15217
-25536
30508
-31749
-3442
-4329
31826
-9561
-25686
-29468
3992
-26673
-18493
-27912
-28745
23282
19383
-14037
1060
-4766
-17422
-6658
29942
-16522
9764
8671
29626
30554
-32489
-26033
789
32077
11536
25974
-3269
10316
23673
10835
15863
32202
-18562
-56
13071
30279
-28337
-6613
-17749
-20655
-28451
-23924
27864
3786
11228
22013
-4723
11774
28130
17746
-5196
19195
7268
-27883
23757
3205
25297
28970
-4053
30666
10907
11641
-17726
17777
-25670
9130
8091
21598
-21366
-29385
26690
495
-30949
32047
-30154
10692
24786
-18973
-9880
27830
-21353
-29844
-32673
-8317
3409
20216
581
-85
3705
31366
-28297
-24368
21097
-26626
-7254
15686
-3084
-13968
2099
-7916
10214
334
-8208
31873
-15292
-22034
-20082
-25777
-3937
-14889
26704
15476
6903
2652
-4934
-18721
14573
18301
6642
8546
10175
-12350
14934
22641
8464
-15648
-12409
-25243
29893
22683
6934
-4444
-15838
-31551
926
24308
22953
-27792
-2524
-7903
-22665
-26875
16052
-25117
-5250
25524
-16366
19892
-15294
25905
-2741
300
-27403
-31149
-3346
22618
-11663
31093
-3393
9823
-9069
23660
-12666
11359
-13166
142
-25954
28144
15668
-11387
-13217
16064
5195
-26603
-5883
-23083
-24826
25074
-22576
-19137
-25496
31618
-10896
10426
26836
-26645
8774
-20838
22285
20480
26521
-12327
-23313
14180
-20846
-9363
-3480
-6015
-1066
24000
-6812
12640
26596
10591
10471
12517
29552
-2620
-2877
-32562
-12722
20080
-7631
-27212
-14451
7142
-23567
18469
-31011
-16534
-4797
28372
-7804
11680
-14388
-29248
9173
12020
-6056
17365
14022
28818
-29380
11083
-32691
31965
2362
-26109
-24257
17268
-27067
-13798
7881
-31145
26153
17115
21327
2992
22060
-2234
-13824
-6750
-11888
29317
-25304
-17043
-7138
-1437
15063
-21046
-9291
9476
24017
27234
8165
17616
-23804
3335
-29253
-17778
17025
-3142
26390
-16291
7768
-7324
-17459
-8056
-23609
23950
-15530
1415
13714
-29946
1886
5856
-21744
1609
31731
-18766
-18284
14407
25918
-8672
28776
12352
-32618
2416
-16933
-10124
-4077
19067
13968
4514
29962
14397
4771
-10986
-19034
31267
4346
-12082
-20533
-20259
21628
-23465
27415
20932
-14838
-29400
20412
-16613
-32243
-2949
-17083
-4591
10279
2307
-13625
27405
27307
8788
-955
23812
-21209
24654
-13015
-19821
-6925
5444
23066
-9805
-24217
7148
-20449
12706
14636
-12085
-16376
-29474
-21323
30299
24155
-19044
4902
-26247
-17981
-27675
28310
-16372
18418
6581
-22178
-26861
22474
-10742
12719
13661
-17005
-9271
1768
-20152
-11780
-27673
-570
-8865
-12340
16225
-31927
-4071
5584
-9841
28572
12840
9967
-6158
-24849
11814
7852
9408
-31894
-26022
-27256
21461
-2650
-448
-25435
-6560
11430
-8203
-17569
-17608
10344
32633
10491
-4017
3811
11639
31799
-23409
4882
-15175
-22995
-20275
-12837
-16644
20371
27762
-22841
-24939
12865
-14411
2989
-22567
31686
17154
-19919
-30052
28925
23587
3501
2791
17442
-16262
11932
17349
-23122
-30794
15777
-21222
5551
-25979
31876
21600
6141
-19953
-1174
7880
-9317
31758
32747
11635
-28808
-19560
-31048
910
8704
-25198
2202
-7341
-14673
5885
-8417
7777
7026
32192
-1348
9811
28956
-23075
25781
8221
1339
18700
-23847
-27218
-6991
-1794
-25137
17426
-15490
12518
-23798
32523
25127
-28021
11312
-4662
31197
-13424
-858
-26587
-25920
29165
30148
26793
31279
13240
20622
-9146
-25002
5086
28474
-18864
4696
-1843
-32306
23298
15309
19776
32021
1927
12820
8818
-22309
26240
31425
7185
-8037
2457
-28736
28148
29946
-23124
-22659
-27397
29292
-23167
31874
23807
-11472
-18609
5788
19250
18216
20318
17138
-9929
-23123
-10146
-12556
-4327
25634
32469
16877
-931
-14447
-24026
23161
30597
8926
29896
9421
-7797
9032
-26709
-7944
-17350
12113
-24872
18708
20222
-28792
18538
8322
17120
-13916
14250
-20333
-20138
-14529
19584
-831
-9675
-3497
-7548
-4499
4584
31000
-8220
4464
-24048
-18271
20717
-6549
27643
-23114
-11809
-29903
29283
-25399
-12631
-31296
-22558
8109
-8430
9192
2158
24851
-19164
-3955
-19935
1551
1470
-27002
15056
17204
-2456
1217
4154
-14576
-13642
9932
2212
-9314
-27316
8738
14431
-26321
-32626
11468
-22173
22080
16720
30237
-24855
27237
-26245
-6032
-30693
1527
14526
2949
-9516
24156
18052
-1432
-10471
-7045
-20247
15
-3961
-19901
12626
18123
21413
24638
12837
-11096
15719
30278
13062
-26357
-8081
-13453
-4500
-10376
-2802
-3045
-31773
3727
-9398
18941
-14101
27596
-5268
-24276
-13363
25173
10797
-3907
25586
29843
12587
29007
3162
-29457
16744
-3682
26312
16278
-26115
25889
13640
-27606
-5656
88
29272
12006
-12778
24105
6481
15016
12585
19524
22160
2296
17071
-20316
-15402
19910
9737
10992
5375
-4483
-31833
5666
-30959
-10115
13141
6140
7855
-29429
6598
18078
9819
-10939
-29075
8159
-23558
-11562
-31229
-22725
-31934
-4936
-14273
6909
9150
-14229
6155
-24089
11813
20771
-909
4429
19925
26100
10228
-22854
8076
10763
-878
-5751
-9599
12981
-1904
-15136
24212
22197
-24008
-11919
-28191
-11357
27577
-8968
4860
20140
-21854
-12184
-22762
-6736
1279
-20014
-28515
-24502
-19557
-13044
-11482
-28816
12188
-12881
27720
17129
-21098
21780
-5537
-1155
1055
-3097
-1009
-30581
-7127
-4714
-27823
-19200
17880
31269
-30085
26159
15722
-5128
-6633
26695
-16152
17056
-25196
7502
2820
-25218
-14935
29242
-4190
15514
12651
22390
22482
17755
20580
1796
-15583
-32304
20504
-20616
-6709
-13690
-25884
-22084
-13612
-29775
-16938
18879
-31870
-22600
-29343
6723
10956
18945
17661
13151
-31001
-17306
17769
24909
10041
18477
28851
-9606
1079
-3664
10875
15769
15918
31289
5216
-7
-1001
-13925
26963
-26972
-21799
13017
24254
-1046
6484
25430
-24414
12757
-26653
3583
23412
9696
-22519
3548
-8004
-28576
-23702
-9560
-14743
13686
24771
-15770
-27734
2258
-20605
-27611
25527
9498
-18655
-30049
-3736
-28602
32325
8415
4652
-8398
-18942
-8985
-12068
-10975
-1874
7559
1795
-178
6402
16078
-10854
23990
17472
31038
-14096
24534
-26352
31883
8885
24562
9134
-21244
-26748
-10349
-17039
22371
-8487
2984
-11241
11175
27320
11151
26260
-18303
12015
12908
-11073
10321
5209
23421
28460
16063
-21849
21306
16083
-30713
20883
-28117
6477
26181
16318
-17547
-23275
-4915
24666
17049
2623
-2657
16117
30342
10278
20788
17693
-22107
3220
-32070
-23713
-5008
29129
20350
25264
18004
27044
14046
-5369
17441
21242
-6895
-5560
28595
28637
-25933
25137
-3735
-6618
-19649
27029
-25594
26527
8971
11790
-21818
-29080
1994
-11021
-32641
-29824
9705
20277
-27858
3456
25332
-3545
-14989
7489
-14760
-7247
29936
10390
-24274
-18474
-31718
-25278
7172
-22797
-18656
15998
17146
-28410
-6368
-8855
-31733
25156
445
12673
13460
-20376
-16718
-23589
-12653
736
5527
13384
25888
-4293
-30381
24145
-23008
13218
834
-13743
6179
-20980
-26764
-17564
11227
1542
11915
24763
-31365
-29183
-31822
6310
2174
17961
-21876
-26105
-15688
-20243
23553
-29653
24072
17424
-4829
-30046
-9654
12372
-3133
6967
148
16159
17573
-18091
22579
-52
22792
10236
17329
-20281
-26361
-14539
10935
11276
31584
9160
26146
28644
23904
28097
28763
10749
20209
-14363
6628
32599
-4414
31389
-17893
4205
770
4381
-1565
-9221
22078
-15045
10364
-9321
-2845
2007
27842
-23555
-31905
