10000
-13282
10000
10153
-15451
-8152
7114
-12875
140
-5873
-9213
12034
-8575
4703
15430
2140
14286
-9430
-10861
3121
15577
6957
9692
-3812
-1922
-6716
5952
-13259
-3795
5779
2565
-7403
-7486
5104
15702
-7766
-13017
4881
12992
8128
-11349
-5638
-6036
-7606
10527
15139
1564
-15245
1205
1771
-10009
13416
-9320
-4416
14772
12258
-9399
13834
14966
11382
-8001
-13093
13868
-10341
-6083
-4008
8086
6782
12785
11493
10934
3464
5968
-12782
11533
-14421
-13005
2119
-12142
13679
3760
-6095
-2703
-7233
-4934
-11286
-8569
-5517
15991
10730
1184
-7524
-4509
-13903
11373
5265
8231
4656
6983
-13891
-5319
8699
1702
-4570
9779
-6865
6750
-4676
-268
15652
12702
-1690
-9352
-12847
7848
8140
16247
15618
7504
-6683
12990
-4292
-13258
-13505
-7089
3690
-14142
-6640
1594
-6576
-13854
767
7737
-7509
-10875
-2894
-14579
15146
-4906
-234
7834
6416
-13511
2673
-9020
-15706
5125
2601
-12537
6241
2821
-15535
13527
-4138
13231
-8457
14525
-3295
-3026
557
5518
4319
-2596
7208
-9394
12878
12356
11413
6107
11502
-15790
14430
-10394
-13478
16041
-4020
3461
-7936
-8084
-15710
-12194
-14177
-49
11643
-11885
10628
12891
3556
-7957
8067
-15612
-6216
1221
8630
-4628
-7618
-3012
-15369
3060
-2686
-231
12062
6662
1142
12156
-5126
-14300
-8248
12616
-8944
-978
-4735
-13486
789
-2954
-3743
-2488
-6100
-2555
12796
-8862
-12833
12970
-2413
-11062
-1570
-11577
6579
4556
15737
-12582
11407
12476
5085
1227
-6372
-11094
-3311
13563
-7952
-4921
11182
-11512
-12581
-5228
-3231
-10656
-16063
-1073
-2528
-2420
7997
-226
2606
-200
-9609
-7560
-7472
10244
6079
5206
-8756
7181
-14223
10397
-14428
7482
-3961
-2487
12950
-4282
5501
15065
15442
-2416
4584
3965
-8583
13988
-13868
15360
9688
7304
-1056
13173
-5016
-16186
11034
-14684
-3580
3389
-8805
-10189
-4121
-3417
11233
7827
747
6633
-8977
16304
2179
15645
2854
-11690
-13709
5215
3552
4452
5461
602
9168
-13134
5580
-4976
6684
-7230
6277
-5268
-5066
-10712
2289
15881
6270
13754
-13629
11711
9624
1655
-13782
-12943
5260
-10185
-8499
-16233
15266
9751
-8821
-2547
-14853
-14431
-2833
665
-11281
-67
12403
1854
-2007
-2725
15996
-12478
3458
8668
-10992
4607
8608
324
-11945
1132
-4019
4128
-4648
9834
11159
-7369
11119
-2098
3244
-6925
-14065
306
-5774
1165
-6595
-9093
-13592
-7430
11334
10536
-16321
-13928
6726
6240
-5450
-2409
-12327
-839
-455
2856
-3427
2504
12984
10086
2670
12140
-7609
8
-4001
-12295
-1597
11386
14182
-11397
5759
-8649
4374
-6797
-16320
3005
10983
-14186
15825
-3110
-12579
-13429
-8911
16067
3533
-8319
8126
10635
11497
-111
-3038
2147
3855
9428
-13824
15254
-14896
-15550
2910
-3262
13889
2896
-14384
-8745
-636
-5048
7528
7503
276
4966
11103
7986
-10541
-7241
6787
13127
-3884
8881
1887
-742
14568
-10864
-9684
7217
2026
2934
-10118
9996
9418
4160
-868
-11040
14171
-15319
-8489
-3565
-9509
5152
15433
-1162
15429
-12568
-6246
-956
-4007
-11532
12132
2781
-4761
-12033
1634
65
-11042
8046
-1701
-14771
-1897
-9627
16075
-10056
-14367
-13142
-5034
-11060
4171
-8900
7660
13283
15924
-591
6844
3239
2323
-10925
-15399
-2296
14214
9465
-10067
-4356
8101
-8928
-11783
993
13281
11655
-11470
-9299
473
3150
659
-1749
-1480
13668
-15747
12971
-7742
-15512
-14271
6311
13749
-3432
861
12310
11487
3444
1912
9332
-11906
3893
-10979
-8820
-4134
-14352
9482
-10845
3721
-9386
-14397
7691
-13224
-7531
-8510
1698
-4452
14700
11282
2292
2467
-8157
14157
13539
14773
-8690
5607
1988
3524
12682
2873
15419
2005
-328
-5041
-12585
-213
6395
-3215
13163
-4040
-15566
-4237
-2254
1603
-15691
-1348
-13408
-5415
8465
13833
9972
14466
-15556
-8205
8684
-6349
15132
-15301
2592
1334
7150
13545
13156
-1723
-13571
-2606
14120
2101
1582
-6158
-7571
15166
8531
390
15719
-1812
11058
3819
14576
11491
-6572
-1991
-12877
6741
-15987
1950
6420
13635
15438
-4998
-15391
7798
-7508
-2242
16058
7739
-13010
-13819
8256
14816
-12199
-1554
12543
-16399
-14339
-8897
-3813
-6350
10813
570
9148
-9125
-12705
2748
11321
-9579
4952
-5990
-14074
10935
-11756
14011
-1954
9536
-14455
10996
4784
4883
-7558
-9050
-6454
8458
-9191
-7226
6596
-5625
-10603
7351
-1153
3571
-15547
12818
-1295
-9263
-11061
-4899
-9670
-2635
11169
6041
-2553
-12024
1333
-12915
3742
-11235
-14012
5753
-5392
13086
-9112
9049
-4822
16027
-8913
10763
-6719
14228
12234
-14227
-9276
9932
8220
10307
-5732
13816
1596
443
-6806
9894
4523
10689
-6624
13038
-10412
-10237
8545
-7206
-441
4290
-8680
10645
10037
-8610
-2087
-16043
-5462
-14689
12026
13577
2571
10179
-16017
194
12117
-5813
2153
10721
-10350
11396
5805
-11260
-15334
-5929
5045
8112
3726
8144
-12409
-8514
15252
5359
-13481
-5498
-6062
13617
13022
10189
-4436
6748
632
1135
7228
-10739
-10753
-1333
-10220
-3966
7273
-6416
-11467
-14553
11298
14732
8141
14049
-3030
-11121
-13517
15901
-14866
7586
-10589
663
-3098
4682
10937
-6422
-16143
-5670
-7763
7130
-9101
4381
1107
-9885
-6357
3007
5584
11136
15572
1918
2589
-324
-382
11541
828
-10119
6585
-1310
-3781
-6398
-14260
13661
-3861
-10927
-15109
14648
1376
3744
12491
15189
2087
-8783
-6877
-15765
-5047
11946
-6537
12291
9181
8675
6465
-9126
-11644
-16265
6366
11830
-15719
14338
-3939
10903
1627
-2361
-2075
9399
-10288
-3159
6975
9069
-733
3093
-3440
3705
-3903
-1102
2582
-15469
-11721
-1590
14882
-207
-9268
-14218
10650
-15077
-10016
-15989
-10452
13487
-9982
11590
-15022
-2829
7123
-4423
9481
9311
-3683
-11788
6992
-1945
3249
2035
-671
-1846
-125
7242
8113
668
-7289
-3951
5032
-236
-6967
2447
-4064
-1515
11854
14888
158
1149
-3284
-2041
-2223
3632
4202
-6645
-562
9187
920
-8079
-16247
15528
12845
5830
-12015
15779
-118
-1261
-14574
-8109
12707
-6133
286
3857
-4217
11722
6242
-9338
-4057
9131
-11719
-11440
12700
6804
6757
-10278
-7789
-11347
3801
11002
10105
-11806
-1210
11343
-9114
-7654
12391
856
-822
-2509
-7412
12884
-8232
11972
-281
-12836
181
12177
6424
-10944
-6817
6860
-4487
-6236
-4258
-12527
6569
-11815
8748
-15330
-4902
12540
11108
8789
7002
9680
14508
-3854
7907
-11045
-6301
-2293
1185
12097
-9719
11083
3590
-16286
16241
-12691
-11952
-971
-10327
3193
-14890
-13726
-15708
-16192
-6122
-13791
9387
14489
-7810
2773
-4983
4312
-8195
13671
-14481
2577
2375
-7582
3756
-4207
13803
6354
15118
-4841
-8171
12764
10772
-4267
-3550
7452
-16164
-5335
-7960
-15935
14534
10139
15810
-1943
8683
-6507
11358
-9795
-6336
2148
-6075
-8056
1521
-14803
15869
-8771
-8960
7359
-12383
-15701
6528
15094
834
2215
-3923
-10544
-2730
-7096
-16391
-9443
-14440
11975
106
3777
-12406
10512
-5396
5090
-16
12107
3511
6094
2312
-14293
-12704
15535
-13431
15353
-11072
-14095
-1439
8031
6792
-6034
1836
-523
7072
13685
4236
-7357
12032
-3920
11067
-3622
7175
-16142
-12499
14235
-6458
-1419
3111
8160
15642
974
7643
-5817
-12774
-12565
-3857
-14706
-10369
-7986
-1077
1067
1035
5925
11949
3165
513
-15795
-2603
13768
-294
-201
-14221
13973
-11197
12877
-6911
-12220
-9473
-9149
12989
-3629
14612
12693
2524
-2568
-7200
4162
-15775
-1659
-11870
3798
-2737
9869
-15450
-656
-4631
-4916
-9713
-11564
-5140
1857
-4362
519
-15275
15541
-16310
12225
-3635
15649
7755
2733
-13827
8824
10835
8493
14863
10898
-10713
10787
-52
-14202
5515
-5129
-10480
5691
13477
-4682
-12956
-2489
10792
12285
-3354
-15741
2549
-11567
5233
-12919
-3921
769
-7283
6896
-13569
-11204
-10212
-5559
9382
1008
-10304
-3880
-5305
-4338
-8686
-12047
-11357
10356
1754
14957
-15500
-13079
-11399
-6836
-11170
6746
-13215
12718
14765
15310
-7775
15315
6483
3935
-14042
12642
15367
1496
4022
3707
1566
10285
11902
-2777
2163
-9064
7753
-10839
-10812
-12270
-5796
-9037
-610
-16296
1224
-9611
-10743
-12769
4903
15241
13380
11131
15469
5475
-10130
4504
-9467
-4974
-14140
12977
9773
-3706
12644
4634
3233
-13926
-1887
14471
-10894
-8661
1444
-5607
3246
-11420
-9999
-13297
-2830
2784
4449
-2350
9786
-9956
7218
8850
14368
-2372
4390
762
-8492
6553
5984
2200
-10531
8593
3833
-11255
1294
-1180
-6425
9307
-5806
-8589
9377
4744
-11117
-15359
2710
6026
12457
16167
-1876
1394
14894
13731
13780
-8478
8938
9487
-12171
8978
11746
-15801
-4054
-14179
-4358
10901
-3517
-10229
11080
12961
11513
4638
5689
7962
-2706
-6299
-11485
-15253
-1441
1329
-16258
5591
-4003
-16343
9594
-8456
-135
-9446
-7011
14188
-7353
-9230
529
4325
3104
-7850
4815
6567
-6229
-1785
10636
9666
5414
13045
3429
12663
-4833
-14772
7145
9974
5168
-13520
-4942
11511
-11046
-8721
-12284
-7399
-1552
-7940
5554
13392
-3259
13007
-10106
-4686
-16058
-9457
9912
13572
-16040
5504
4398
-13565
5874
1709
-14989
11642
9812
-10614
11496
3807
11157
-1994
10838
2809
1753
-3728
12377
-5213
13699
-1729
-13244
12692
-1192
12932
2795
5633
-12882
6765
7472
-13068
-938
15799
10318
-15255
-7095
-12122
-4633
-9172
14356
1476
-11660
10756
16219
13204
-7873
1040
-2125
10707
-14229
-1654
-1013
15677
-16232
16004
-10664
7523
4799
12547
447
-9915
-12143
8165
-14893
15773
-5744
-1135
-11122
-5398
6383
-925
1808
3902
-6103
-10983
-4153
-15774
-2707
-7354
11806
-11136
-16278
-15347
-2734
13832
6956
-14470
-1358
5817
-14490
-2650
-420
-4887
-507
4091
14217
-8031
7646
13608
-10090
-4230
12314
997
5841
3681
-10137
-7672
1308
14024
160
14290
27
6522
830
16026
5020
-5080
-10911
5231
11557
-12496
6937
-626
11955
-12145
-12634
-8534
12243
6280
-5522
12033
-10363
-13296
-3652
2768
-3841
-3011
-5777
-5084
-8201
-6085
-8826
-6286
4114
-2154
16174
-14580
-14258
7046
-1996
697
9201
3751
3419
77
6040
2398
13541
-1962
-15803
13512
1310
4621
-12096
1586
-5368
-8299
-16107
9778
-15147
-371
-11820
-11585
11148
-5364
-1753
10768
633
352
-12393
6712
6232
-13690
6814
-3715
-6592
-4248
-7444
-13445
14416
-4391
-15752
-10500
-13285
-3505
-10676
12436
12499
-8859
16
-12802
-2761
-3058
-7342
13881
-4291
13209
-13669
609
10622
14953
-8142
-7346
-15771
-9616
-6483
10221
-14058
12911
-8901
96
-7138
-5650
15283
-1577
-5124
-4308
-3399
15526
6521
-5567
15607
-15048
-870
12824
-9601
13109
-4701
438
2104
-14825
2971
9143
12089
10182
-5834
-4432
-8266
11225
16160
-8633
-2646
4494
5646
-15085
-3261
9353
-11131
-11468
-8943
-10161
-4687
9197
14977
9282
4757
-5975
-10280
-1960
-14905
9596
-4125
-12436
2347
4993
-8367
-4484
4087
2591
-8910
-14489
9801
6577
5538
-13209
-7906
3441
-14238
6627
6195
5978
-3084
14088
-4624
-6047
-796
-12314
4372
7033
-9008
-10164
-15324
-12476
-15045
-11421
-2412
2712
-7658
15371
-14408
10249
-13832
11093
-15794
-9595
3980
-1975
-7126
13706
11377
-14216
-4932
-6345
4349
6872
12114
-15082
3653
-14569
1041
-5852
12029
-7416
-14413
8865
5398
6603
1541
-6500
-10219
190
11038
11325
8243
13862
-10402
-7984
-10853
-8300
8215
3639
-10384
6472
12872
-6530
15306
-10383
7657
-1525
9111
-14484
11155
15615
2216
14646
-3332
4392
2750
12112
14579
-14650
4709
12366
-3054
12505
155
-7131
-11795
-13070
9754
13835
1481
-7572
-14017
15778
-14151
1602
10893
-1270
5447
6148
-576
7109
-14111
3482
1101
-2300
10683
5456
6773
-1494
7963
3203
3700
12983
-4610
4361
534
-10768
1203
-9337
-14459
9385
4659
-15934
-2718
-11471
-12030
-12832
36
-4553
14666
14727
7682
-7090
3137
-7753
-11
-2644
-8643
-10693
-4925
13046
-3319
10914
-13073
14608
12446
14062
15008
4854
10690
-6204
-16097
-5314
14687
-9136
13072
-1688
-5468
7673
13171
-10517
10717
-568
-12968
10240
-1519
-7273
13924
-15317
6908
6151
-13683
-12776
-5644
-1158
-12821
-8548
-690
13434
-6668
-2339
-6459
10102
2867
10587
599
-4521
-11891
-12770
-11676
-11789
-205
-16259
-1260
832
-5900
2815
512
-15901
-11704
15727
-391
13288
-5694
-14768
-2906
8889
7694
-14091
10462
342
296
-12140
-2571
-15268
-5762
5735
11986
13852
-10905
14085
-6019
-11603
-11352
8226
-7612
9153
3054
-16239
-15884
-5261
851
-6478
-15515
-16024
-11943
7685
-13942
-5198
6430
3838
-14972
-7727
-2978
-11989
-8964
-3024
-9555
-12614
14483
13150
15116
6304
-13412
4819
-4159
-5986
7010
1554
-5158
-886
10673
-11092
3125
3259
-7141
10292
15883
-11343
-11118
-2426
6284
-11740
-2780
12191
7498
-9898
-13855
16320
6642
-7937
12223
10584
-10675
-8129
13771
10639
-15016
-12340
3538
5932
-8660
6160
-10871
-11199
2310
5378
-1288
-12063
1812
3781
-15703
10405
2564
8961
-1136
14048
-6324
-9469
11448
15772
4921
-5482
-14158
-1189
-12358
-11362
12988
-13426
15081
-5511
8627
11731
10588
-2283
11449
-12303
-2000
-4400
3494
-15663
787
-7993
10378
172
3287
565
3536
15342
-15720
12319
1357
1417
14927
7451
-13139
-7127
-7956
16273
3792
-8874
-267
12249
-7180
6942
-15420
-14926
-9897
-14785
-7327
8360
1182
14314
10446
-803
-2229
9154
3180
1102
-11560
8512
12868
-13424
6001
13840
14016
13591
14002
657
6455
-7798
12945
5387
12859
-797
9743
-78
-7771
-7091
-15458
3421
-8100
-8003
12549
-7704
-3508
2756
3071
-3654
-6053
8400
9976
14391
-15772
12013
5001
5536
9830
7557
12325
-3235
-12481
-14708
3354
3100
-12571
-8270
6175
2924
1178
-6812
-12966
-6008
1949
-9455
1776
10162
-11493
-2205
-6064
-14259
-5159
-7361
4415
-9284
2974
-6275
1186
252
7777
9574
-4339
-16126
7478
13809
14606
4855
-13379
4409
13931
-10572
13261
-9741
2371
-14372
-12027
9982
-12346
6184
-4505
12380
-4278
1036
4978
-2736
-2983
-13597
7780
2298
15148
-11513
13106
-11854
-13649
4680
-5218
14283
-12021
14594
7879
10767
-11841
-16347
15973
14810
11562
2367
-8766
-14973
16312
-10047
-7556
-15528
-3863
-10024
-5128
15200
13855
-16114
-13174
3023
13611
7844
8287
-11193
-3435
-1619
-12751
9171
14254
-11543
-599
-14940
7254
13926
-12399
-14200
-8052
-7231
7470
441
9651
-1850
-6373
14268
15372
12627
-9110
-14924
-6092
-13464
-12218
-13680
-15344
-10942
-15321
-680
14394
11272
7119
312
-12238
-12286
15695
-16065
-9288
-7108
-14522
9726
-7711
5987
10090
-7807
-16051
-11773
-16219
16193
7546
2041
16141
-7188
-12918
9296
-12241
15055
-3125
-11377
-3032
-3460
14260
-14910
-6264
12090
-8543
-11196
-7706
16176
-8370
14161
9538
-13292
14159
6686
-14332
12261
1494
-2982
-13158
14855
10884
7377
-3985
12162
-9289
-6435
427
-1580
-80
2788
7037
-1693
-592
-4198
-11525
7371
-14955
-11692
2390
-1392
-8130
13331
-6649
7388
-2739
-12062
-13257
14730
-2322
1209
-14519
-15784
13629
-5278
11076
-10178
4285
-9975
-9575
-2272
-5067
8746
-9594
-4482
-5767
7447
5134
-5946
12437
-952
8029
10180
-471
7808
15352
-4881
-4229
-11569
9723
15056
-46
-9573
5597
11773
-11036
10859
-15630
1686
-13745
-4024
5057
-4422
15603
-6424
-11015
2440
-6170
12221
-5576
5210
6790
1625
-7248
-10810
1873
6555
-1198
16319
6495
504
8370
-14850
-3969
7903
-13810
8520
4567
7113
-4055
-13001
-10991
6084
-9475
-7892
-13918
12066
-12464
14652
1842
8901
12712
-7559
-3930
-1774
11634
11595
-13884
-7012
13919
-16125
11486
-7352
14891
-12558
-15174
5473
4965
7937
10887
-264
-10647
-7075
1535
-6739
-15435
4597
3964
14880
-934
11210
-14992
8624
-4564
3728
-8405
-12778
15598
-7124
-8337
-2621
-14016
16112
12981
10489
8521
-2152
1340
-86
-6366
10754
15573
-9197
-1784
-4944
-15760
15895
7934
1893
-7333
968
-5598
-3454
12326
6082
-12057
8408
7413
2720
-5591
9797
9440
1807
8718
14783
-5724
7689
-1691
15035
1351
8078
12871
10117
2402
404
-10257
3862
5576
11471
6071
-3300
-14234
7849
13257
7616
-12116
-8443
4596
9544
-11080
178
10804
-12176
13383
2223
-16130
6023
-10204
6479
15948
-6485
-2789
2675
-15738
-15410
-12799
9621
7012
-6362
-11297
-10487
1433
-10867
1879
12123
-10186
12224
-11168
-16362
7749
-10865
-10048
14421
-3798
-14656
-3763
11530
-12359
3527
10722
-4587
-16345
-5086
-7950
14926
-8027
2286
-6536
4536
12081
-1881
-2059
12948
-4573
-6319
14656
2009
6256
-11048
-5338
-15493
-1600
-5178
-4013
9821
-389
-2181
-1985
9019
2242
6607
658
-4772
-14315
5182
-2731
12721
3275
-574
-13409
-14063
-84
-7469
10503
14788
1687
-6196
-8529
6946
-12073
-12982
-3187
7896
15962
-11799
6407
-2532
-8154
5243
-720
-9532
-16260
841
-12012
3825
-7637
-1448
4947
7856
-14018
13559
-1103
-6749
6648
-7990
-3598
6772
9875
-7016
11257
1975
1748
-987
7098
-8212
-5484
-15179
2204
-15276
-16398
12694
7360
4689
-6526
-745
3973
6154
6611
14845
-15811
9044
13916
12017
6409
16070
15692
-199
16263
14872
-4588
-4874
-740
-12711
7522
-12139
-9115
-2612
11231
6238
9739
-14953
1800
13579
7248
-1625
13060
4988
-4405
-13228
1428
-12484
13612
15859
-7755
-13776
-1171
5757
11398
6673
-11631
13692
-2040
-826
7799
10872
-3891
-6639
-10357
-12005
-2812
10192
738
-5606
4794
-6323
592
6886
14550
-1468
4878
-2351
6072
-4478
9077
2165
-7620
-11465
8417
-15517
12657
15963
-13585
8591
9641
-13768
12166
5626
12695
-1112
-5810
5407
-1298
1960
6214
11802
4455
-6006
-3609
11507
12284
7595
-2482
13600
-11002
-877
-9411
15899
-9088
8617
-11981
-6826
8511
8920
-7396
-7176
10753
5470
5361
8968
7392
-11502
-8872
2454
7424
-4511
6961
9845
8479
5059
-9180
15717
15386
-11356
16169
11520
15834
-1667
-11323
-8461
13497
3215
437
-8236
-4397
-8302
9907
-4729
-13448
-15058
2067
-5282
8092
1303
14418
-2902
-1449
-15678
126
-10144
-9398
14698
5823
-11593
12734
-4247
11125
-14279
-3071
-6326
-1119
5333
9243
3318
-10124
-14945
10686
-5425
-12708
8778
2071
-1721
511
6032
14852
4675
-12410
-2226
3214
-6890
6265
-2577
11003
6702
-6237
13355
-14354
-9118
9891
8741
-13653
-12198
5900
-6778
-11013
-4538
-15754
8324
1550
6230
8626
8151
-12022
2975
15913
-9920
9005
6622
1583
9889
-11918
14233
-5888
11317
-9883
11582
8206
15068
13265
-1316
-1639
-7328
9986
-1410
10163
-8022
3410
-2878
-9714
-5147
-3205
-8585
11543
5135
8691
15858
11970
3191
10042
11869
-1662
506
-14291
16084
1775
-11524
-14324
-13756
6198
1575
-2996
1026
67
7142
-9297
5790
-1095
-6461
618
-10830
-2940
16168
7988
-15223
-2966
9580
8099
14358
3335
-10071
-6539
15052
5413
-12723
8015
-2134
-14327
6352
1993
-11900
-16211
7481
7249
-6046
-11920
-3439
-4577
-15563
-253
9085
15910
-9645
-13092
-14875
14194
8481
-5700
12448
-13758
-5505
-9682
4737
10677
-8029
-12538
-4118
6249
-12427
-7542
-7373
-13365
-13988
1392
-7570
-14236
-4988
9831
8264
11546
1046
95
-9442
8737
13604
14982
-13457
-8041
2123
-8388
9616
4394
-3475
775
4702
-14857
-10463
-4782
9476
-14039
3293
15339
-8049
15437
-4379
-8903
14643
-15243
-14094
-704
15705
16147
10402
-11664
15250
-4449
12655
13748
-13925
3883
-13138
3295
10928
7262
-3324
1235
948
-13966
-11484
-229
-11613
-6972
-4985
-708
5229
-4357
-13632
-11849
6223
-3296
10368
10720
15462
16053
-12107
15417
4147
8069
9056
15171
11999
-9868
-2176
2293
136
-693
-6498
11675
10836
7545
-12753
13039
-5799
13638
14789
-12480
-12550
-11236
10586
-6392
-3115
-15944
-5696
12517
204
14304
6616
11176
10018
-9790
-5302
12487
-12507
-12193
-699
-11225
10448
2230
-11786
-3153
11556
8116
15049
-7539
-13242
-14371
-10398
-9147
-15272
13498
857
11134
-8937
-10240
-12617
12427
1080
-891
-8909
13242
1666
2786
12127
1000
-8348
-5391
-829
-7039
5627
-14722
10478
7491
-14685
-5253
15837
-10107
5495
12530
15459
-15883
13531
8036
-5144
8339
14403
814
4939
-9238
-2951
-1125
15255
-7153
14255
711
2152
-10148
-15032
10809
-3558
2284
-16027
2110
11989
-1999
4614
-12644
-2265
11500
-8576
-9032
3573
-7227
3147
8485
-11674
-8693
-12172
7805
-11099
-7880
16109
10703
-3532
-6745
4797
4064
-13036
-3536
15621
11748
4086
-2608
9246
11637
-1728
12477
698
2105
5864
6315
10241
8689
-13607
8265
12952
-1380
-16053
-418
3032
-4834
-6977
-15913
-9303
-15441
-12101
-5739
-3810
-4600
-8380
11251
7120
-6833
11552
-9704
12795
2493
12488
2818
16217
1557
-16338
-1459
6336
1220
8498
-12164
-15658
228
-845
-14483
-13153
-4741
6111
-10529
-4059
12048
-5785
-12500
12623
3398
-14573
-13361
16072
-9311
-2091
3790
-1098
467
8724
7772
-3087
12086
14186
-8111
-15157
-13166
11706
7702
-9830
-5866
-743
8191
-6259
-9997
-7649
-12851
-10431
-4288
-832
15384
-12901
-10948
-13975
-13052
-8732
-7168
-15357
14151
9378
-15385
14762
254
1847
7612
-6868
6704
5179
-5720
12867
797
-16231
10200
-15470
10831
-661
-4515
-972
-6378
-4224
12656
7383
-1951
11434
-90
10616
11454
9613
-6959
-10947
14176
-878
6332
13643
10223
-15112
-5568
-802
-7449
-3023
-8458
-14261
16049
-2464
10370
-14050
14997
-15521
-13248
1922
2084
12441
12925
3101
11815
5342
11659
8988
-11922
-4103
-11231
-3229
-11969
-6063
9851
-7701
3491
-3851
-11810
5015
-11814
14935
-15398
-16254
7630
3185
-5110
-12922
7727
-2175
4551
-6958
2158
120
1164
13640
10112
-11869
-6487
-11320
10379
-5263
-5434
12802
-2899
-5285
-3122
3926
-258
-14079
10300
3213
-5090
12330
-7460
6426
-5384
14565
-8043
13897
15714
13192
2964
-632
-844
-2515
666
6488
-4775
14428
-6450
7053
3361
-6814
16206
1829
-4191
-3147
11452
-12037
-14584
-13095
4747
-12590
-1673
1783
2278
-13576
16243
15108
-7656
-3819
703
-4110
4459
13805
13784
-15647
4021
1406
10025
12713
6645
1724
-10188
-15881
14716
1684
-12765
-12926
-6761
-11823
-13687
-10307
-1188
-9507
6418
-11051
-10057
6308
-7440
-8343
11064
-13781
-11264
-1781
6894
7614
12665
-10478
-7172
9198
-12134
-7331
1491
-8442
-8390
4742
5883
-16291
10885
-9862
-7323
9236
7747
13388
-1919
7367
4568
12104
9459
-7174
953
15374
548
303
-9106
-6682
12556
-10692
-9517
6248
-14802
-4196
-6110
3319
7395
-5334
-8191
5384
-7269
-2561
12110
12673
-7722
10265
7004
-13317
-15044
-1744
-1287
10453
10335
-6448
-8030
-12592
3091
3531
-14277
-13842
8797
-670
-10551
-10075
4139
15447
-7831
6930
9303
-1012
-15889
-11632
-8736
6186
-9932
-3109
6581
1839
8119
-1783
-3355
-6099
-15668
6745
-9979
6743
13933
-1575
-4861
329
-6807
7101
-16394
-4164
-2838
10865
-3337
-2778
-13308
-3820
14859
7035
945
-11538
-561
-9900
-9236
-1433
-5070
7765
-1444
13432
-9312
-6784
2666
-11686
7057
-12887
-1097
7132
5776
-14626
-185
14946
-9438
-14982
6201
-15368
2259
1486
202
-927
15627
13712
-8698
-15187
-8626
10697
3699
12786
7821
12486
6668
-14788
-3527
-7447
-8207
13408
-5621
12149
-4597
-99
13693
7275
13573
3545
15110
-4651
-15759
-5803
791
-7268
-14316
4716
-4816
9483
2962
14858
9102
-2295
-16365
-39
-23
-11932
-1917
-12766
9264
8793
-8347
-15491
-16372
8234
12061
5347
11588
2843
12404
10331
-9435
15449
4308
-14194
5295
-1238
-13455
9572
11849
-5825
-7665
15509
13215
14367
-42
13017
7659
10422
-9379
-6881
-11705
-8997
13067
-13692
653
14697
10491
-13657
-12784
7647
9825
12815
745
12267
-14078
-7943
-6995
-10537
10329
7270
9430
-15661
-11325
-4656
-12191
4247
-9708
-2775
323
10166
-5205
-3277
13944
8924
12198
-2631
-2248
-5019
366
-9
14718
-7344
-16072
14776
-4964
-11958
-6241
-16297
-13610
15157
-6973
-11064
-3014
-6474
-289
351
2940
8346
-12818
10939
9606
740
15771
8404
-9826
-3539
10471
7746
-1938
12272
-11518
8398
6069
-15831
-15072
-6701
13636
-6300
4221
13398
4789
-7194
3385
-10978
8736
-8699
4177
7338
10181
2920
-4348
14340
11484
7386
-6086
-1653
10910
16159
-3703
-14715
14478
-6134
-6546
5048
-6244
2040
1252
7662
-6672
-13099
12920
-4756
2180
-6991
5895
2058
-32
2251
11820
-8487
-2167
-1250
-8703
10432
-1698
5063
850
3505
-7263
-15751
-7983
-5737
10068
4995
5653
-11503
-16426
-1813
-12337
966
-16183
13975
-6147
3953
-13840
7278
8528
-10583
-143
11313
-5123
-6013
-11008
-6162
-5562
9448
5839
-6335
8391
-9290
-968
-384
-7015
-12249
2436
-5210
-1208
-11001
13864
-4421
-1036
3841
-14590
10136
-12911
9028
-8516
-11408
-7424
-1256
-11529
14134
8693
-13806
-1183
7421
-1244
-6065
14122
-12535
-6377
-14528
6105
-11108
-12996
-6410
7693
-316
-11717
8279
8332
362
13267
-2373
-5708
6682
1592
-4161
-2027
-6999
-11973
-5275
-10029
2584
-15955
-12141
-1151
-13787
11524
8403
5555
5503
-13084
-13269
-16255
9554
10358
-6895
3260
11926
10886
-12783
10738
-8098
-4806
-990
578
7524
12620
15423
9141
-140
-2910
-154
-10876
4094
2528
-16163
-546
-13615
-11528
11262
-8628
6606
4180
4269
1716
5886
-14250
8636
-12020
-15071
1318
-13987
9396
-11278
8123
14871
4206
371
-6825
7073
-396
573
-1496
12385
-932
13002
-9092
2025
-9404
608
-12259
8980
-14998
-2172
-8146
3688
9320
-8978
-4583
-13456
-11856
-1855
121
-3686
-6405
10140
-8075
-12069
7779
-13970
-522
11704
11123
-5108
6771
-6556
13483
8549
1881
-1889
1208
9409
2941
1874
-5040
-14582
-2490
7881
-2359
-5958
6501
-14782
-1053
7670
-14616
8610
-14034
5022
6628
-14667
-5220
-2001
-5289
-15859
-784
-8054
-15105
-14942
-6587
-10484
7604
2966
5620
-4582
-6670
2912
2760
14793
-4051
-7787
-3276
-7642
-12455
11589
-4695
3803
-3653
-4854
-5793
-9366
-840
-10761
-4235
10976
14910
3631
10174
10043
15700
4653
4039
7638
10389
-1863
-15041
-9239
-13815
13537
12803
10669
15696
-8685
3404
12233
-12951
-7022
4365
12175
15038
11616
-4
4971
-10521
11
7293
1463
-10066
5352
-8792
-2896
-8432
-14436
13505
-8312
5343
-4377
-7818
-1182
15909
-11171
9416
15281
12863
7559
11369
5348
-14822
13399
-8553
-11970
-3040
-4666
8575
3495
14153
-14811
-9688
-6106
10081
13454
4667
-2005
-8767
-5665
-14922
-7114
8179
-10129
567
2106
13548
410
-8770
-13799
2922
10523
-2274
8333
-11334
15107
-3136
11981
-1367
-9823
2146
7987
8028
1947
12541
-12130
-834
-9833
11777
-6593
-13749
-9934
-9803
-9476
419
-3827
4157
-7244
10828
-10407
3471
1179
12201
-8509
13947
-8496
-1110
13982
6152
10377
-10728
-1979
-13963
4650
13
10894
5613
6923
-13198
-14935
-3757
10676
2689
-14870
-5886
10530
10583
-3958
-6449
-2442
11760
-9535
1762
9685
-4661
15113
-5827
-13078
1752
2089
14734
6520
-1285
-1539
-9113
-1873
-3114
689
-15297
10250
-7899
-6620
-3248
15331
1073
11843
11243
-3865
4972
5509
-7065
-2117
14310
-8256
-5452
-12384
845
7654
-1218
-1830
10219
10396
11310
-14901
4033
1033
6471
5279
-660
9772
14644
425
-3981
9513
14104
5926
-3910
-12465
-13943
14270
14851
-7721
-13377
-6220
6086
13373
1630
-13960
-13927
-2887
-15949
381
-6891
-5446
15505
650
4795
15906
-7926
7622
-4246
-1593
177
9078
-1122
-2195
5244
-3089
14725
-6782
12706
-13813
839
9658
4922
-12736
-10592
12821
-10038
1086
9742
15307
7048
9493
5820
9024
-2564
2819
518
8517
772
-1434
-4809
15723
-2011
5641
8695
6431
12128
5600
-7128
15172
-9690
4782
-7137
3842
11301
-3409
9523
16210
-12347
-6515
-10590
-1490
10243
8293
4015
-8620
-5266
11605
-4337
2658
-3467
14699
7948
-10642
-4087
14917
-11395
10465
-5344
8804
-9053
15407
2814
-12981
-10999
364
-7488
14174
2943
9664
11622
1096
8948
-10612
-8131
7117
-13048
1059
-9536
3627
8422
5424
-11312
3370
13601
12313
-6566
2097
-6484
1311
-15323
5827
-14488
-16344
5913
16116
-4918
10213
-13741
-15589
-6505
2170
7261
-10147
-12175
-5429
16267
4910
10925
-11063
-12998
-6680
8943
-4231
-2932
1173
6341
-5858
994
14462
-11515
-15062
10524
3959
8679
-6684
1170
4839
-5664
-9255
-5424
-3431
-11452
-14589
6809
-10822
8328
4315
15804
11614
-5057
-2923
-14144
-14864
16059
3417
6227
-4748
15411
5284
-4073
-10497
-12077
3904
-15327
1877
-16061
-5254
13389
-3828
15098
-13504
-15219
15708
15259
625
13957
-10093
-4266
-13098
-15030
1570
-4658
-578
-6044
-13532
9379
854
4024
-12917
12529
-4828
14271
-10665
9386
-14292
-13366
-5679
-1241
4792
-40
6480
-2704
-14780
-14403
15556
12652
5880
-16353
-10256
-14468
-16018
-3801
14949
-10526
-8961
14075
9952
-10954
10611
-15598
-10496
-12957
5638
12749
-11718
-10440
4283
-10034
-1900
-4139
2725
-5233
-9328
7909
10878
8405
-355
10541
2774
-1375
-7010
4926
497
6318
-3002
-403
-6123
-250
14456
-3484
11948
9532
7479
2094
12708
13424
7508
-9887
-11775
-245
-15427
8330
-429
-5536
-15361
8096
-12845
-12221
10407
1986
-11616
3014
-9177
6477
13605
1948
1032
-15908
869
-12085
-5782
14504
-4882
-7635
9221
12879
8783
-309
11442
15992
-14843
13258
-2743
-11250
1288
7077
9520
11453
9568
14856
-12081
5659
-7453
14804
820
-5552
8663
-12032
11608
-9814
-11213
-9359
-16069
15644
8780
842
8526
-10460
10493
-9531
6663
16062
-14285
10197
11391
11558
13208
-13994
7698
-648
15946
10039
-8170
14615
-14452
8912
-15381
13177
-5759
354
-3160
-2133
369
-4160
11647
6487
2986
11499
-11514
11117
-14043
9735
11472
-16011
-15208
972
2277
7112
-598
-15049
12418
-13281
14045
9363
-4061
-2582
14853
243
-2123
-7974
-4865
8805
8957
-3097
10724
-5295
9268
-13289
16020
-15554
4401
661
3967
11538
4277
-11058
3915
4106
5454
-9150
3962
2283
8543
-12419
3396
12251
-10403
2513
13082
679
-13861
-13700
7794
-10414
11127
2892
6566
-15580
-9413
4117
2490
-6786
1064
11803
2813
-2377
-15679
13894
500
-5682
10274
-14386
-7196
15654
3171
8941
-11619
10612
-3126
-6521
7718
4842
-432
9999
-8755
4407
-4004
9679
4000
-5309
9832
-288
15251
-14409
-8475
8091
-8309
6931
12744
8148
-11010
13860
-10990
6621
6985
3360
9025
-2892
16302
-14888
-11359
2239
-12279
9203
8457
12792
-14813
-10741
7469
3851
8240
-1612
-10888
-5469
-2808
5988
1091
-12095
3334
8653
14914
4569
-12997
1593
496
-4155
-15320
-11720
-3165
2863
2995
-2142
-10506
4862
-1060
14436
-9543
865
11266
3157
13145
-5257
4081
-237
4038
7598
7579
14521
3905
-5547
-1499
-4000
-15812
-428
-116
-16242
5785
-16303
6770
359
-11939
-14275
-13915
1122
1054
-4442
-15065
-15001
10036
-12104
-15429
-6470
3663
-3182
-3309
2419
-6663
5765
855
3856
-13141
11156
-9861
-1422
14298
-563
-11198
15161
-11324
-9497
9319
11910
3592
-11980
4259
-4787
9469
-1737
7611
-11418
-2989
2319
-5022
1442
14536
-3611
-11554
6357
11867
4437
12374
9176
7889
6208
-5007
-4177
-8239
-15643
13220
5489
12704
9057
4419
-1027
-6850
6525
-13652
-13237
-12853
9796
-2627
-4808
-15518
38
-4893
-9622
2210
7025
-6860
12716
-494
13892
-15401
-7660
9075
3999
-4975
6758
1976
-13083
-16060
5758
-14949
-5723
-2581
-1437
-4946
-7164
-15171
-10025
-7895
-16057
9474
-8289
-6105
5230
-7607
14885
15830
12921
-6874
4072
403
-6192
4146
8016
-13193
7052
14464
-9832
2759
1251
-13212
-2058
-15278
12826
-7865
2794
-9624
-2162
-5423
10293
-7216
-9418
-465
-5188
5948
-8198
-8127
-3656
6774
-2633
13401
656
-14426
16131
-15456
-1541
-6522
7295
-3894
-809
-15306
-10095
5354
2358
12187
-2912
-2364
-3973
-12577
15802
13411
8913
-13283
-4346
-1008
15136
-7305
15657
-4605
16253
1413
4185
-3031
-10993
-1835
15495
-10910
-4781
4874
-9706
6636
8908
-9964
1370
3519
-15387
9065
-11833
-8396
-9199
-12854
4606
-15786
8005
-12252
-3624
3546
7237
761
-5657
13967
-6191
-1111
-15224
-2337
-15785
13707
9193
-6548
1375
1822
3584
673
-4315
-6864
-16420
-5438
9565
16246
-8194
3135
-5675
12854
-11675
13236
196
-7437
-7130
-6313
-5573
7221
-2522
-9381
-10291
2876
1070
-8
4813
6921
8305
-11020
-13300
-16271
12675
8611
10508
-5115
11227
4827
-8160
-12274
7518
20084
46696
36237
24012
41975
17646
32533
21296
33311
39616
43773
19606
36558
47436
29651
44520
48030
46032
42920
46465
37831
21941
23829
29993
41284
33567
41340
22343
44337
34754
23696
33874
24440
18423
36120
48265
33196
34831
17136
31204
26933
48615
31312
28234
19630
41148
48208
45572
34955
27457
43180
46706
38655
33775
19653
20732
48925
32669
27625
29260
48957
45648
40148
23994
30369
16980
24695
29960
21080
29068
38392
27728
33123
37126
28665
31290
46103
21202
20253
22642
27330
28181
42440
43098
38801
18777
18727
36860
38833
40743
21361
41794
18357
20696
31596
28009
46904
23464
34098
44723
49091
41996
45109
41564
33521
35654
18049
24784
37840
33590
45377
45595
20363
38003
46725
25761
43334
35482
17474
31759
27978
47846
27802
19601
48994
39169
30558
22086
22660
36378
44242
29937
18356
17976
48560
47089
47654
26574
27759
30323
36515
27023
23492
29670
47149
31363
42602
43183
46054
45147
42015
33566
38446
28674
32751
46241
29452
17524
33716
24376
42447
38867
48350
46889
48117
33464
24176
27893
34635
42439
33867
29578
39766
16774
48047
30394
47602
32879
29951
38380
29497
42819
17092
46866
31910
40866
35317
34267
33658
37081
34678
29481
32351
31483
20190
18629
16972
34867
42621
42322
24232
34904
25758
29823
33970
19138
45577
46977
32288
19036
21964
45505
30470
24571
28219
19921
40698
28398
47926
20133
25974
16343
23978
41216
21886
32185
45146
24876
21634
35153
40416
26862
18565
38570
38894
31161
27007
18668
37850
22306
16896
16500
26004
41751
20266
26764
41285
36722
18191
30777
33128
25030
38678
21850
39845
45682
43573
25307
39878
16479
48315
16544
25523
24874
39908
23750
26528
48261
33707
43563
39557
22234
36575
41008
32462
44850
28025
26557
44884
29782
21805
22918
29837
38195
24639
45453
47615
45187
20120
39912
30715
42922
23833
32453
25991
22750
42799
42411
34460
17547
18088
45571
27282
41462
42437
29910
44760
42784
46992
38360
39400
34797
35439
43942
25210
28805
26874
43340
30456
32507
32010
17674
22835
32813
43282
48216
25172
29675
35763
39207
33557
40027
24970
23658
21553
40091
47437
45525
35608
27305
44566
37092
42728
39040
39934
28448
27033
47236
33518
26526
29047
24864
35762
31688
34518
37806
25423
20831
29185
35479
24727
37313
28019
45755
43002
20072
34890
21523
16799
36532
36088
44436
21940
27370
16444
34903
33538
22652
35921
34296
33732
35723
27749
44604
38073
37290
44108
32758
21112
35301
20598
35115
33028
40450
47646
19060
29088
41222
23493
27044
31460
30459
37343
30635
46865
43505
29644
19898
31906
20547
45321
17832
17699
43035
20136
20885
30278
35896
22781
46797
16692
42479
23963
28654
35873
32880
16767
31310
39459
24907
18314
37527
25924
35379
23349
42164
24278
18433
29568
29425
35334
29436
41515
47197
17495
41769
19059
21122
42235
32850
32250
32299
22919
40280
21290
25879
44949
16380
44304
33068
36928
26753
38964
17638
39907
36449
25720
45858
38208
38467
28759
37167
36382
29407
33823
23366
39120
44064
36757
18810
31153
28487
23558
19636
46997
23333
45837
22009
22014
41348
35426
41707
32659
22466
41459
45971
46285
47807
18486
19805
21236
27130
47293
44900
34634
24054
18699
23536
33414
40419
22438
39741
32899
30842
45421
39807
30778
17449
21026
34798
27248
40302
33366
29094
17035
18578
36043
48096
32593
46881
27833
19076
46172
45151
34340
33815
46698
23840
43358
22321
23299
39133
28621
46129
23388
22791
21998
20271
24188
40603
46746
48690
28317
42487
35721
18339
24021
38676
29954
24053
18196
23359
48600
20402
26726
33270
24301
36098
44551
39575
45498
45769
34147
20657
38945
44469
45437
32780
20572
36454
24195
18921
17716
26835
37798
36746
44659
17129
30505
30197
38299
22133
39095
22262
37592
43587
46585
17251
22068
18055
44392
31395
20746
34941
37728
31601
37821
22861
40310
37342
45993
19505
22540
34453
19802
26585
23075
21347
30460
40719
27504
33015
46867
48279
37350
21357
18009
45633
40690
35924
39874
20714
38920
21351
31995
24982
29292
39915
33691
30574
21759
42019
34397
39720
27406
20089
28949
36892
38440
45966
33257
17312
22227
47140
38827
45591
44413
47674
47718
40235
34741
39288
37430
30550
36251
40654
16477
43175
25493
34649
20116
37059
46148
46726
43167
27178
38583
21369
21540
29371
42206
21936
23229
32123
22081
17635
39500
20882
45103
28559
31382
45759
41076
28404
28172
23725
35324
40878
43564
31394
33117
27912
45541
30050
47008
16889
35361
44220
33186
33529
40010
24582
28347
23060
41485
31430
45726
35133
32350
39346
26240
46820
42940
23515
25981
26827
34742
21541
18487
41237
29614
44794
17344
20896
41693
28602
39316
17815
28039
47036
33084
41424
43143
31736
43029
22752
28107
42267
39205
47747
48039
44917
47502
18724
46447
29018
21339
26346
41160
36538
18100
23557
23625
29443
40882
24773
47899
47768
39699
32127
43151
22165
35926
33611
36527
45289
48310
37923
33453
31754
29014
25781
46934
21989
41172
20069
21507
44006
28407
30406
39110
16683
44226
19417
22636
34522
35341
29740
48414
25868
23266
36522
22755
39225
19496
42167
40806
22768
19326
33405
44282
36044
27008
32475
47011
42163
20857
32950
24064
41483
43873
37740
33236
27377
23244
28948
34408
24790
22904
37439
37014
43391
47398
30847
46905
28074
30632
33322
38882
27380
22844
43867
41933
23802
48408
24634
47379
33215
41030
17533
23584
48462
17074
37935
42344
41120
41602
33200
22463
16805
46334
20613
17196
27055
20530
20019
16510
25060
40270
45811
26189
19346
18741
34209
46926
39077
20475
37055
20597
43310
22534
38626
44182
38735
43925
43427
38475
38284
39696
18395
29667
22850
43698
47085
47365
29455
42477
24466
40026
34128
41513
32818
27566
31054
30375
34981
32381
31661
33125
27667
40316
17944
41514
42737
48537
31448
44778
16626
27409
19265
20855
17203
46809
49034
32767
24245
37693
45275
22289
25543
43430
28534
34151
17506
41019
45253
34712
19391
49047
38038
28597
19704
45693
28273
34743
23667
42185
32112
39946
28416
33857
35521
37480
41003
26153
28174
37302
23014
30795
18159
29048
45748
24557
43816
40881
37525
36573
34780
19790
48603
29434
41725
47553
33337
48885
20743
25069
47645
45145
45806
38466
39487
30409
36948
48169
32122
41097
41472
48802
41692
45121
24716
29227
37369
16381
43869
28645
39300
21879
23513
44018
39968
19353
39123
19233
40819
30014
32330
31693
20860
23865
27988
22018
30759
18328
38997
34530
32543
22570
40820
19271
38884
33342
20816
32170
40989
42414
25582
47940
16943
32028
47607
25714
33806
16764
34848
31838
47188
42706
28393
43996
34192
38461
23690
27538
30688
19242
39260
20674
43537
44883
31983
35111
40396
43683
32700
47561
39688
22212
39959
23999
45651
48286
41806
27562
19402
23745
48899
40251
26186
18402
29950
40815
21624
31546
33320
46397
28255
41482
42824
48771
44256
35532
26226
47144
49061
40468
43461
16549
33115
21925
25142
31274
43912
21803
25275
36754
27048
22017
35799
31143
17009
45271
19719
48450
28003
18165
21683
42655
21718
24046
18530
29948
29625
20630
47799
38488
41177
42714
27448
34348
31641
36135
21091
32008
28633
19481
45677
33450
27383
48882
38031
30332
25117
32241
38269
47154
21689
28447
38442
43971
17018
20671
25567
37159
46086
28465
42635
35167
48108
29206
35162
27831
33753
33973
20872
22088
47630
23966
22392
35008
29457
27020
38400
36966
21411
40336
17415
18008
38643
46188
44115
39191
17681
23357
47004
48710
44453
37214
23781
45487
31457
49032
27660
42375
28852
19006
26271
18419
44097
41832
23281
33227
30607
40766
30061
37533
34178
36967
48171
44533
43530
28514
43201
32219
25242
37158
37980
44702
17116
45317
43535
26576
39331
20950
21354
22162
25121
47699
21327
44306
37056
33537
47953
45016
22990
25982
34090
32672
24254
34063
31120
48841
44823
48125
44992
25158
18869
23825
45552
33456
28106
29208
47944
43165
25695
19078
40382
23872
21675
26688
44270
22992
46812
46932
26372
40154
25620
28135
42205
27099
26545
43119
38249
26382
30161
38434
34900
19843
43797
18861
19429
24433
31142
41510
39117
26486
32844
37189
19995
33225
48093
37690
44421
43507
36203
26794
22058
40803
41022
37643
31160
27360
16525
47626
48189
36627
23025
32809
17978
41542
47641
35501
48378
46443
27584
16567
38177
44128
48604
34225
29576
27505
19224
29419
36936
32287
38277
21638
20501
39711
35468
28050
34766
33576
18291
40529
44004
37970
37001
32916
45774
17340
19984
39922
48929
29889
21186
45988
41372
49097
40750
48301
46297
36683
22595
20710
38666
29794
19780
44881
17595
36024
43844
32394
32936
44141
24819
29005
30253
18106
29881
37943
24573
18901
33025
43217
34583
29205
19160
45514
44534
22615
42678
38020
48136
49056
40859
48482
26116
37982
43009
35506
48962
30741
44405
43968
23499
30804
21610
17413
24272
27718
34246
29904
30850
45225
23922
47754
36699
18769
48161
34303
18318
28467
17531
27755
38901
39732
28684
17717
48217
24067
25330
22733
25079
23604
27264
19972
42993
48562
48897
43978
43518
23977
33799
43068
41823
45475
41728
26846
48661
44017
46090
38948
25169
40268
26889
29752
39468
22972
44790
47863
23960
42169
31098
38716
23190
43152
27835
29538
36266
32009
22902
21764
48780
33095
48974
42503
46369
36079
18787
36571
47785
48269
31015
17917
47930
23859
29549
30913
39789
47971
41923
45390
38487
22830
43522
24042
47035
20382
17955
23928
18045
24402
46676
46398
45914
29800
47947
21484
24535
41376
46811
34266
22205
39109
32402
42289
22063
36304
39822
22305
44528
42268
17475
45694
47020
24499
35678
32204
25636
24161
30029
46931
21972
41414
34817
30159
36563
37033
34802
16745
46588
47247
34404
30950
46923
31884
42217
38687
17289
42586
45608
27825
29484
36264
33756
41461
36985
18868
45600
19691
41244
38889
26898
26072
48340
22355
31826
23566
35874
39871
42060
24488
32000
28413
37414
36876
44010
29834
28466
17942
24451
41183
48144
29731
30884
18397
23342
39096
19030
32253
38485
34980
43174
43264
30527
36174
48299
48675
40578
21698
23255
33101
35383
18247
25245
19256
35587
41596
19575
24193
38112
38657
41168
37627
36128
28276
22050
19273
47535
19871
23132
26796
46488
26351
19334
45337
36554
45352
41895
23439
28957
30296
23527
46759
33424
20234
19185
40301
21716
23995
17051
44654
36879
24210
45257
30994
47834
24395
38188
17291
45941
28821
22736
44730
30941
36800
41061
36606
16458
22798
43512
44650
48578
23774
28307
43277
46274
33386
25745
25149
23842
23850
26013
25232
23897
19219
48235
30720
39127
29759
48687
18961
44740
22357
19099
38667
46946
39962
22696
28430
25373
20193
43697
38169
35528
49081
32983
30682
38186
25061
19108
44228
21945
49036
39919
41315
18597
21938
26879
30444
20504
27751
19955
48153
48958
25952
31027
31615
35329
29245
17008
43667
19875
24828
17536
18360
24950
25594
32611
19901
42142
44825
41853
34628
25542
38571
17644
17607
18194
38291
22809
46040
23636
32422
45709
48045
37250
23896
28423
33499
45928
18836
35787
33378
17562
45803
37948
18922
16557
26353
40621
22860
40870
22244
35701
45908
44467
24719
47681
36294
35609
40558
43439
17054
26734
33555
46360
26268
21256
17352
25772
42421
22134
33733
24723
29100
34502
29045
27110
29636
26245
24417
47838
27108
40269
29395
20336
23739
23394
21418
45489
29658
47061
44787
39197
25089
20320
21651
44216
48635
35405
32118
21074
25771
26374
44844
46787
22228
36178
46133
29989
37758
20263
27004
48704
29084
34081
37958
48363
35054
47739
28353
39453
38579
24414
23241
30263
37133
30361
27514
34104
21520
17347
36517
37883
19512
39366
45406
23804
26974
41782
29348
32678
20525
31650
22296
19555
45550
23484
36595
25494
23106
39472
43392
40306
28263
32218
28286
36296
45495
32822
26310
31261
29553
37912
22574
30208
35260
17565
47276
39323
32233
16481
23743
34439
19961
42226
25866
44773
26463
40581
44866
37546
48903
45032
20043
26426
43670
46776
19870
24308
32724
17390
30877
47112
32785
30987
44808
44482
34096
41734
16470
39519
29453
32406
32113
46568
24856
29037
27388
44041
20384
41169
26832
20432
18630
21298
38516
40395
27231
39687
19288
41788
37368
36792
28942
21498
37467
28152
29265
19815
47796
37461
39751
17825
22770
33293
20227
31485
47984
30244
46670
47025
30165
40115
19367
48592
27961
33923
26760
44924
28553
26330
47083
18263
23084
17301
45581
30010
37862
33655
34162
45866
24061
38081
37161
42631
16539
46595
21585
24967
25393
30428
31656
39161
20371
25040
41963
35674
23523
25692
22966
27915
47569
23645
17036
44345
16756
17454
35116
28769
32555
37058
26662
24153
48890
29914
42911
48909
41661
36398
35592
36579
44107
20637
26917
38862
40307
47187
33334
47923
22976
47425
25137
26167
43359
45773
35013
37767
25332
42116
37759
41468
16614
44788
18075
21415
33838
45189
25328
37325
44425
45388
29008
40651
40816
19759
37913
40011
35146
38663
21777
29922
39058
31508
21432
44515
44683
26705
28193
25086
19247
33587
31373
34751
21018
31266
38385
19264
33740
34481
32295
48353
29777
35420
36247
33920
27623
42881
23730
36052
46653
20932
43100
38848
25599
37936
22593
37838
30937
46543
24857
34153
32735
35960
39979
36941
48941
29161
47119
46395
20170
36630
42681
38897
38611
29120
44211
24921
30933
41032
30122
37377
43130
40902
21036
22731
30568
41046
16870
39014
17330
46039
20988
40384
45574
36849
25005
46829
28927
35267
19773
29040
45349
17544
19593
33020
34156
48437
34624
21211
47439
28817
46970
48421
31645
30140
47866
37856
34041
40254
46322
41663
30545
43422
22043
36132
44204
20828
42467
47929
29284
38793
30620
39570
37653
24997
44700
28867
44384
46016
41929
30985
26830
41374
39618
20679
26074
28400
29098
27318
43609
40910
17473
41637
32153
32688
38183
21145
30575
28904
21501
26098
16742
29246
28812
29652
40275
48384
42734
30195
27499
34971
34991
20535
30276
21090
18085
46516
37874
35366
31534
23004
25201
27911
27065
16883
41795
33417
22408
19140
31321
28651
25012
46739
38324
29809
22354
30548
43918
18323
43288
33983
20055
33873
28878
27656
46198
30793
45868
38494
31851
31173
19701
18858
24893
36124
40619
41898
48157
48930
18666
19257
40135
47195
42960
31250
48509
29069
16561
24248
47614
16653
30310
30523
20685
28585
45263
25919
40758
28333
48806
45132
41110
33336
32580
46587
36144
18097
35134
44827
34026
48507
30017
47924
44152
44673
35157
28349
21192
18450
43363
37263
34205
28912
45301
41370
22906
32931
39486
28119
26817
21011
38490
23933
19996
25686
31447
46968
40476
32199
43123
32279
42016
34136
45829
26233
34345
45925
38778
46539
37209
22687
48306
19382
29212
46344
30879
26637
21150
37595
16712
23494
48608
39503
16814
32508
45179
38069
40723
46917
29566
28757
25977
33411
47030
44569
38961
33939
18460
28717
37233
27727
41122
29202
47867
20290
37206
43663
27640
35603
34030
46168
21468
40438
28648
43709
25580
18501
17598
34619
47800
34641
42117
34094
28577
49089
35688
29963
36940
48182
27875
30031
42407
44283
44630
33517
24352
20688
27731
32198
48234
35505
38835
34264
17883
18604
37154
47283
42002
19695
40414
25389
23260
36133
39355
31575
43865
39939
35435
30384
24922
20765
30716
20632
36878
41727
44706
21767
33246
26489
19895
33662
24469
28218
18432
40510
21188
43424
47410
47545
42853
22991
46260
24646
45246
28161
29095
40472
30088
36893
30756
35185
26449
36490
46020
43295
38981
36710
27384
43350
32561
32300
42306
29871
38343
19317
29807
40437
38372
25989
20870
47431
35177
41662
39360
35624
38233
30327
17207
32539
24824
22564
38212
38312
20001
38134
20007
22865
44193
24507
34950
42809
34193
40933
17093
36543
34236
24123
19743
39423
40614
26378
33350
44290
27247
41082
32217
18411
38292
34179
42304
28766
25913
17527
27646
27030
34929
18539
18574
34524
21247
20452
37366
19308
25145
19893
20301
17232
28182
17858
45425
26172
45193
21756
41398
22285
34533
24691
45697
24969
21185
38172
39223
17363
34287
44872
33349
43495
35114
31760
33849
23684
48730
28042
45888
44218
21285
36681
21730
41261
23065
24775
25529
25571
40596
31327
19221
21924
34071
31177
33089
44578
16846
19279
26347
39595
40673
23115
20978
28488
34978
44078
26546
41953
49039
33684
46784
32162
18814
32595
24774
34312
33315
45086
19829
38156
24354
24382
16642
48606
18302
46584
21907
35203
41141
44365
36718
38399
28000
36911
44638
31663
43280
31264
28615
46840
32999
48329
37765
43479
43578
26171
42287
20507
46795
27288
33746
29489
43296
39836
26113
17721
16522
18201
49048
37002
37269
35131
28324
25419
47327
30461
46023
46118
25324
29669
39176
20901
24366
16929
41360
43425
41156
17928
19494
22079
43020
21003
26311
21130
48691
22445
33295
47591
23312
33850
37107
38011
26368
35207
32605
17037
37915
29317
45238
45504
25597
46245
46658
39326
44575
36687
16466
23939
43896
28271
34487
41798
17043
22064
38268
48411
23012
48135
20949
27320
42076
28916
19282
46519
39995
33029
44376
27964
40998
44059
25810
34007
20004
23212
47961
32608
47647
21193
33469
32824
19991
38213
39245
31921
20353
48589
26017
29680
20522
20424
24120
27774
45218
41583
20789
27553
40981
20416
37145
30125
16641
23302
41833
42908
24791
35291
24099
19205
32802
38342
19188
25609
41757
27227
23778
27510
36981
26038
46564
49015
46750
20218
40994
25316
22363
33931
25922
39547
33832
48327
48359
23998
31240
16749
35935
42581
36228
34935
22287
48325
42995
26904
35280
30367
37115
30334
25444
21199
30438
46474
45845
40833
30828
34398
26646
21240
35365
17745
22819
22361
21156
22062
42429
47419
34351
40756
20980
34811
25605
23223
34461
33192
18498
29043
21077
24575
38146
20256
31682
29082
46793
25927
18716
21348
18467
20563
24812
24144
39047
21227
43028
40267
39553
16656
24431
32017
34849
36987
47737
29774
23703
27349
37245
30030
40622
20355
29656
26954
36049
21783
26727
25305
43730
30966
26959
24871
37371
28208
18928
32002
35461
16582
18649
39561
26735
29642
30916
41506
26928
31721
38133
29912
47110
23080
46131
39533
39325
34647
33204
37359
17782
38828
20062
34617
22273
48481
48360
46345
22518
48878
34235
48483
46257
27812
16677
36036
21488
45059
47092
30934
25734
44323
44080
28810
47724
17830
46767
28425
39269
43716
22192
40580
24873
37898
28523
37867
35447
41694
44279
32368
48552
40006
17935
26742
36841
25546
26350
35039
27105
22405
27919
40901
16789
45691
36919
35691
43913
26925
40117
43379
34600
46187
41704
22609
19046
48746
16387
44287
45220
42518
25613
45298
20692
19625
47404
48206
24285
41341
36898
40001
24606
30232
38438
29860
22427
42404
48561
31296
21732
30900
33792
34836
43868
36523
16456
22623
23864
22848
25181
48008
31157
44174
44178
32971
28038
30870
31566
32858
31529
48558
45872
36780
42656
29241
23812
30479
27670
36021
20327
37651
30844
31723
18380
19976
30825
37372
19281
23705
17047
36364
37522
29375
25004
40057
29580
48466
23414
25522
43979
42949
37621
24637
34638
29458
41931
45251
31464
40449
29198
47115
28842
20162
18208
27269
19855
42165
42660
45599
42377
27816
19047
37447
26626
44207
25400
28508
17253
34523
17147
27525
18899
39701
18172
30638
19992
16461
48259
30157
36061
22741
29609
20586
30238
17927
29801
43870
43743
48942
35322
37339
33563
36772
39004
17836
45054
32823
28722
37822
20052
28625
38095
20960
32064
24409
43155
27079
19761
29908
29560
38229
39698
47568
47080
45083
43969
39170
18898
16924
39875
39932
42963
30518
17223
47003
31608
36358
47576
21025
41856
22628
38818
30038
43619
32628
18310
17313
24134
38822
29385
41479
36616
25032
48753
33582
22650
34176
36770
22140
34642
37905
16832
26586
42825
22066
47748
20569
17581
35752
47743
37780
17591
29846
29144
36711
33512
24389
37696
37644
39839
39019
37671
29060
17643
45230
26416
37689
47972
23011
19169
27293
18083
29093
43665
44131
20959
36483
34687
44352
36081
42779
25601
22994
18115
22774
35514
41477
25934
37666
43274
46552
24014
36095
37792
26317
36101
34046
46629
43159
45949
36293
26864
18585
34962
21631
37662
24127
23887
40562
16639
33961
24621
41163
20833
25723
34824
25727
41140
17017
47211
27009
28524
23637
31502
35384
34727
34756
29341
26128
18391
27323
17168
27139
43335
42700
20722
37013
25822
34331
33031
35210
33953
37932
40480
36152
22676
27526
22221
24343
33932
17191
31892
43519
43097
40551
39454
47560
23819
31849
32863
42277
17802
33035
37166
36550
27175
33012
37230
42469
41189
25947
37766
33421
17489
41006
32779
16709
27028
16735
18887
22396
48152
32908
17797
17416
37609
28410
18651
22639
23485
24224
34500
46692
16397
26467
47776
25241
19795
36323
47234
43458
46749
37481
19291
33076
44172
46858
48740
18452
44684
25693
29024
24611
44772
39986
34697
44013
19189
19184
28346
42846
41949
17361
18834
21926
44757
27314
25033
47532
33535
23239
21085
46175
25998
21329
45379
24614
32257
22230
24410
20023
25616
18473
33824
19428
42062
33516
41976
16363
16828
33408
22523
37090
30745
37601
32433
48755
36488
25959
27620
33723
19216
23332
27298
27929
26955
26272
25300
29648
18821
41497
28720
41104
47782
30148
39038
41857
39574
22510
38216
32680
35264
19963
24372
35241
37180
37562
23632
37202
47218
37854
31943
27572
36962
17064
44247
34167
42879
43360
26813
42198
26225
21152
33536
32151
24281
43263
21067
19596
26961
26265
20839
37052
40052
33108
19207
37795
23716
40277
48017
26020
43015
29243
42483
16513
18855
30199
25388
43214
17688
43486
35598
17317
42330
48636
46236
45824
32428
47500
38900
21906
16486
19024
27923
42033
48599
40022
34100
27001
39991
28874
19038
40620
35287
44679
29330
41484
43769
27541
29513
44168
18661
45039
18718
30521
21898
26567
23666
43412
26185
24909
17159
45817
47980
37415
37613
16940
40557
36761
40568
44580
24564
42748
32687
25253
20293
29390
36389
41920
32698
23126
28691
43677
33393
46219
16809
32632
26690
37427
18086
46314
40948
29512
23079
26730
33968
27551
44051
45237
31436
16577
26702
39744
25836
45313
36130
25271
26890
20879
33951
29448
30962
31733
23571
18933
47243
23364
41494
37211
17996
30060
48042
30149
18913
35695
32146
29044
43737
41914
23900
18772
27071
36533
45983
38023
39321
29570
28191
23085
25474
31613
33353
33176
17608
18372
39043
27368
26912
34942
23093
39724
36402
31251
29577
27658
48970
38083
38451
17804
24885
33551
43313
29155
24595
32960
31646
35909
20159
33137
46244
19493
31114
16402
48782
35590
17335
46855
24035
39963
18424
31908
16986
35194
24837
45714
22669
27939
42260
46483
31408
31549
44762
17771
47599
36462
43712
47246
38468
39279
26101
48514
33265
35856
32092
30892
24212
43570
44646
20209
48268
16882
22002
38783
28021
26348
42604
23390
48230
19236
46356
29109
21937
32914
20000
17106
46296
30181
38675
18813
26514
18375
43132
45139
20759
25441
46704
43116
46642
45602
40247
20376
45756
42566
22136
41840
39277
23220
48979
41356
28242
33438
38670
25138
45598
36419
46662
26714
30070
48901
48867
23578
22189
46651
38896
26406
31800
21975
23466
47763
37730
27606
41440
42817
18327
41048
18230
25576
44000
17410
39390
43229
38351
39643
45951
43437
41090
41684
20125
48501
47883
16860
21726
29417
27458
17339
35571
17356
44147
48348
24756
39268
16821
43719
40003
43944
21530
36949
20128
49082
39340
45190
47259
19041
42796
43037
25908
26087
40541
24062
23037
37770
44150
38754
23893
22996
22725
27354
33618
39794
34152
27574
23209
35541
32068
41671
18304
46717
47932
48202
48618
21151
36852
19723
16433
25948
44014
22888
25499
35470
36028
35347
35743
19127
28907
34761
19183
30329
34790
37764
38758
42045
20015
20775
44875
25446
36973
20100
41259
44324
48475
28800
27430
43714
48076
44281
30019
28387
22714
27776
31996
26901
35152
33657
43810
48559
17820
39562
37715
18728
29254
21894
38060
20093
25964
38124
42298
25811
44457
28848
29105
26718
20343
20542
42337
29313
27832
17341
28261
35471
37406
38321
26996
45859
42464
16961
41864
24548
16362
32630
34085
48527
47241
21434
42671
46052
24311
30422
28770
23290
34160
46978
31836
36429
41456
35284
44989
47916
39368
34058
34095
27699
47421
25228
45381
45403
28197
29976
36169
44043
36469
36121
47546
43934
23116
48673
35889
39367
40037
39512
46921
25479
48977
36183
46665
40150
46513
38649
29488
45736
16599
43344
18064
31364
49087
32828
46060
34901
36825
45441
37022
41206
24256
34651
21913
37858
39529
19803
32992
24947
28103
41045
40189
22846
32829
24746
46302
17359
39905
26096
44576
19171
39763
41818
43849
19239
43895
37498
36225
40168
28445
19959
36006
30738
21456
26949
26318
30500
48449
19755
40412
29929
29969
33439
38425
46253
26011
42436
16798
39295
36413
32466
46292
24313
37310
25796
27871
18301
48005
32182
40563
32702
25865
26345
23426
20361
19947
37778
20391
44585
29515
19812
39756
21223
26193
25298
22719
17817
41047
17579
48498
20694
42321
35226
20101
42405
32018
46354
37930
23497
42874
23203
21134
31497
17297
35839
21719
47959
36465
25663
36018
36918
24517
45240
21807
24391
40632
24179
30758
23916
22536
31835
22689
38263
37825
30864
42018
28970
45037
27843
19154
45855
36486
42933
24889
30693
45794
27353
38491
44819
37606
40553
21529
48629
29321
44817
22046
18620
32898
38270
40979
18719
25610
23940
19989
29271
48356
43956
22153
34859
21779
41055
25122
17618
44042
29435
26893
42004
24956
19262
40889
17908
40305
49035
48794
39074
18388
24910
17121
27279
19200
40517
23938
39952
21480
28746
38356
25946
26055
18734
39903
27722
41984
47789
21295
29242
43680
39588
24989
28492
29514
40432
26575
41902
32457
28606
19137
21000
19825
22763
26888
24065
38996
16912
36205
39315
22141
42899
41252
25892
24954
17139
34879
37075
21860
30134
28634
16531
24493
48586
46095
24215
17898
28254
30227
44139
45879
43720
17383
28762
17333
36145
36740
31367
34103
23785
46579
34283
37416
28748
39949
25726
34106
23880
25082
37569
40199
34322
23114
31431
41041
48991
34083
38207
41504
24468
26596
34335
23134
48758
37558
19951
36356
24896
24562
25690
45974
22200
34884
31352
18496
34541
21318
37835
27352
36577
23594
34582
20781
18631
32011
30969
48432
33275
37623
18141
42954
48019
38715
20265
22236
16573
37345
48851
20992
42974
28164
41597
38340
22925
34372
25883
34140
47315
17079
33478
42510
30898
30899
33121
22776
39485
26500
20701
21499
39581
46839
22023
35231
45732
31967
23612
39463
17972
38865
21482
48443
22309
48068
39685
43352
49101
42768
25742
47280
41767
18713
20607
42314
39796
47042
47613
34983
32362
20123
23654
29637
27908
37215
29013
35377
19333
27714
33420
41496
30826
33285
32041
19151
20441
46389
44135
33525
29965
32496
48244
24003
16844
31268
44947
47847
21271
33017
25381
24525
44480
32426
34834
25851
29590
25488
17332
18625
26650
25025
33827
27560
37645
44841
33727
21391
35992
29827
40542
27628
37399
25223
39444
25539
46309
31077
31969
21863
33709
31397
43653
35258
22545
16345
35847
26908
26733
21629
35129
39790
16900
43857
47658
18317
25356
45384
24918
18972
35182
28986
20609
38614
24263
40921
38118
17442
42418
41958
44689
29928
19529
28325
22282
38052
34793
39731
39353
24118
30277
19571
16903
39372
36116
32191
38308
29688
31722
31862
18977
17206
40604
29726
36553
23649
36157
38512
44397
32487
31901
19646
24960
45305
33217
22658
42210
34585
25618
32957
18816
29843
46582
40629
19093
19919
17408
25724
45521
21928
48654
25291
36277
26824
36495
22760
25793
26299
32176
31193
47921
43744
33058
36125
32988
21184
47389
34713
38492
48799
48805
45269
44399
32849
42764
43112
34973
44111
24760
24497
24091
16650
19750
23496
25072
39039
48175
21428
47958
38924
44170
32479
26979
37506
30099
42951
23272
48714
22261
48538
29422
26015
43571
18543
16365
44026
34123
18973
19908
48938
24028
20459
29437
28610
24239
23717
21310
27636
23092
34998
34143
48134
33436
24040
45776
25574
21673
31742
18451
20681
29698
43613
18985
19361
41959
40290
27213
39644
35081
48742
24659
29312
27258
34146
19381
26696
48237
49045
32709
18664
23642
29096
44609
32922
47121
29017
42218
45226
26739
35121
16471
23481
24645
17145
44164
21218
33949
44368
20249
37941
34344
27242
21889
47637
37499
20436
31063
30871
26159
32591
25193
28955
37554
41946
45509
39499
26259
30855
43940
47858
37103
46390
38840
36279
33434
20734
45987
48222
20946
45401
41017
38110
35187
44185
38693
38774
25299
46909
33839
45878
45791
32806
30732
23042
33548
22558
29064
38858
20260
37875
35941
30755
30876
41797
31102
42215
18019
44278
46484
20073
29905
21522
36692
41266
29849
41868
36529
19191
44016
23252
24364
19401
21234
26795
26508
28481
34871
43400
19370
45807
46162
27140
48393
25896
38428
25146
42725
19457
30914
32243
27894
18510
44479
47742
31103
20934
31717
31543
20492
23386
17594
40740
41142
44093
20705
22401
35734
33907
41658
42528
38433
42223
46014
36501
32119
45841
18994
24814
28077
25612
41622
34101
47383
42723
43801
47062
30046
46033
17528
23280
30955
41500
34019
29620
27841
20559
28367
19164
46884
39092
32502
30861
24357
26613
46001
35363
21829
22057
33682
42568
19395
18217
44466
29516
43981
19035
21788
38489
26839
43338
16754
23524
40507
45793
28640
24131
41065
31164
30560
36880
23662
21135
33451
36430
23858
35338
43560
47905
47316
33467
45048
18164
29354
18488
32111
48212
41848
33855
23107
32345
48984
17397
32660
17860
18366
17693
32842
48476
24839
45392
27337
27345
41743
22598
18940
32564
17714
29756
36414
43454
22424
37996
48953
48551
41790
47290
32893
25468
21207
42544
18588
18915
37530
32831
38819
18803
16704
37520
38843
35623
30120
42126
48391
35779
29282
43070
19958
44276
34002
43320
43067
48619
40293
47237
31979
26389
45822
40161
41553
31147
27088
28469
29749
45165
39522
18149
47402
38435
21069
39230
46092
44784
19915
44628
21082
46436
20767
42362
23027
28503
32881
23622
21132
27869
38699
32872
17585
24332
32292
26322
27035
48819
43843
21888
44206
29793
20365
23562
36355
17403
34775
34320
27740
45047
34918
34835
24718
36498
40575
29883
32683
38624
18017
16623
48320
33848
24811
18557
41980
31056
42639
43279
36105
16415
25987
26195
32896
47811
37431
43592
22629
40462
33859
30341
37327
34739
46316
30760
21101
20146
30997
39692
38325
30780
48273
16772
29935
18461
44853
33271
46015
39337
18903
22648
16453
47677
45801
18962
30709
44422
46660
33098
18733
44181
17810
30478
22269
26429
48842
38375
34964
20577
26751
19655
26748
36964
27013
43903
30346
40387
47164
31950
26067
28297
37193
39375
30618
23318
20797
34661
27591
32102
44145
26951
32214
42026
30105
41657
43779
18259
26184
45930
31989
16555
47861
18564
33919
21705
32937
27266
22908
26666
17851
31463
29110
35460
18398
47664
24326
19542
17247
27143
47292
37572
18343
24505
46144
23970
46343
39658
45306
46031
46216
43460
21521
19374
46700
38957
18601
17131
18999
18061
32143
27753
44587
25273
41918
37264
26391
36924
36686
31621
45005
18590
48098
19676
44489
37603
16801
31286
42297
31831
43831
35802
17497
25877
22501
42328
40073
25803
45164
27837
45277
44836
37771
19213
44821
31045
46600
20716
26860
31442
45029
42762
47729
41452
41435
27806
41872
37939
45136
26059
48184
33568
24586
27959
25477
47320
38813
35011
20451
41463
36817
19124
47779
42428
40548
35200
32989
17060
27496
46534
39898
39567
20040
24496
44847
22849
24227
37804
25864
32637
42161
46801
40170
28706
38178
27544
29810
18018
32904
41448
28478
31652
21893
40403
48967
46918
38885
17184
42325
45431
39292
36379
22129
48992
40633
29535
24588
21019
43989
39224
44073
47159
20445
30249
39290
37659
18667
